Run Number,Run History Configuration ID,Instance ID,Response Value (y),Censored?,Cutoff Time Used,Seed,Runtime,Run Length,Run Result Code,Run Quality,SMAC Iteration,SMAC Cumulative Runtime,Run Result,Additional Algorithm Run Data,Wall Clock Time,
1,1,878,38.4271600246,0,2000.0,-1,38.4271600246,0.0,1,0.0,0,38.4271600246,SAT,,38.884,
2,1,1187,1853.79468012,0,2000.0,-1,1853.79468012,0.0,1,0.0,1,1892.2218401446,SAT,,1861.749,
3,2,878,37.5016419888,0,50.95790847052932,-1,37.5016419888,0.0,1,0.0,1,1929.7234821334,SAT,,39.681,
4,2,1187,60.2715299129,0,2000.0,-1,60.2715299129,0.0,1,0.0,1,1989.9950120463,SAT,,60.58,
5,2,2011,4427.62114,0,2000.0,-1,4427.62114,0.0,1,0.0,1,6417.6161520463,SAT,,4429.621,
6,3,2011,4301.03454018,0,2000.0,-1,4301.03454018,0.0,1,0.0,1,10718.6506922263,SAT,,4304.552,
7,3,1187,1830.91089797,0,1773.7361223328592,-1,1830.91089797,0.0,1,0.0,1,12549.5615901963,SAT,,1833.07,
8,2,954,1850.67505693,0,2000.0,-1,1850.67505693,0.0,1,0.0,2,14400.2366471263,SAT,,1862.255,
9,4,2011,3956.4425559,0,2000.0,-1,3956.4425559,0.0,1,0.0,2,18356.6792030263,SAT,,3957.902,
10,4,878,35.8621358871,0,2000.0,-1,35.8621358871,0.0,1,0.0,2,18392.541338913397,SAT,,36.434,
11,4,954,63.2740869522,0,2000.0,-1,63.2740869522,0.0,1,0.0,2,18455.815425865596,SAT,,63.723,
12,4,1187,1841.82202005,0,2000.0,-1,1841.82202005,0.0,1,0.0,2,20297.637445915596,SAT,,1847.901,
13,4,90,1847.06595302,0,2000.0,-1,1847.06595302,0.0,1,0.0,2,22144.703398935595,SAT,,1854.09,
14,5,1187,54.3950278759,0,2000.0,-1,54.3950278759,0.0,1,0.0,2,22199.098426811495,SAT,,54.801,
15,5,90,117.835792065,0,2000.0,-1,117.835792065,0.0,1,0.0,2,22316.934218876497,SAT,,119.155,
16,5,2011,4507.47947001,0,2000.0,-1,4507.47947001,0.0,1,0.0,2,26824.413688886496,SAT,,4511.302,
17,4,2687,1974.64498281,0,2000.0,-1,1974.64498281,0.0,1,0.0,3,28799.058671696497,SAT,,1975.279,
18,6,2011,4234.20633698,0,2000.0,-1,4234.20633698,0.0,1,0.0,3,33033.2650086765,SAT,,4234.993,
19,4,2300,6866.58363795,0,2000.0,-1,6866.58363795,0.0,1,0.0,3,39899.8486466265,SAT,,6867.132,
20,7,2011,3332.4180069,0,2000.0,-1,3332.4180069,0.0,1,0.0,3,43232.2666535265,SAT,,3342.364,
21,7,2300,7484.129246,0,2000.0,-1,7484.129246,0.0,1,0.0,3,50716.3958995265,SAT,,7487.513,
22,7,878,39.5193870068,0,131.85221002285482,-1,39.5193870068,0.0,1,0.0,3,50755.9152865333,SAT,,40.291,
23,7,954,1832.83908296,0,2000.0,-1,1832.83908296,0.0,1,0.0,3,52588.754369493305,SAT,,1833.356,
24,7,90,1834.79690695,0,2000.0,-1,1834.79690695,0.0,1,0.0,3,54423.55127644331,SAT,,1835.371,
25,7,1187,73.377808094,0,2000.0,-1,73.377808094,0.0,1,0.0,3,54496.92908453731,SAT,,73.828,
26,7,2687,1977.45406699,0,2000.0,-1,1977.45406699,0.0,1,0.0,3,56474.38315152731,SAT,,1977.711,
27,7,2440,1868.24747205,0,2000.0,-1,1868.24747205,0.0,1,0.0,4,58342.630623577315,SAT,,1869.363,
28,8,2687,499.289284945,0,2000.0,-1,499.289284945,0.0,1,0.0,4,58841.919908522315,SAT,,500.172,
29,8,2300,7047.322685,0,2000.0,-1,7047.322685,0.0,1,0.0,4,65889.24259352231,SAT,,7047.637,
30,8,90,132.526929855,0,2000.0,-1,132.526929855,0.0,1,0.0,4,66021.76952337731,SAT,,133.228,
31,8,1187,60.7880778313,0,2000.0,-1,60.7880778313,0.0,1,0.0,4,66082.55760120861,SAT,,62.426,
32,8,878,42.2482581139,0,2000.0,-1,42.2482581139,0.0,1,0.0,4,66124.80585932251,SAT,,42.753,
33,8,2440,1863.56594801,0,2000.0,-1,1863.56594801,0.0,1,0.0,4,67988.37180733251,SAT,,1864.812,
34,8,954,64.8692541122,0,2000.0,-1,64.8692541122,0.0,1,0.0,4,68053.24106144471,SAT,,65.052,
35,8,2011,4711.67724204,0,2000.0,-1,4711.67724204,0.0,1,0.0,4,72764.91830348471,SAT,,4714.991,
36,7,1403,1849.53506899,0,2000.0,-1,1849.53506899,0.0,1,0.0,4,74614.4533724747,SAT,,1858.057,
37,9,2440,1868.60064697,0,2000.0,-1,1868.60064697,0.0,1,0.0,4,76483.0540194447,SAT,,1870.137,
