Run Number,Run History Configuration ID,Instance ID,Response Value (y),Censored?,Cutoff Time Used,Seed,Runtime,Run Length,Run Result Code,Run Quality,SMAC Iteration,SMAC Cumulative Runtime,Run Result,Additional Algorithm Run Data,Wall Clock Time,
1,1,57,4.21951508522,0,2000.0,-1,4.21951508522,0.0,1,0.0,0,4.21951508522,SAT,,4.337,
2,1,13,4.99411010742,0,2000.0,-1,4.99411010742,0.0,2,0.0,1,9.21362519264,UNSAT,,5.037,
3,2,13,5.19912195206,0,7.494943578141928,-1,5.19912195206,0.0,2,0.0,1,14.412747144699999,UNSAT,,5.248,
4,1,80,4.66452002525,0,2000.0,-1,4.66452002525,0.0,2,0.0,1,19.077267169949998,UNSAT,,4.807,
5,3,13,4.92552495003,0,7.494943578141928,-1,4.92552495003,0.0,2,0.0,1,24.002792119979997,UNSAT,,4.952,
6,3,57,3.94640016556,0,12.64360750873685,-1,3.94640016556,0.0,1,0.0,1,27.949192285539997,SAT,,3.979,
7,3,80,4.09516096115,0,7.513287186968327,-1,4.09516096115,0.0,2,0.0,1,32.044353246689994,UNSAT,,4.124,
8,3,50,3.52656984329,0,2000.0,-1,3.52656984329,0.0,1,0.0,2,35.57092308997999,SAT,,3.549,
9,4,13,4.92886209488,0,7.405782573270798,-1,4.92886209488,0.0,2,0.0,2,40.499785184859995,UNSAT,,4.959,
10,3,9,1.96785902977,0,2000.0,-1,1.96785902977,0.0,2,0.0,2,42.46764421462999,UNSAT,,1.988,
11,5,57,3.5581510067,0,6.1329206343472,-1,3.5581510067,0.0,1,0.0,2,46.02579522132999,SAT,,3.601,
12,5,50,3.06173610687,0,8.652681846517325,-1,3.06173610687,0.0,1,0.0,2,49.087531328199994,SAT,,3.094,
13,5,9,1.97035193443,0,4.672425043183566,-1,1.97035193443,0.0,2,0.0,2,51.05788326262999,UNSAT,,1.99,
14,5,13,4.57145023346,0,13.840459276336432,-1,4.57145023346,0.0,2,0.0,2,55.62933349608999,UNSAT,,4.602,
15,5,80,3.64914679527,0,7.897574350583554,-1,3.64914679527,0.0,2,0.0,2,59.27848029135999,UNSAT,,3.671,
16,5,17,4.3465898037,0,2000.0,-1,4.3465898037,0.0,2,0.0,3,63.62507009505999,UNSAT,,4.382,
17,6,9,2.15470409393,0,3.5640586990594865,-1,2.15470409393,0.0,2,0.0,3,65.77977418898999,UNSAT,,2.192,
18,5,136,7.26615405083,0,2000.0,-1,7.26615405083,0.0,1,0.0,3,73.04592823981999,SAT,,7.311,
19,7,17,4.19622612,0,6.6531679484725,-1,4.19622612,0.0,2,0.0,3,77.24215435981999,UNSAT,,4.235,
20,7,136,3.6501019001,0,16.58955857937336,-1,3.6501019001,0.0,1,0.0,3,80.89225625991999,SAT,,3.672,
21,7,13,2000.0,0,11.844426196414233,-1,119.32475,0.0,-1,1.0E9,3,200.21700625991997,CRASHED,Run Exceeded Captime -- Treating as CRASHED;Killed Manually,125.605,
22,5,105,1801.55955005,0,2000.0,-1,1801.55955005,0.0,1,0.0,4,2001.7765563099201,SAT,,1801.597,
23,8,105,1801.66366005,0,2000.0,-1,1801.66366005,0.0,1,0.0,4,3803.44021635992,SAT,,1801.787,
24,5,56,4.3637650013,0,2000.0,-1,4.3637650013,0.0,1,0.0,4,3807.8039813612204,SAT,,4.547,
25,9,105,1801.60079408,0,2000.0,-1,1801.60079408,0.0,1,0.0,4,5609.40477544122,SAT,,1801.64,
26,5,5,4.80611801147,0,2000.0,-1,4.80611801147,0.0,2,0.0,5,5614.2108934526905,UNSAT,,4.849,
27,10,105,11.1662218571,0,2000.0,-1,11.1662218571,0.0,1,0.0,5,5625.3771153097905,SAT,,11.217,
28,10,13,1801.7829299,0,2000.0,-1,1801.7829299,0.0,2,0.0,5,7427.16004520979,UNSAT,,1801.814,
29,5,78,4.85781598091,0,2000.0,-1,4.85781598091,0.0,2,0.0,5,7432.0178611907,UNSAT,,4.88,
30,11,5,7.61210298538,0,7.250553824353219,-1,7.61210298538,0.0,2,0.0,5,7439.629964176081,UNSAT,,7.656,
31,5,55,5.96079993248,0,2000.0,-1,5.96079993248,0.0,1,0.0,6,7445.5907641085605,SAT,,5.991,
32,12,136,6.90625405312,0,10.448601179170609,-1,6.90625405312,0.0,1,0.0,6,7452.497018161681,SAT,,6.946,
33,12,9,8.37326717377,0,9.977413423705102,-1,8.37326717377,0.0,2,0.0,6,7460.870285335451,UNSAT,,8.401,
34,5,109,1400.25463009,0,2000.0,-1,1400.25463009,0.0,1,0.0,6,8861.124915425451,SAT,,1400.301,
35,13,80,4.96010804176,0,5.74649170820713,-1,4.96010804176,0.0,2,0.0,6,8866.08502346721,UNSAT,,5.065,
36,5,24,4.92960190773,0,2000.0,-1,4.92960190773,0.0,2,0.0,7,8871.01462537494,UNSAT,,4.974,
37,14,13,5.8801150322,0,6.945486449050904,-1,5.8801150322,0.0,2,0.0,7,8876.89474040714,UNSAT,,5.904,
38,5,89,16.5693750381,0,2000.0,-1,16.5693750381,0.0,1,0.0,7,8893.46411544524,SAT,,16.606,
39,15,50,3.38815307617,0,4.982857115912438,-1,3.38815307617,0.0,1,0.0,7,8896.85226852141,SAT,,3.427,
40,5,122,17.254201889,0,2000.0,-1,17.254201889,0.0,1,0.0,8,8914.10647041041,SAT,,17.276,
41,16,56,17.110213995,0,6.67549482395053,-1,17.110213995,0.0,1,0.0,8,8931.21668440541,SAT,,17.138,
42,5,64,5.12876200676,0,2000.0,-1,5.12876200676,0.0,1,0.0,8,8936.34544641217,SAT,,5.155,
43,17,105,1801.46505809,0,2000.0,-1,1801.46505809,0.0,1,0.0,8,10737.81050450217,SAT,,1801.505,
44,17,57,3.6716299057,0,13.50267584283948,-1,3.6716299057,0.0,1,0.0,8,10741.48213440787,SAT,,3.755,
45,17,55,4.07986998558,0,8.729557682174445,-1,4.07986998558,0.0,1,0.0,8,10745.56200439345,SAT,,4.098,
46,17,56,4.67228293419,0,24.075921800333266,-1,4.67228293419,0.0,1,0.0,8,10750.234287327641,SAT,,4.71,
47,17,80,4.5021109581,0,18.001954712319375,-1,4.5021109581,0.0,2,0.0,8,10754.73639828574,UNSAT,,4.529,
48,17,50,3.43533110619,0,12.14921026338935,-1,3.43533110619,0.0,1,0.0,8,10758.17172939193,SAT,,3.467,
49,17,5,5.13579487801,0,7.683279447603226,-1,5.13579487801,0.0,2,0.0,8,10763.30752426994,UNSAT,,5.177,
50,5,143,56.4435899258,0,2000.0,-1,56.4435899258,0.0,1,0.0,9,10819.75111419574,SAT,,56.475,
51,18,55,5.25441384315,0,8.75163999234438,-1,5.25441384315,0.0,1,0.0,9,10825.00552803889,SAT,,5.328,
52,18,5,7.83642482758,0,14.486616559672356,-1,7.83642482758,0.0,2,0.0,9,10832.841952866469,UNSAT,,7.867,
53,18,78,4.81737399101,0,4.29926439036727,-1,4.81737399101,0.0,2,0.0,9,10837.65932685748,UNSAT,,4.852,
54,5,144,87.0072860718,0,2000.0,-1,87.0072860718,0.0,1,0.0,9,10924.666612929279,SAT,,87.032,
55,19,80,4.51608991623,0,5.74649170820713,-1,4.51608991623,0.0,2,0.0,9,10929.182702845508,UNSAT,,4.551,
56,5,54,4.66977095604,0,2000.0,-1,4.66977095604,0.0,1,0.0,10,10933.852473801548,SAT,,4.705,
57,18,9,0.0,1,0.0,-1,0.0,0.0,0,0.0,10,10933.852473801548,TIMEOUT,Processed by ca.ubc.cs.beta.aeatk.targetalgorithmevaluator.decorators.helpers.CompleteZeroSecondCutoffRunsTargetAlgorithmEvaluatorDecorator,0.0,
58,5,6,412.010416031,0,2000.0,-1,412.010416031,0.0,2,0.0,10,11345.862889832548,UNSAT,,412.051,
59,20,64,4.56051802635,0,7.6699918027699,-1,4.56051802635,0.0,1,0.0,10,11350.423407858898,SAT,,4.591,
60,20,80,4.61715602875,0,12.160703622150422,-1,4.61715602875,0.0,2,0.0,10,11355.040563887647,UNSAT,,4.675,
61,20,56,5.55668783188,0,6.158400223004818,-1,5.55668783188,0.0,1,0.0,10,11360.597251719528,SAT,,5.602,
62,5,147,20.0459449291,0,2000.0,-1,20.0459449291,0.0,1,0.0,11,11380.643196648627,SAT,,20.08,
63,21,78,4.09038591385,0,7.317760855305195,-1,4.09038591385,0.0,2,0.0,11,11384.733582562478,UNSAT,,4.128,
64,21,54,5.96307516098,0,13.746456604796649,-1,5.96307516098,0.0,1,0.0,11,11390.696657723458,SAT,,5.984,
65,21,56,6.01495289803,0,5.994459137666225,-1,6.01495289803,0.0,1,0.0,11,11396.711610621487,SAT,,6.056,
66,5,51,1801.49453592,0,2000.0,-1,1801.49453592,0.0,1,0.0,11,13198.206146541488,SAT,,1801.54,
67,22,64,4.98150396347,0,7.6699918027699,-1,4.98150396347,0.0,1,0.0,11,13203.187650504959,SAT,,5.031,
68,22,54,4.4780459404,0,120.37680986185671,-1,4.4780459404,0.0,1,0.0,11,13207.665696445358,SAT,,4.524,
69,22,144,78.7832448483,0,114.55535040085317,-1,78.7832448483,0.0,1,0.0,11,13286.448941293658,SAT,,78.83,
70,22,57,9.17966580391,0,2000.0,-1,9.17966580391,0.0,1,0.0,11,13295.628607097568,SAT,,9.22,
71,22,136,9.34695315361,0,2000.0,-1,9.34695315361,0.0,1,0.0,11,13304.975560251178,SAT,,9.373,
72,22,50,3.72915077209,0,2000.0,-1,3.72915077209,0.0,1,0.0,11,13308.704711023267,SAT,,3.772,
73,22,105,39.9491209984,0,2000.0,-1,39.9491209984,0.0,1,0.0,11,13348.653832021668,SAT,,39.989,
74,22,80,4.214001894,0,2000.0,-1,4.214001894,0.0,2,0.0,11,13352.867833915669,UNSAT,,4.25,
75,22,78,4.43265080452,0,2000.0,-1,4.43265080452,0.0,2,0.0,11,13357.300484720188,UNSAT,,4.479,
76,22,147,4.021723032,0,2000.0,-1,4.021723032,0.0,1,0.0,11,13361.322207752188,SAT,,4.047,
77,22,109,83.0581150055,0,2000.0,-1,83.0581150055,0.0,1,0.0,11,13444.380322757688,SAT,,83.106,
78,22,122,5.37301492691,0,2000.0,-1,5.37301492691,0.0,1,0.0,11,13449.753337684599,SAT,,5.408,
79,22,13,4.75015711784,0,2000.0,-1,4.75015711784,0.0,2,0.0,11,13454.503494802439,UNSAT,,4.811,
80,22,6,12.6298449039,0,2000.0,-1,12.6298449039,0.0,2,0.0,11,13467.133339706339,UNSAT,,12.665,
81,22,51,442.571919918,0,2000.0,-1,442.571919918,0.0,1,0.0,11,13909.70525962434,SAT,,442.606,
82,22,55,5.23588299751,0,2000.0,-1,5.23588299751,0.0,1,0.0,11,13914.941142621848,SAT,,5.285,
83,22,17,5.43965387344,0,2000.0,-1,5.43965387344,0.0,2,0.0,11,13920.380796495288,UNSAT,,5.476,
84,22,24,5.06031799316,0,2000.0,-1,5.06031799316,0.0,2,0.0,11,13925.441114488449,UNSAT,,5.096,
85,22,5,5.2640209198,0,2000.0,-1,5.2640209198,0.0,2,0.0,11,13930.705135408249,UNSAT,,5.301,
86,22,56,215.420814037,0,2000.0,-1,215.420814037,0.0,1,0.0,11,14146.125949445248,SAT,,215.463,
87,22,9,78.6808540821,0,2000.0,-1,78.6808540821,0.0,2,0.0,11,14224.806803527348,UNSAT,,78.726,
88,22,143,53.6715769768,0,2000.0,-1,53.6715769768,0.0,1,0.0,11,14278.478380504148,SAT,,53.712,
89,22,89,5.45917201042,0,2000.0,-1,5.45917201042,0.0,1,0.0,11,14283.937552514568,SAT,,5.507,
90,22,29,9.39483380318,0,2000.0,-1,9.39483380318,0.0,2,0.0,12,14293.332386317748,UNSAT,,9.481,
91,23,29,7.01365613937,0,13.215884276080132,-1,7.01365613937,0.0,2,0.0,12,14300.346042457119,UNSAT,,7.059,
92,23,17,5.62218999863,0,17.347485840666295,-1,5.62218999863,0.0,2,0.0,12,14305.968232455749,UNSAT,,5.658,
93,23,13,5.29924201965,0,10.03863829036355,-1,5.29924201965,0.0,2,0.0,12,14311.267474475399,UNSAT,,5.329,
94,23,50,3.25497293472,0,605.2432168166816,-1,3.25497293472,0.0,1,0.0,12,14314.522447410118,SAT,,3.302,
95,23,6,40.293610096,0,601.0117526989162,-1,40.293610096,0.0,2,0.0,12,14354.816057506117,UNSAT,,40.333,
96,23,80,9.0602889061,0,548.6300588477135,-1,9.0602889061,0.0,2,0.0,12,14363.876346412217,UNSAT,,9.089,
97,23,51,19.1728279591,0,536.8516834344447,-1,19.1728279591,0.0,1,0.0,12,14383.049174371317,SAT,,19.213,
98,23,143,70.8812539577,0,829.7510266195715,-1,70.8812539577,0.0,1,0.0,12,14453.930428329017,SAT,,70.916,
99,23,122,4.04451918602,0,737.6053963679552,-1,4.04451918602,0.0,1,0.0,12,14457.974947515037,SAT,,4.073,
100,23,64,4.78553104401,0,732.3475219201028,-1,4.78553104401,0.0,1,0.0,12,14462.760478559047,SAT,,4.823,
101,23,109,1801.66503882,0,726.1263313594937,-1,1801.66503882,0.0,1,0.0,12,16264.425517379046,SAT,,1801.713,
102,22,68,7.16193199158,0,2000.0,-1,7.16193199158,0.0,2,0.0,12,16271.587449370627,UNSAT,,7.197,
103,24,109,2000.0,0,108.97814993594886,-1,1091.8929500000002,0.0,-1,1.0E9,12,17363.480399370626,CRASHED,Run Exceeded Captime -- Treating as CRASHED;Killed Manually,1149.361,
104,22,120,1801.86880088,0,2000.0,-1,1801.86880088,0.0,1,0.0,13,19165.349200250625,SAT,,1801.901,
105,25,68,5.41728591919,0,10.31311199848652,-1,5.41728591919,0.0,2,0.0,13,19170.766486169814,UNSAT,,5.632,
106,25,64,2.97554993629,0,16.592423141348362,-1,2.97554993629,0.0,1,0.0,13,19173.742036106105,SAT,,3.014,
107,25,5,3.76998615265,0,12.724207517105341,-1,3.76998615265,0.0,2,0.0,13,19177.512022258754,UNSAT,,3.819,
108,25,24,3.91608309746,0,43.33933953975439,-1,3.91608309746,0.0,2,0.0,13,19181.428105356215,UNSAT,,3.943,
109,25,50,3.16058301926,0,38.248431764888764,-1,3.16058301926,0.0,1,0.0,13,19184.588688375476,SAT,,3.196,
110,25,136,4.4527220726,0,34.1396740529418,-1,4.4527220726,0.0,1,0.0,13,19189.041410448077,SAT,,4.471,
111,25,57,7.27302885056,0,28.35113526170254,-1,7.27302885056,0.0,1,0.0,13,19196.314439298636,SAT,,7.311,
112,25,80,9.82735514641,0,2000.0,-1,9.82735514641,0.0,2,0.0,13,19206.141794445048,UNSAT,,9.869,
113,25,29,11.5375809669,0,2000.0,-1,11.5375809669,0.0,2,0.0,13,19217.679375411946,UNSAT,,11.575,
114,25,122,5.39706993103,0,2000.0,-1,5.39706993103,0.0,1,0.0,13,19223.076445342977,SAT,,5.425,
115,25,144,1801.674932,0,2000.0,-1,1801.674932,0.0,1,0.0,13,21024.751377342975,SAT,,1801.719,
116,25,54,4.15115904808,0,225.33165951107742,-1,4.15115904808,0.0,1,0.0,13,21028.902536391055,SAT,,4.197,
117,25,120,1801.452811,0,219.93515285511614,-1,1801.452811,0.0,1,0.0,13,22830.355347391054,SAT,,1801.493,
118,22,150,14.0599110126,0,2000.0,-1,14.0599110126,0.0,1,0.0,13,22844.415258403653,SAT,,14.085,
119,26,17,4.89036393166,0,8.07415050302744,-1,4.89036393166,0.0,2,0.0,13,22849.305622335312,UNSAT,,4.946,
120,26,105,19.08827281,0,60.75005884130597,-1,19.08827281,0.0,1,0.0,13,22868.393895145313,SAT,,19.111,
121,26,89,3.97257018089,0,35.93530402367115,-1,3.97257018089,0.0,1,0.0,13,22872.366465326202,SAT,,3.996,
122,26,55,8.02593898773,0,2000.0,-1,8.02593898773,0.0,1,0.0,13,22880.39240431393,SAT,,8.064,
123,26,109,1801.47504616,0,2000.0,-1,1801.47504616,0.0,1,0.0,13,24681.867450473932,SAT,,1801.511,
124,26,9,14.9449541569,0,237.92163095285298,-1,14.9449541569,0.0,2,0.0,13,24696.812404630833,UNSAT,,15.028,
125,26,120,290.022854805,0,218.49318974499704,-1,290.022854805,0.0,1,0.0,13,24986.835259435833,SAT,,290.063,
126,22,133,34.6681308746,0,2000.0,-1,34.6681308746,0.0,1,0.0,14,25021.503390310434,SAT,,34.696,
127,27,6,2000.0,0,17.421399046081305,-1,175.1287,0.0,-1,1.0E9,14,25196.632090310435,CRASHED,Run Exceeded Captime -- Treating as CRASHED;Killed Manually,184.346,
128,22,66,113.626374006,0,2000.0,-1,113.626374006,0.0,2,0.0,14,25310.258464316434,UNSAT,,113.661,
129,28,78,3.46853899956,0,6.765046891170741,-1,3.46853899956,0.0,2,0.0,14,25313.727003315995,UNSAT,,3.533,
130,28,143,17.7883989811,0,78.83824341778755,-1,17.7883989811,0.0,1,0.0,14,25331.515402297096,SAT,,17.833,
131,28,55,7.84111499786,0,55.713324703621865,-1,7.84111499786,0.0,1,0.0,14,25339.356517294957,SAT,,7.862,
132,28,29,932.41092205,0,173.1750093292177,-1,932.41092205,0.0,2,0.0,14,26271.767439344956,UNSAT,,932.439,
133,22,110,20.8576021194,0,2000.0,-1,20.8576021194,0.0,1,0.0,15,26292.625041464355,SAT,,20.892,
134,29,24,5.70608592033,0,7.581013616520167,-1,5.70608592033,0.0,2,0.0,15,26298.331127384685,UNSAT,,5.749,
135,22,4,11.9313220978,0,2000.0,-1,11.9313220978,0.0,2,0.0,15,26310.262449482485,UNSAT,,11.953,
136,30,66,2000.0,0,148.71688642387392,-1,1488.08,0.0,-1,1.0E9,15,27798.342449482487,CRASHED,Run Exceeded Captime -- Treating as CRASHED;Killed Manually,1566.4,
137,22,45,8.1962480545,0,2000.0,-1,8.1962480545,0.0,1,0.0,16,27806.538697536987,SAT,,8.225,
138,31,64,4.66573095322,0,7.478555281060935,-1,4.66573095322,0.0,1,0.0,16,27811.204428490208,SAT,,4.72,
139,31,109,1801.43235898,0,179.16430475969912,-1,1801.43235898,0.0,1,0.0,16,29612.63678747021,SAT,,1801.456,
140,22,146,51.2955667973,0,2000.0,-1,51.2955667973,0.0,1,0.0,16,29663.93235426751,SAT,,51.4,
141,32,110,7.64035916328,0,28.117483377802376,-1,7.64035916328,0.0,1,0.0,16,29671.57271343079,SAT,,7.691,
142,32,45,7.19359493256,0,35.91428835724592,-1,7.19359493256,0.0,1,0.0,16,29678.76630836335,SAT,,7.232,
143,32,17,4.85502195358,0,26.562615845698122,-1,4.85502195358,0.0,2,0.0,16,29683.621330316928,UNSAT,,4.898,
144,32,144,91.2057011127,0,283.70012081076504,-1,91.2057011127,0.0,1,0.0,16,29774.827031429628,SAT,,91.237,
145,32,55,4.97684788704,0,165.13270920922162,-1,4.97684788704,0.0,1,0.0,16,29779.803879316667,SAT,,4.998,
146,32,9,952.592012882,0,158.662806626755,-1,952.592012882,0.0,2,0.0,16,30732.395892198667,UNSAT,,952.614,
