Run Number,Run History Configuration ID,Instance ID,Response Value (y),Censored?,Cutoff Time Used,Seed,Runtime,Run Length,Run Result Code,Run Quality,SMAC Iteration,SMAC Cumulative Runtime,Run Result,Additional Algorithm Run Data,Wall Clock Time,
1,1,63,3.9358150959,0,2000.0,-1,3.9358150959,0.0,1,0.0,0,3.9358150959,SAT,,4.047,
2,1,121,3.86605000496,0,2000.0,-1,3.86605000496,0.0,1,0.0,1,7.80186510086,SAT,,3.983,
3,2,63,4.83217191696,0,6.119160808968544,-1,4.83217191696,0.0,1,0.0,1,12.634037017819999,SAT,,4.885,
4,1,56,5.79561710358,0,2000.0,-1,5.79561710358,0.0,1,0.0,1,18.4296541214,SAT,,5.829,
5,3,56,4.59955787659,0,8.536903176802397,-1,4.59955787659,0.0,1,0.0,1,23.029211997989997,SAT,,4.634,
6,3,63,3.33712887764,0,12.702501740652323,-1,3.33712887764,0.0,1,0.0,1,26.366340875629998,SAT,,3.369,
7,3,121,3.25562596321,0,8.364235226410628,-1,3.25562596321,0.0,1,0.0,1,29.62196683884,SAT,,3.271,
8,3,47,4.38043189049,0,2000.0,-1,4.38043189049,0.0,1,0.0,2,34.00239872933,SAT,,4.403,
9,4,63,3.31557583809,0,5.34086803753972,-1,3.31557583809,0.0,1,0.0,2,37.317974567419995,SAT,,3.351,
10,4,56,16.1472151279,0,11.244959093976021,-1,16.1472151279,0.0,1,0.0,2,53.46518969531999,SAT,,16.165,
11,3,91,3.67323493958,0,2000.0,-1,3.67323493958,0.0,1,0.0,2,57.13842463489999,SAT,,3.702,
12,5,91,3.34339690208,0,5.777805753397941,-1,3.34339690208,0.0,1,0.0,2,60.48182153697999,SAT,,3.375,
13,5,121,3.19653892517,0,11.360864889222384,-1,3.19653892517,0.0,1,0.0,2,63.678360462149996,SAT,,3.227,
14,5,47,3.89087796211,0,7.205364935445786,-1,3.89087796211,0.0,1,0.0,2,67.56923842425999,SAT,,3.921,
15,5,63,3.24037599564,0,12.467515644031764,-1,3.24037599564,0.0,1,0.0,2,70.80961441989999,SAT,,3.271,
16,5,56,22.3232250214,0,8.25502713059187,-1,22.3232250214,0.0,1,0.0,2,93.13283944129998,SAT,,22.349,
17,3,136,4.02957487106,0,2000.0,-1,4.02957487106,0.0,1,0.0,3,97.16241431235999,SAT,,4.076,
18,6,136,4.27988100052,0,6.241047557789088,-1,4.27988100052,0.0,1,0.0,3,101.44229531287999,SAT,,4.302,
19,3,55,4.45848011971,0,2000.0,-1,4.45848011971,0.0,1,0.0,3,105.90077543259,SAT,,4.5,
20,7,121,3.64098000526,0,5.2349143553256985,-1,3.64098000526,0.0,1,0.0,3,109.54175543785,SAT,,3.678,
21,3,103,1801.42710805,0,2000.0,-1,1801.42710805,0.0,1,0.0,4,1910.96886348785,SAT,,1801.494,
22,8,55,5.47185611725,0,6.798624981540442,-1,5.47185611725,0.0,1,0.0,4,1916.4407196051,SAT,,5.534,
23,3,64,4.46271395683,0,2000.0,-1,4.46271395683,0.0,1,0.0,4,1920.90343356193,SAT,,4.497,
24,9,56,22.8725850582,0,6.9820259589433675,-1,22.8725850582,0.0,1,0.0,4,1943.77601862013,SAT,,22.909,
25,3,94,4.16348099709,0,2000.0,-1,4.16348099709,0.0,1,0.0,5,1947.9394996172198,SAT,,4.199,
26,10,94,3.90478992462,0,6.415125996220112,-1,3.90478992462,0.0,1,0.0,5,1951.8442895418398,SAT,,3.948,
27,10,91,4.64124011993,0,2000.0,-1,4.64124011993,0.0,1,0.0,5,1956.4855296617698,SAT,,4.676,
28,10,103,1801.61645699,0,2000.0,-1,1801.61645699,0.0,1,0.0,5,3758.10198665177,SAT,,1801.64,
29,3,23,6.48335695267,0,2000.0,-1,6.48335695267,0.0,2,0.0,5,3764.58534360444,UNSAT,,6.537,
30,11,56,4.32326507568,0,6.9820259589433675,-1,4.32326507568,0.0,1,0.0,5,3768.90860868012,SAT,,4.437,
31,11,136,9.5532310009,0,12.398853328424693,-1,9.5532310009,0.0,1,0.0,5,3778.4618396810197,SAT,,9.597,
32,3,60,5.08431887627,0,2000.0,-1,5.08431887627,0.0,1,0.0,6,3783.54615855729,SAT,,5.127,
33,12,63,4.08170795441,0,5.34086803753972,-1,4.08170795441,0.0,1,0.0,6,3787.6278665116997,SAT,,4.124,
34,3,152,78.3708968163,0,2000.0,-1,78.3708968163,0.0,1,0.0,6,3865.9987633279998,SAT,,78.409,
35,13,63,4.23771595955,0,5.34086803753972,-1,4.23771595955,0.0,1,0.0,6,3870.2364792875496,SAT,,4.285,
36,3,44,5.15851187706,0,2000.0,-1,5.15851187706,0.0,1,0.0,7,3875.3949911646096,SAT,,5.197,
37,14,56,6.32156705856,0,6.9820259589433675,-1,6.32156705856,0.0,1,0.0,7,3881.7165582231696,SAT,,6.355,
38,3,57,4.9591190815,0,2000.0,-1,4.9591190815,0.0,1,0.0,7,3886.6756773046695,SAT,,4.999,
39,15,57,3.95400118828,0,7.449455641555787,-1,3.95400118828,0.0,1,0.0,7,3890.6296784929496,SAT,,3.996,
40,15,152,115.531798124,0,108.53228679706456,-1,115.531798124,0.0,1,0.0,7,4006.1614766169496,SAT,,115.567,
41,3,35,171.789455891,0,2000.0,-1,171.789455891,0.0,1,0.0,8,4177.95093250795,SAT,,171.833,
42,16,121,3.76939201355,0,5.2349143553256985,-1,3.76939201355,0.0,1,0.0,8,4181.7203245215,SAT,,3.825,
43,3,143,65.131000042,0,2000.0,-1,65.131000042,0.0,1,0.0,8,4246.8513245634995,SAT,,65.175,
44,17,44,4.28939795494,0,7.708665810871125,-1,4.28939795494,0.0,1,0.0,8,4251.140722518439,SAT,,4.336,
45,17,23,6.77607893944,0,15.338617924946547,-1,6.77607893944,0.0,2,0.0,8,4257.916801457879,UNSAT,,6.809,
46,17,91,3.37883591652,0,6.529715739536286,-1,3.37883591652,0.0,1,0.0,8,4261.295637374399,SAT,,3.419,
47,17,64,5.9619550705,0,2000.0,-1,5.9619550705,0.0,1,0.0,8,4267.257592444899,SAT,,6.006,
48,17,103,426.092931032,0,2000.0,-1,426.092931032,0.0,1,0.0,8,4693.350523476899,SAT,,426.12,
49,17,63,4.3122959137,0,1797.878638550985,-1,4.3122959137,0.0,1,0.0,8,4697.662819390599,SAT,,4.352,
50,17,94,3.88446116447,0,1792.2726532336058,-1,3.88446116447,0.0,1,0.0,8,4701.547280555069,SAT,,3.919,
51,17,47,4.07030701637,0,2000.0,-1,4.07030701637,0.0,1,0.0,8,4705.617587571439,SAT,,4.099,
52,17,55,9.47891879082,0,2000.0,-1,9.47891879082,0.0,1,0.0,8,4715.096506362259,SAT,,9.497,
53,17,35,1802.25970697,0,2000.0,-1,1802.25970697,0.0,1,0.0,8,6517.356213332259,SAT,,1802.29,
54,3,109,669.820838928,0,2000.0,-1,669.820838928,0.0,1,0.0,9,7187.177052260259,SAT,,669.854,
55,18,63,3.68522596359,0,5.34086803753972,-1,3.68522596359,0.0,1,0.0,9,7190.862278223849,SAT,,3.754,
56,3,131,5.00220990181,0,2000.0,-1,5.00220990181,0.0,1,0.0,9,7195.864488125659,SAT,,5.027,
57,19,143,2000.0,0,85.67290062864424,-1,857.70275,0.0,-1,1.0E9,9,8053.567238125659,CRASHED,Run Exceeded Captime -- Treating as CRASHED;Killed Manually,902.845,
58,3,126,4.18373298645,0,2000.0,-1,4.18373298645,0.0,1,0.0,10,8057.750971112109,SAT,,4.229,
59,20,64,3.99259996414,0,6.804128911691905,-1,3.99259996414,0.0,1,0.0,10,8061.743571076249,SAT,,4.04,
60,20,91,4.64327287674,0,12.187577959495783,-1,4.64327287674,0.0,1,0.0,10,8066.38684395299,SAT,,4.673,
61,20,55,4.05309987068,0,6.151323568421602,-1,4.05309987068,0.0,1,0.0,10,8070.43994382367,SAT,,4.097,
62,3,130,24.7446000576,0,2000.0,-1,24.7446000576,0.0,1,0.0,10,8095.18454388127,SAT,,24.774,
63,21,126,4.59120893478,0,6.44145308842063,-1,4.59120893478,0.0,1,0.0,10,8099.77575281605,SAT,,4.624,
64,3,113,975.325303078,0,2000.0,-1,975.325303078,0.0,1,0.0,11,9075.10105589405,SAT,,975.363,
65,22,56,2000.0,0,6.9820259589433675,-1,70.4349,0.0,-1,1.0E9,11,9145.53595589405,CRASHED,Run Exceeded Captime -- Treating as CRASHED;Killed Manually,74.142,
66,3,21,369.061321974,0,2000.0,-1,369.061321974,0.0,2,0.0,11,9514.597277868052,UNSAT,,369.082,
67,23,143,840.090936184,0,85.67290062864424,-1,840.090936184,0.0,1,0.0,11,10354.688214052052,SAT,,840.172,
68,3,15,19.3615911007,0,2000.0,-1,19.3615911007,0.0,2,0.0,12,10374.049805152752,UNSAT,,19.4,
69,24,109,1801.60006595,0,871.7696917135,-1,1801.60006595,0.0,1,0.0,12,12175.649871102753,SAT,,1801.653,
70,3,140,3.94579601288,0,2000.0,-1,3.94579601288,0.0,1,0.0,12,12179.595667115633,SAT,,3.969,
71,25,47,5.3048889637,0,6.697161857384444,-1,5.3048889637,0.0,1,0.0,12,12184.900556079332,SAT,,5.35,
72,3,66,255.975044012,0,2000.0,-1,255.975044012,0.0,2,0.0,13,12440.875600091333,UNSAT,,256.02,
73,26,109,117.066827059,0,871.7696917135,-1,117.066827059,0.0,1,0.0,13,12557.942427150332,SAT,,117.109,
74,26,23,5.13075208664,0,732.3520475890219,-1,5.13075208664,0.0,2,0.0,13,12563.073179236972,UNSAT,,5.175,
75,26,63,3.93531298637,0,725.6820700023055,-1,3.93531298637,0.0,1,0.0,13,12567.008492223342,SAT,,3.974,
76,26,44,5.5714430809,0,989.3813154551864,-1,5.5714430809,0.0,1,0.0,13,12572.579935304242,SAT,,5.61,
77,26,60,4.3559589386,0,982.1384400021017,-1,4.3559589386,0.0,1,0.0,13,12576.935894242843,SAT,,4.397,
78,26,35,1802.54972792,0,976.475692529577,-1,1802.54972792,0.0,1,0.0,13,14379.485622162843,SAT,,1802.582,
79,3,108,6.48522591591,0,2000.0,-1,6.48522591591,0.0,1,0.0,13,14385.970848078754,SAT,,6.514,
80,27,131,4.28583216667,0,7.505473204302788,-1,4.28583216667,0.0,1,0.0,13,14390.256680245424,SAT,,4.332,
81,27,94,4.25591802597,0,92.01931710203291,-1,4.25591802597,0.0,1,0.0,13,14394.512598271394,SAT,,4.297,
82,27,143,15.1070170403,0,86.48662389104368,-1,15.1070170403,0.0,1,0.0,13,14409.619615311694,SAT,,15.129,
83,27,60,5.53176307678,0,591.2115425694466,-1,5.53176307678,0.0,1,0.0,13,14415.151378388475,SAT,,5.556,
84,27,64,7.15974998474,0,584.0202510248602,-1,7.15974998474,0.0,1,0.0,13,14422.311128373214,SAT,,7.189,
85,27,21,9.28180909157,0,574.7125760543823,-1,9.28180909157,0.0,2,0.0,13,14431.592937464784,UNSAT,,9.306,
86,27,130,4.80544400215,0,562.6462237801135,-1,4.80544400215,0.0,1,0.0,13,14436.398381466934,SAT,,4.836,
87,27,66,219.472154856,0,2000.0,-1,219.472154856,0.0,2,0.0,13,14655.870536322933,UNSAT,,219.507,
88,27,109,1801.78148007,0,2000.0,-1,1801.78148007,0.0,1,0.0,13,16457.652016392934,SAT,,1801.816,
89,27,91,4.49853110313,0,427.36572389339204,-1,4.49853110313,0.0,1,0.0,13,16462.150547496065,SAT,,4.614,
90,27,113,1801.71649003,0,421.5176334496319,-1,1801.71649003,0.0,1,0.0,13,18263.867037526066,SAT,,1801.812,
91,3,28,5.42720580101,0,2000.0,-1,5.42720580101,0.0,2,0.0,14,18269.294243327076,UNSAT,,5.455,
92,28,44,6.5825381279,0,7.708665810871125,-1,6.5825381279,0.0,1,0.0,14,18275.876781454976,SAT,,6.727,
93,3,83,708.984631062,0,2000.0,-1,708.984631062,0.0,1,0.0,14,18984.861412516977,SAT,,709.008,
94,29,83,393.876361132,0,922.6826207603991,-1,393.876361132,0.0,1,0.0,14,19378.737773648976,SAT,,393.904,
95,29,47,4.19796299934,0,420.6787804964661,-1,4.19796299934,0.0,1,0.0,14,19382.935736648316,SAT,,4.231,
96,29,63,3.39244222641,0,415.22142913972135,-1,3.39244222641,0.0,1,0.0,14,19386.328178874726,SAT,,3.419,
97,29,28,4.59612298012,0,2000.0,-1,4.59612298012,0.0,2,0.0,14,19390.924301854848,UNSAT,,4.63,
98,29,131,4.41774582863,0,2000.0,-1,4.41774582863,0.0,1,0.0,14,19395.342047683476,SAT,,4.449,
99,29,121,4.15968084335,0,2000.0,-1,4.15968084335,0.0,1,0.0,14,19399.501728526826,SAT,,4.199,
100,29,103,1801.42482114,0,2000.0,-1,1801.42482114,0.0,1,0.0,14,21200.926549666827,SAT,,1801.46,
101,29,113,1801.25200295,0,2000.0,-1,1801.25200295,0.0,1,0.0,14,23002.178552616828,SAT,,1801.283,
102,29,136,4.40214800835,0,348.1690482128143,-1,4.40214800835,0.0,1,0.0,14,23006.580700625178,SAT,,4.457,
103,29,130,4.34907507896,0,342.4462551142752,-1,4.34907507896,0.0,1,0.0,14,23010.92977570414,SAT,,4.372,
104,29,143,1801.75127602,0,336.7924584898829,-1,1801.75127602,0.0,1,0.0,14,24812.68105172414,SAT,,1801.79,
105,3,2,1801.89576697,0,2000.0,-1,1801.89576697,0.0,2,0.0,15,26614.57681869414,UNSAT,,1801.922,
106,30,143,2000.0,0,85.67290062864424,-1,857.4728499999999,0.0,-1,1.0E9,15,27472.049668694137,CRASHED,Run Exceeded Captime -- Treating as CRASHED;Killed Manually,902.603,
107,3,69,4.71620988846,0,2000.0,-1,4.71620988846,0.0,2,0.0,15,27476.765878582595,UNSAT,,4.751,
108,31,126,4.73595404625,0,6.44145308842063,-1,4.73595404625,0.0,1,0.0,15,27481.501832628845,SAT,,4.809,
109,3,153,68.8020031452,0,2000.0,-1,68.8020031452,0.0,1,0.0,16,27550.303835774044,SAT,,68.837,
110,32,60,4.22903108597,0,7.612215064811707,-1,4.22903108597,0.0,1,0.0,16,27554.532866860016,SAT,,4.276,
111,32,35,112.370558977,0,229.78163546730877,-1,112.370558977,0.0,1,0.0,16,27666.903425837016,SAT,,112.402,
112,32,63,3.72978210449,0,83.69990874861479,-1,3.72978210449,0.0,1,0.0,16,27670.633207941504,SAT,,3.752,
113,32,140,3.42893218994,0,2000.0,-1,3.42893218994,0.0,1,0.0,16,27674.062140131446,SAT,,3.468,
114,32,21,8.89299893379,0,2000.0,-1,8.89299893379,0.0,2,0.0,16,27682.955139065234,UNSAT,,8.919,
115,32,56,5.10248112679,0,2000.0,-1,5.10248112679,0.0,1,0.0,16,27688.057620192023,SAT,,5.154,
116,32,2,385.30047822,0,2000.0,-1,385.30047822,0.0,2,0.0,16,28073.358098412024,UNSAT,,385.324,
117,32,91,3.7898581028,0,2000.0,-1,3.7898581028,0.0,1,0.0,16,28077.147956514822,SAT,,3.834,
118,32,131,3.82231092453,0,2000.0,-1,3.82231092453,0.0,1,0.0,16,28080.970267439352,SAT,,3.849,
119,32,130,3.57873415947,0,2000.0,-1,3.57873415947,0.0,1,0.0,16,28084.54900159882,SAT,,3.618,
120,32,28,4.55532193184,0,2000.0,-1,4.55532193184,0.0,2,0.0,16,28089.10432353066,UNSAT,,4.58,
121,32,15,7.07595586777,0,2000.0,-1,7.07595586777,0.0,2,0.0,16,28096.18027939843,UNSAT,,7.113,
122,32,153,82.1382799149,0,2000.0,-1,82.1382799149,0.0,1,0.0,16,28178.31855931333,SAT,,82.157,
123,32,64,4.02271986008,0,2000.0,-1,4.02271986008,0.0,1,0.0,16,28182.34127917341,SAT,,4.047,
124,32,57,4.1124048233,0,2000.0,-1,4.1124048233,0.0,1,0.0,16,28186.45368399671,SAT,,4.152,
125,32,103,7.97087407112,0,2000.0,-1,7.97087407112,0.0,1,0.0,16,28194.424558067833,SAT,,7.987,
126,32,83,64.6658079624,0,2000.0,-1,64.6658079624,0.0,1,0.0,16,28259.090366030232,SAT,,64.711,
127,32,94,3.59400486946,0,2000.0,-1,3.59400486946,0.0,1,0.0,16,28262.684370899693,SAT,,3.627,
128,32,66,226.718349934,0,2000.0,-1,226.718349934,0.0,2,0.0,16,28489.402720833692,UNSAT,,226.76,
129,32,109,1801.49550509,0,2000.0,-1,1801.49550509,0.0,1,0.0,16,30290.89822592369,SAT,,1801.522,
130,32,143,54.2402529716,0,2000.0,-1,54.2402529716,0.0,1,0.0,16,30345.13847889529,SAT,,54.304,
131,32,136,3.85509586334,0,2000.0,-1,3.85509586334,0.0,1,0.0,16,30348.993574758628,SAT,,3.88,
132,32,23,5.74718403816,0,2000.0,-1,5.74718403816,0.0,2,0.0,16,30354.740758796786,UNSAT,,5.778,
133,32,44,4.42495512962,0,2000.0,-1,4.42495512962,0.0,1,0.0,16,30359.165713926406,SAT,,4.453,
134,32,126,3.95902490616,0,2000.0,-1,3.95902490616,0.0,1,0.0,16,30363.124738832565,SAT,,3.996,
135,32,47,16.1764450073,0,2000.0,-1,16.1764450073,0.0,1,0.0,16,30379.301183839863,SAT,,16.199,
136,32,69,3.82760286331,0,2000.0,-1,3.82760286331,0.0,2,0.0,16,30383.128786703175,UNSAT,,3.869,
137,32,108,4.48774886131,0,2000.0,-1,4.48774886131,0.0,1,0.0,16,30387.616535564484,SAT,,4.525,
138,32,152,82.9314990044,0,2000.0,-1,82.9314990044,0.0,1,0.0,16,30470.548034568885,SAT,,82.972,
139,32,113,10.3578600883,0,2000.0,-1,10.3578600883,0.0,1,0.0,16,30480.905894657186,SAT,,10.394,
140,32,55,3.96056604385,0,2000.0,-1,3.96056604385,0.0,1,0.0,16,30484.866460701036,SAT,,4.004,
141,32,121,3.44786095619,0,2000.0,-1,3.44786095619,0.0,1,0.0,16,30488.314321657224,SAT,,3.493,
142,32,45,5.03788304329,0,2000.0,-1,5.03788304329,0.0,1,0.0,16,30493.352204700514,SAT,,5.106,
143,33,126,4.08545589447,0,6.149333145815134,-1,4.08545589447,0.0,1,0.0,16,30497.437660594984,SAT,,4.132,
