Run Number,Run History Configuration ID,Instance ID,Response Value (y),Censored?,Cutoff Time Used,Seed,Runtime,Run Length,Run Result Code,Run Quality,SMAC Iteration,SMAC Cumulative Runtime,Run Result,Additional Algorithm Run Data,Wall Clock Time,
1,1,29,9.58987689018,0,2000.0,-1,9.58987689018,0.0,2,0.0,0,9.58987689018,UNSAT,,9.726,
2,1,73,3.69801211357,0,2000.0,-1,3.69801211357,0.0,2,0.0,1,13.28788900375,UNSAT,,3.843,
3,2,29,8.07639598846,0,13.46944038604498,-1,8.07639598846,0.0,2,0.0,1,21.36428499221,UNSAT,,8.114,
4,2,73,3.3125770092,0,7.778841525661946,-1,3.3125770092,0.0,2,0.0,1,24.67686200141,UNSAT,,3.343,
5,2,1,4.04174995422,0,2000.0,-1,4.04174995422,0.0,2,0.0,1,28.718611955630003,UNSAT,,4.074,
6,3,73,3.83236503601,0,5.308951054114103,-1,3.83236503601,0.0,2,0.0,1,32.550976991640006,UNSAT,,3.854,
7,2,72,3.55935406685,0,2000.0,-1,3.55935406685,0.0,2,0.0,2,36.110331058490004,UNSAT,,3.575,
8,4,73,3.54383707047,0,5.308951054114103,-1,3.54383707047,0.0,2,0.0,2,39.65416812896,UNSAT,,3.583,
9,2,48,3.38664984703,0,2000.0,-1,3.38664984703,0.0,1,0.0,2,43.04081797599,SAT,,3.418,
10,5,48,15.8908669949,0,5.405245617377758,-1,15.8908669949,0.0,1,0.0,2,58.931684970890004,SAT,,15.929,
11,2,156,1888.74592805,0,2000.0,-1,1888.74592805,0.0,2,0.0,3,1947.67761302089,UNSAT,,1888.785,
12,6,72,4.536039114,0,5.62976141308546,-1,4.536039114,0.0,2,0.0,3,1952.21365213489,UNSAT,,4.658,
13,2,35,110.046602964,0,2000.0,-1,110.046602964,0.0,1,0.0,3,2062.26025509889,SAT,,110.084,
14,7,29,45.4016230106,0,11.501914903867245,-1,45.4016230106,0.0,2,0.0,3,2107.66187810949,UNSAT,,45.43,
15,2,25,7.82911205292,0,2000.0,-1,7.82911205292,0.0,2,0.0,4,2115.49099016241,UNSAT,,7.864,
16,8,73,3.92776107788,0,5.308951054114103,-1,3.92776107788,0.0,2,0.0,4,2119.41875124029,UNSAT,,3.966,
17,2,22,5.52207779884,0,2000.0,-1,5.52207779884,0.0,2,0.0,4,2124.94082903913,UNSAT,,5.563,
18,9,29,11.8175499439,0,11.501914903867245,-1,11.8175499439,0.0,2,0.0,4,2136.75837898303,UNSAT,,11.845,
19,2,84,78.8528299332,0,2000.0,-1,78.8528299332,0.0,1,0.0,5,2215.61120891623,SAT,,78.884,
20,4,22,5.54745006561,0,7.881963335323334,-1,5.54745006561,0.0,2,0.0,5,2221.1586589818403,UNSAT,,5.583,
21,2,16,6.16674304008,0,2000.0,-1,6.16674304008,0.0,2,0.0,5,2227.32540202192,UNSAT,,6.21,
22,10,25,7.16830897331,0,11.18044591357112,-1,7.16830897331,0.0,2,0.0,5,2234.4937109952302,UNSAT,,7.203,
23,10,29,12.2879588604,0,16.766203742820025,-1,12.2879588604,0.0,2,0.0,5,2246.7816698556303,UNSAT,,12.316,
24,2,122,4.60382199287,0,2000.0,-1,4.60382199287,0.0,1,0.0,6,2251.3854918485004,SAT,,4.628,
25,11,29,2000.0,0,11.501914903867245,-1,115.99595,0.0,-1,1.0E9,6,2367.3814418485003,CRASHED,Run Exceeded Captime -- Treating as CRASHED;Killed Manually,122.101,
26,2,31,5.61637496948,0,2000.0,-1,5.61637496948,0.0,2,0.0,6,2372.9978168179805,UNSAT,,5.656,
27,12,22,5.70633506775,0,8.181301586675644,-1,5.70633506775,0.0,2,0.0,6,2378.7041518857304,UNSAT,,5.763,
28,2,111,4.99606084824,0,2000.0,-1,4.99606084824,0.0,1,0.0,7,2383.7002127339706,SAT,,5.027,
29,12,84,86.750068903,0,103.27304544706942,-1,86.750068903,0.0,1,0.0,7,2470.4502816369704,SAT,,86.777,
30,2,61,6.66540288925,0,2000.0,-1,6.66540288925,0.0,1,0.0,7,2477.1156845262203,SAT,,6.697,
31,13,22,4.28852987289,0,8.181301586675644,-1,4.28852987289,0.0,2,0.0,7,2481.4042143991105,UNSAT,,4.316,
32,13,1,4.03053712845,0,110.37176660110356,-1,4.03053712845,0.0,2,0.0,7,2485.4347515275604,UNSAT,,4.057,
33,13,84,110.193693161,0,105.1320686828077,-1,110.193693161,0.0,1,0.0,7,2595.62844468856,SAT,,110.218,
34,2,121,4.67855906487,0,2000.0,-1,4.67855906487,0.0,1,0.0,8,2600.3070037534303,SAT,,4.714,
35,14,111,5.05399799347,0,7.4974800351738935,-1,5.05399799347,0.0,1,0.0,8,2605.3610017469005,SAT,,5.087,
36,2,28,6.13697910309,0,2000.0,-1,6.13697910309,0.0,2,0.0,8,2611.4979808499907,UNSAT,,6.168,
37,15,48,4.9210050106,0,5.405245617377758,-1,4.9210050106,0.0,1,0.0,8,2616.4189858605905,SAT,,4.952,
38,2,60,5.13798213005,0,2000.0,-1,5.13798213005,0.0,1,0.0,9,2621.5569679906407,SAT,,5.166,
39,16,16,6.03461098671,0,9.019366361546517,-1,6.03461098671,0.0,2,0.0,9,2627.5915789773508,UNSAT,,6.064,
40,16,48,4.38583707809,0,13.557689719247819,-1,4.38583707809,0.0,1,0.0,9,2631.9774160554407,SAT,,4.427,
41,16,28,2000.0,0,7.856101159352065,-1,79.40859999999999,0.0,-1,1.0E9,9,2711.386016055441,CRASHED,Run Exceeded Captime -- Treating as CRASHED;Killed Manually,83.588,
42,2,126,4.79500102997,0,2000.0,-1,4.79500102997,0.0,1,0.0,9,2716.181017085411,SAT,,4.827,
43,17,73,10.5650851727,0,5.308951054114103,-1,10.5650851727,0.0,2,0.0,9,2726.746102258111,UNSAT,,10.588,
44,2,114,5.24116897583,0,2000.0,-1,5.24116897583,0.0,1,0.0,10,2731.987271233941,SAT,,5.264,
45,18,114,2000.0,0,7.816120785075427,-1,78.94879999999999,0.0,-1,1.0E9,10,2810.936071233941,CRASHED,Run Exceeded Captime -- Treating as CRASHED;Killed Manually,83.104,
46,2,66,267.512769938,0,2000.0,-1,267.512769938,0.0,2,0.0,10,3078.4488411719412,UNSAT,,267.568,
47,19,122,4.92702102661,0,6.987568632113934,-1,4.92702102661,0.0,1,0.0,10,3083.375862198551,SAT,,4.984,
48,2,40,4.45190787315,0,2000.0,-1,4.45190787315,0.0,1,0.0,11,3087.8277700717013,SAT,,4.473,
49,20,111,4.73719000816,0,7.4974800351738935,-1,4.73719000816,0.0,1,0.0,11,3092.564960079861,SAT,,4.787,
50,20,29,11.7444760799,0,19.14233489741683,-1,11.7444760799,0.0,2,0.0,11,3104.309436159761,UNSAT,,11.784,
51,20,31,5.36029601097,0,3.8745161968946458,-1,5.36029601097,0.0,2,0.0,11,3109.669732170731,UNSAT,,5.389,
52,2,100,7.57496714592,0,2000.0,-1,7.57496714592,0.0,2,0.0,11,3117.244699316651,UNSAT,,7.616,
53,21,48,4.49415206909,0,5.405245617377758,-1,4.49415206909,0.0,1,0.0,11,3121.738851385741,SAT,,4.57,
54,2,95,4.40520405769,0,2000.0,-1,4.40520405769,0.0,1,0.0,12,3126.1440554434307,SAT,,4.437,
55,22,29,13.3804469109,0,11.501914903867245,-1,13.3804469109,0.0,2,0.0,12,3139.5245023543307,UNSAT,,13.415,
56,2,69,4.11677193642,0,2000.0,-1,4.11677193642,0.0,2,0.0,12,3143.6412742907505,UNSAT,,4.147,
57,23,72,4.09971785545,0,5.62976141308546,-1,4.09971785545,0.0,2,0.0,12,3147.7409921462004,UNSAT,,4.125,
58,2,3,5.68990588188,0,2000.0,-1,5.68990588188,0.0,2,0.0,13,3153.4308980280803,UNSAT,,5.726,
59,24,28,2000.0,0,8.98067298193574,-1,90.326,0.0,-1,1.0E9,13,3243.7568980280803,CRASHED,Run Exceeded Captime -- Treating as CRASHED;Killed Manually,95.08,
60,2,52,5.57372307777,0,2000.0,-1,5.57372307777,0.0,1,0.0,13,3249.3306211058502,SAT,,5.602,
61,25,122,20.8821878433,0,6.987568632113934,-1,20.8821878433,0.0,1,0.0,13,3270.2128089491503,SAT,,20.931,
62,2,118,4.81017804146,0,2000.0,-1,4.81017804146,0.0,1,0.0,14,3275.02298699061,SAT,,4.85,
63,26,22,5.86613917351,0,8.181301586675644,-1,5.86613917351,0.0,2,0.0,14,3280.88912616412,UNSAT,,5.906,
64,2,136,4.46655702591,0,2000.0,-1,4.46655702591,0.0,1,0.0,14,3285.35568319003,SAT,,4.502,
65,27,16,6.18476295471,0,9.019366361546517,-1,6.18476295471,0.0,2,0.0,14,3291.54044614474,UNSAT,,6.231,
66,2,105,23.3371090889,0,2000.0,-1,23.3371090889,0.0,1,0.0,15,3314.87755523364,SAT,,23.357,
67,20,52,5.1139960289,0,4.153271008628607,-1,5.1139960289,0.0,1,0.0,15,3319.9915512625403,SAT,,5.146,
68,2,34,4.95833802223,0,2000.0,-1,4.95833802223,0.0,1,0.0,15,3324.94988928477,SAT,,5.001,
69,28,34,4.91990709305,0,7.4484398480236536,-1,4.91990709305,0.0,1,0.0,15,3329.86979637782,SAT,,4.964,
70,28,72,4.86860394478,0,353.44892143120165,-1,4.86860394478,0.0,2,0.0,15,3334.7384003226,UNSAT,,4.898,
71,28,66,1817.07498693,0,347.11973712627884,-1,1817.07498693,0.0,2,0.0,15,5151.8133872526,UNSAT,,1817.118,
72,2,32,4.02120089531,0,2000.0,-1,4.02120089531,0.0,1,0.0,16,5155.83458814791,SAT,,4.048,
73,29,60,5.14903712273,0,7.681977924305201,-1,5.14903712273,0.0,1,0.0,16,5160.98362527064,SAT,,5.291,
74,2,27,10.2551720142,0,2000.0,-1,10.2551720142,0.0,2,0.0,16,5171.23879728484,UNSAT,,10.322,
75,30,35,519.05483079,0,144.0631839338422,-1,519.05483079,0.0,1,0.0,16,5690.29362807484,SAT,,519.086,
