Run Number,Run History Configuration ID,Instance ID,Response Value (y),Censored?,Cutoff Time Used,Seed,Runtime,Run Length,Run Result Code,Run Quality,SMAC Iteration,SMAC Cumulative Runtime,Run Result,Additional Algorithm Run Data,Wall Clock Time,
1,1,250,1407.185004,0,2000.0,-1,1407.185004,0.0,1,0.0,0,1407.185004,SAT,,1407.372,
2,1,116,58.5456521511,0,2000.0,-1,58.5456521511,0.0,2,0.0,1,1465.7306561511,UNSAT,,58.623,
3,2,116,93.4367239475,0,77.1119489226222,-1,93.4367239475,0.0,2,0.0,1,1559.1673800986,UNSAT,,93.485,
4,1,216,59.6960740089,0,2000.0,-1,59.6960740089,0.0,1,0.0,1,1618.8634541075,SAT,,59.779,
5,3,216,2000.0,0,78.60749726032019,-1,786.6465499999999,0.0,-1,1.0E9,1,2405.5100041075,CRASHED,Run Exceeded Captime -- Treating as CRASHED;Killed Manually,828.049,
6,1,5,468.241736174,0,2000.0,-1,468.241736174,0.0,2,0.0,2,2873.7517402815,UNSAT,,468.305,
7,4,5,850.627917051,0,609.7168574932695,-1,850.627917051,0.0,2,0.0,2,3724.3796573325003,UNSAT,,850.661,
8,1,14,1802.49208283,0,2000.0,-1,1802.49208283,0.0,2,0.0,2,5526.8717401625,UNSAT,,1802.54,
9,5,116,2000.0,0,77.1119489226222,-1,771.81895,0.0,-1,1.0E9,2,6298.6906901625,CRASHED,Run Exceeded Captime -- Treating as CRASHED;Killed Manually,812.441,
10,1,182,630.822493076,0,2000.0,-1,630.822493076,0.0,2,0.0,3,6929.5131832385,UNSAT,,630.86,
11,6,250,3.36615490913,0,1830.3431056331576,-1,3.36615490913,0.0,1,0.0,3,6932.87933814763,SAT,,3.4,
12,6,182,5.02746319771,0,2000.0,-1,5.02746319771,0.0,2,0.0,3,6937.90680134534,UNSAT,,5.059,
13,6,216,1801.95352602,0,2000.0,-1,1801.95352602,0.0,1,0.0,3,8739.860327365339,SAT,,1802.038,
14,6,116,1802.31959796,0,2000.0,-1,1802.31959796,0.0,2,0.0,3,10542.17992532534,UNSAT,,1802.35,
15,6,14,1802.25469613,0,1059.620290331888,-1,1802.25469613,0.0,2,0.0,3,12344.434621455339,UNSAT,,1802.337,
16,1,100,1802.6836009,0,2000.0,-1,1802.6836009,0.0,2,0.0,3,14147.118222355339,UNSAT,,1802.717,
17,7,250,1802.31097102,0,1830.3431056331576,-1,1802.31097102,0.0,1,0.0,3,15949.42919337534,SAT,,1802.35,
18,1,184,630.606005192,0,2000.0,-1,630.606005192,0.0,2,0.0,4,16580.03519856734,UNSAT,,630.807,
19,8,14,1802.37940311,0,2000.0,-1,1802.37940311,0.0,2,0.0,4,18382.41460167734,UNSAT,,1802.499,
20,8,5,549.584042072,0,685.9752892408252,-1,549.584042072,0.0,2,0.0,4,18931.998643749343,UNSAT,,549.616,
21,1,141,35.501896143,0,2000.0,-1,35.501896143,0.0,2,0.0,4,18967.500539892342,UNSAT,,35.553,
22,9,5,1805.47444081,0,609.7168574932695,-1,1805.47444081,0.0,2,0.0,4,20772.974980702344,UNSAT,,1805.519,
23,1,8,255.399919987,0,2000.0,-1,255.399919987,0.0,2,0.0,5,21028.374900689345,UNSAT,,255.628,
24,10,250,1777.94120193,0,1830.3431056331576,-1,1777.94120193,0.0,1,0.0,5,22806.316102619345,SAT,,1778.045,
25,1,167,259.733749866,0,2000.0,-1,259.733749866,0.0,2,0.0,5,23066.049852485346,UNSAT,,259.776,
26,11,8,269.952455044,0,333.02249637280704,-1,269.952455044,0.0,2,0.0,5,23336.002307529347,UNSAT,,270.007,
27,1,208,10.4196829796,0,2000.0,-1,10.4196829796,0.0,1,0.0,6,23346.421990508945,SAT,,10.458,
28,12,5,320.972206116,0,609.7168574932695,-1,320.972206116,0.0,2,0.0,6,23667.394196624944,UNSAT,,321.037,
29,12,8,333.345953941,0,538.0210736658156,-1,333.345953941,0.0,2,0.0,6,24000.740150565944,UNSAT,,333.404,
30,12,208,10.3022139072,0,104.67133306746484,-1,10.3022139072,0.0,1,0.0,6,24011.042364473145,SAT,,10.367,
31,12,182,697.96337986,0,2000.0,-1,697.96337986,0.0,2,0.0,6,24709.005744333146,UNSAT,,697.995,
32,12,250,1603.52306819,0,2000.0,-1,1603.52306819,0.0,1,0.0,6,26312.528812523145,SAT,,1603.589,
33,12,116,57.3693268299,0,162.52424222265483,-1,57.3693268299,0.0,2,0.0,6,26369.898139353045,UNSAT,,57.439,
34,12,167,213.784445047,0,87.94411689822675,-1,213.784445047,0.0,2,0.0,6,26583.682584400045,UNSAT,,213.834,
35,1,207,10.2566640377,0,2000.0,-1,10.2566640377,0.0,1,0.0,6,26593.939248437746,SAT,,10.286,
36,13,141,300.475236893,0,47.15506563742757,-1,300.475236893,0.0,2,0.0,6,26894.414485330744,UNSAT,,300.562,
37,1,122,15.8959960938,0,2000.0,-1,15.8959960938,0.0,2,0.0,7,26910.310481424545,UNSAT,,16.002,
38,14,100,231.939644098,0,2000.0,-1,231.939644098,0.0,2,0.0,7,27142.250125522547,UNSAT,,231.99,
39,14,141,29.99122715,0,2000.0,-1,29.99122715,0.0,2,0.0,7,27172.241352672547,UNSAT,,30.062,
40,14,250,1803.89213991,0,2000.0,-1,1803.89213991,0.0,1,0.0,7,28976.133492582547,SAT,,1803.936,
41,14,182,569.793250084,0,2000.0,-1,569.793250084,0.0,2,0.0,7,29545.926742666546,UNSAT,,569.836,
42,14,167,302.73984313,0,2000.0,-1,302.73984313,0.0,2,0.0,7,29848.666585796545,UNSAT,,303.0,
43,14,184,609.393512964,0,2000.0,-1,609.393512964,0.0,2,0.0,7,30458.060098760547,UNSAT,,609.449,
44,14,8,304.056800127,0,1917.4483683783294,-1,304.056800127,0.0,2,0.0,7,30762.116898887547,UNSAT,,304.13,
45,14,122,18.0719070435,0,2000.0,-1,18.0719070435,0.0,2,0.0,7,30780.188805931048,UNSAT,,18.116,
46,14,116,202.721512079,0,2000.0,-1,202.721512079,0.0,2,0.0,7,30982.910318010046,UNSAT,,202.779,
47,14,207,44.9349331856,0,2000.0,-1,44.9349331856,0.0,1,0.0,7,31027.845251195646,SAT,,44.97,
48,14,5,478.912572861,0,2000.0,-1,478.912572861,0.0,2,0.0,7,31506.757824056647,UNSAT,,478.956,
49,14,216,64.7038969994,0,2000.0,-1,64.7038969994,0.0,1,0.0,7,31571.461721056046,SAT,,64.756,
50,14,208,7.96433496475,0,2000.0,-1,7.96433496475,0.0,1,0.0,7,31579.426056020795,SAT,,7.994,
51,14,14,1802.83705497,0,2000.0,-1,1802.83705497,0.0,2,0.0,7,33382.263110990796,UNSAT,,1802.868,
52,14,202,20.1797020435,0,2000.0,-1,20.1797020435,0.0,1,0.0,7,33402.44281303429,SAT,,20.285,
53,15,216,2000.0,0,85.11766715754868,-1,874.2261,0.0,-1,1.0E9,7,34276.66891303429,CRASHED,Run Exceeded Captime -- Treating as CRASHED;Killed Manually,920.238,
54,14,180,833.564538002,0,2000.0,-1,833.564538002,0.0,2,0.0,8,35110.23345103629,UNSAT,,833.61,
55,16,8,233.589195967,0,396.27644027431603,-1,233.589195967,0.0,2,0.0,8,35343.82264700329,UNSAT,,233.692,
56,16,184,1804.07637501,0,1968.4585520889343,-1,1804.07637501,0.0,2,0.0,8,37147.89902201329,UNSAT,,1804.117,
57,14,52,455.349357128,0,2000.0,-1,455.349357128,0.0,1,0.0,8,37603.24837914129,SAT,,455.408,
58,17,14,1805.67912102,0,2000.0,-1,1805.67912102,0.0,2,0.0,8,39408.92750016129,UNSAT,,1805.781,
59,14,134,184.089033842,0,2000.0,-1,184.089033842,0.0,2,0.0,9,39593.01653400329,UNSAT,,184.143,
60,18,182,303.816603899,0,741.7338258478522,-1,303.816603899,0.0,2,0.0,9,39896.83313790229,UNSAT,,303.901,
61,18,8,18.130120039,0,826.1637463126063,-1,18.130120039,0.0,2,0.0,9,39914.963257941294,UNSAT,,18.167,
62,18,216,769.423563004,0,802.5945904556394,-1,769.423563004,0.0,1,0.0,9,40684.38682094529,SAT,,769.465,
63,14,53,711.868102074,0,2000.0,-1,711.868102074,0.0,1,0.0,9,41396.25492301929,SAT,,711.893,
64,19,100,584.316991091,0,302.52413823117615,-1,584.316991091,0.0,2,0.0,9,41980.57191411029,UNSAT,,584.423,
65,14,177,1324.81108499,0,2000.0,-1,1324.81108499,0.0,2,0.0,10,43305.382999100286,UNSAT,,1324.871,
66,20,167,287.630376101,0,394.5643971565842,-1,287.630376101,0.0,2,0.0,10,43593.013375201284,UNSAT,,287.743,
67,20,8,293.369074106,0,1038.5076925050198,-1,293.369074106,0.0,2,0.0,10,43886.38244930728,UNSAT,,293.424,
68,20,5,534.609457016,0,657.1278958473087,-1,534.609457016,0.0,2,0.0,10,44420.99190632328,UNSAT,,534.668,
69,14,171,407.2927351,0,2000.0,-1,407.2927351,0.0,2,0.0,10,44828.284641423284,UNSAT,,407.341,
70,21,100,1802.74694014,0,302.52413823117615,-1,1802.74694014,0.0,2,0.0,10,46631.031581563286,UNSAT,,1802.831,
71,14,109,20.2489209175,0,2000.0,-1,20.2489209175,0.0,2,0.0,11,46651.28050248078,UNSAT,,20.275,
72,22,202,32.7790558338,0,27.236212872314457,-1,32.7790558338,0.0,1,0.0,11,46684.059558314584,SAT,,32.828,
73,14,166,110.051970959,0,2000.0,-1,110.051970959,0.0,2,0.0,11,46794.111529273585,UNSAT,,110.09,
74,23,184,547.316133976,0,793.2141669917584,-1,547.316133976,0.0,2,0.0,11,47341.42766324958,UNSAT,,547.341,
75,23,202,1802.11850095,0,371.47737153654094,-1,1802.11850095,0.0,1,0.0,11,49143.54616419958,SAT,,1802.183,
76,14,170,117.714962006,0,2000.0,-1,117.714962006,0.0,2,0.0,12,49261.26112620558,UNSAT,,117.744,
77,24,177,823.398996115,0,1723.257010978061,-1,823.398996115,0.0,2,0.0,12,50084.66012232058,UNSAT,,823.482,
78,24,202,19.0992269516,0,1271.0286931026458,-1,19.0992269516,0.0,1,0.0,12,50103.75934927218,SAT,,19.144,
79,24,52,527.691514969,0,1246.1996978040515,-1,527.691514969,0.0,1,0.0,12,50631.45086424118,SAT,,527.737,
80,24,207,10.2052659988,0,1791.9029576595606,-1,10.2052659988,0.0,1,0.0,12,50641.65613023998,SAT,,10.259,
81,24,182,1037.15292597,0,1778.6361129846157,-1,1037.15292597,0.0,2,0.0,12,51678.80905620998,UNSAT,,1037.192,
82,24,141,25.4782450199,0,430.33730861579176,-1,25.4782450199,0.0,2,0.0,12,51704.28730122988,UNSAT,,25.575,
83,24,167,369.755203009,0,397.21559042890664,-1,369.755203009,0.0,2,0.0,12,52074.04250423888,UNSAT,,369.796,
84,14,203,45.3323500156,0,2000.0,-1,45.3323500156,0.0,1,0.0,12,52119.37485425448,SAT,,45.382,
85,25,100,1802.24815106,0,302.52413823117615,-1,1802.24815106,0.0,2,0.0,12,53921.623005314475,UNSAT,,1802.316,
86,14,16,185.597995996,0,2000.0,-1,185.597995996,0.0,2,0.0,13,54107.22100131048,UNSAT,,185.634,
87,26,134,201.112450123,0,240.3183443363488,-1,201.112450123,0.0,2,0.0,13,54308.33345143348,UNSAT,,201.194,
88,14,140,29.4714570045,0,2000.0,-1,29.4714570045,0.0,2,0.0,13,54337.80490843798,UNSAT,,29.496,
89,27,109,2000.0,0,27.326198377060894,-1,274.13485,0.0,-1,1.0E9,13,54611.939758437984,CRASHED,Run Exceeded Captime -- Treating as CRASHED;Killed Manually,288.563,
90,14,151,87.9057888985,0,2000.0,-1,87.9057888985,0.0,2,0.0,14,54699.84554733648,UNSAT,,87.947,
91,28,134,217.03509593,0,240.3183443363488,-1,217.03509593,0.0,2,0.0,14,54916.88064326648,UNSAT,,217.096,
92,14,224,143.399979115,0,2000.0,-1,143.399979115,0.0,1,0.0,14,55060.28062238148,SAT,,143.434,
93,29,116,1805.2943399,0,264.54056584124567,-1,1805.2943399,0.0,2,0.0,14,56865.57496228148,UNSAT,,1805.353,
94,14,236,129.992333174,0,2000.0,-1,129.992333174,0.0,1,0.0,15,56995.567295455476,SAT,,130.038,
95,30,182,399.51740694,0,741.7338258478522,-1,399.51740694,0.0,2,0.0,15,57395.08470239548,UNSAT,,399.586,
96,30,141,27.2839109898,0,287.6759887564659,-1,27.2839109898,0.0,2,0.0,15,57422.368613385275,UNSAT,,27.328,
97,30,109,22.937844038,0,252.20690489594938,-1,22.937844038,0.0,2,0.0,15,57445.30645742328,UNSAT,,22.983,
98,30,140,49.6468338966,0,1413.5397808517994,-1,49.6468338966,0.0,2,0.0,15,57494.95329131988,UNSAT,,49.679,
99,30,207,7.17299103737,0,1348.9988967667998,-1,7.17299103737,0.0,1,0.0,15,57502.12628235725,SAT,,7.213,
100,30,53,150.975968838,0,1339.6740077886463,-1,150.975968838,0.0,1,0.0,15,57653.10225119525,SAT,,151.01,
101,30,236,70.6708159447,0,1143.4052484933018,-1,70.6708159447,0.0,1,0.0,15,57723.77306713995,SAT,,70.74,
102,30,250,1806.22799897,0,2000.0,-1,1806.22799897,0.0,1,0.0,15,59530.00106610995,SAT,,1806.272,
103,30,177,77.6582610607,0,2000.0,-1,77.6582610607,0.0,2,0.0,15,59607.65932717065,UNSAT,,77.717,
104,30,202,60.9996659756,0,2000.0,-1,60.9996659756,0.0,1,0.0,15,59668.65899314625,SAT,,61.066,
105,30,184,673.07722497,0,2000.0,-1,673.07722497,0.0,2,0.0,15,60341.73621811625,UNSAT,,673.144,
106,30,52,742.145204067,0,2000.0,-1,742.145204067,0.0,1,0.0,15,61083.88142218325,SAT,,742.182,
107,30,134,222.673942804,0,2000.0,-1,222.673942804,0.0,2,0.0,15,61306.55536498725,UNSAT,,222.722,
108,30,8,368.501048088,0,2000.0,-1,368.501048088,0.0,2,0.0,15,61675.056413075254,UNSAT,,368.536,
109,30,16,133.862619877,0,2000.0,-1,133.862619877,0.0,2,0.0,15,61808.91903295225,UNSAT,,133.932,
110,30,224,215.231078148,0,2000.0,-1,215.231078148,0.0,1,0.0,15,62024.15011110025,SAT,,215.307,
111,30,166,202.118225098,0,2000.0,-1,202.118225098,0.0,2,0.0,15,62226.26833619825,UNSAT,,202.182,
112,30,208,7.75469493866,0,2000.0,-1,7.75469493866,0.0,1,0.0,15,62234.02303113691,SAT,,7.789,
113,30,203,31.8543689251,0,2000.0,-1,31.8543689251,0.0,1,0.0,15,62265.87740006201,SAT,,31.871,
114,30,170,305.977221012,0,2000.0,-1,305.977221012,0.0,2,0.0,15,62571.85462107401,UNSAT,,305.999,
115,30,122,15.3165931702,0,2000.0,-1,15.3165931702,0.0,2,0.0,15,62587.17121424421,UNSAT,,15.363,
116,30,167,298.347732067,0,2000.0,-1,298.347732067,0.0,2,0.0,15,62885.51894631121,UNSAT,,298.386,
117,30,14,1746.50412512,0,2000.0,-1,1746.50412512,0.0,2,0.0,15,64632.02307143121,UNSAT,,1746.559,
118,30,216,95.6551299095,0,2000.0,-1,95.6551299095,0.0,1,0.0,15,64727.678201340714,SAT,,95.687,
119,30,180,1803.51612806,0,2000.0,-1,1803.51612806,0.0,2,0.0,15,66531.1943294007,UNSAT,,1803.571,
120,30,5,567.503654003,0,2000.0,-1,567.503654003,0.0,2,0.0,15,67098.6979834037,UNSAT,,567.538,
121,30,151,140.305559874,0,1529.4402295615257,-1,140.305559874,0.0,2,0.0,15,67239.00354327771,UNSAT,,140.373,
122,30,171,424.370252132,0,1347.0430014546694,-1,424.370252132,0.0,2,0.0,15,67663.3737954097,UNSAT,,424.394,
123,30,116,174.278275013,0,795.3616731691837,-1,174.278275013,0.0,2,0.0,15,67837.6520704227,UNSAT,,174.323,
124,30,100,227.78503108,0,568.7999167371273,-1,227.78503108,0.0,2,0.0,15,68065.4371015027,UNSAT,,227.821,
125,30,29,41.4149410725,0,2000.0,-1,41.4149410725,0.0,2,0.0,15,68106.85204257519,UNSAT,,41.506,
126,31,207,2000.0,0,10.327489290732146,-1,125.45129999999999,0.0,-1,1.0E9,15,68232.3033425752,CRASHED,Run Exceeded Captime -- Treating as CRASHED;Killed Manually,132.054,
127,30,91,145.787140131,0,2000.0,-1,145.787140131,0.0,2,0.0,16,68378.09048270619,UNSAT,,145.824,
128,32,52,692.209995985,0,965.7913654934347,-1,692.209995985,0.0,1,0.0,16,69070.30047869119,SAT,,692.256,
129,32,91,1805.02887821,0,379.7959227006614,-1,1805.02887821,0.0,2,0.0,16,70875.32935690119,UNSAT,,1805.082,
130,30,32,145.373699188,0,2000.0,-1,145.373699188,0.0,2,0.0,16,71020.70305608919,UNSAT,,145.422,
131,33,53,799.770993948,0,197.27135960792305,-1,799.770993948,0.0,1,0.0,16,71820.47405003718,SAT,,799.855,
