Run Number,Run History Configuration ID,Instance ID,Response Value (y),Censored?,Cutoff Time Used,Seed,Runtime,Run Length,Run Result Code,Run Quality,SMAC Iteration,SMAC Cumulative Runtime,Run Result,Additional Algorithm Run Data,Wall Clock Time,
1,1,110,8.44272994995,0,2000.0,-1,8.44272994995,0.0,1,0.0,0,8.44272994995,SAT,,8.56,
2,1,129,3.4645421505,0,2000.0,-1,3.4645421505,0.0,1,0.0,1,11.90727210045,SAT,,3.495,
3,2,129,13.1590981483,0,5.50650534068346,-1,13.1590981483,0.0,1,0.0,1,25.066370248749998,SAT,,13.198,
4,1,27,8.52527093887,0,2000.0,-1,8.52527093887,0.0,2,0.0,1,33.59164118762,UNSAT,,8.571,
5,3,129,4.32854914665,0,5.50650534068346,-1,4.32854914665,0.0,1,0.0,1,37.920190334269996,SAT,,4.356,
6,1,10,12.5144760609,0,2000.0,-1,12.5144760609,0.0,2,0.0,2,50.43466639517,UNSAT,,12.537,
7,3,110,18.4320449829,0,10.856240697550774,-1,18.4320449829,0.0,1,0.0,2,68.86671137807,SAT,,18.462,
8,1,51,9.90464997292,0,2000.0,-1,9.90464997292,0.0,1,0.0,2,78.77136135098999,SAT,,9.927,
9,4,27,9.38046908379,0,12.085452571856976,-1,9.38046908379,0.0,2,0.0,2,88.15183043478,UNSAT,,9.405,
10,1,71,5.39538002014,0,2000.0,-1,5.39538002014,0.0,2,0.0,3,93.54721045491999,UNSAT,,5.42,
11,5,10,2000.0,0,17.271419976252318,-1,173.394,0.0,-1,1.0E9,3,266.94121045492,CRASHED,Run Exceeded Captime -- Treating as CRASHED;Killed Manually,182.52,
12,1,1,4.62633395195,0,2000.0,-1,4.62633395195,0.0,2,0.0,3,271.56754440687,UNSAT,,4.67,
13,6,71,4.56945705414,0,8.0165941159904,-1,4.56945705414,0.0,2,0.0,3,276.13700146101,UNSAT,,4.605,
14,6,27,4.58751797676,0,29.430571467030052,-1,4.58751797676,0.0,2,0.0,3,280.72451943777,UNSAT,,4.611,
15,6,10,5.95083093643,0,23.46679800038338,-1,5.95083093643,0.0,2,0.0,3,286.67535037420004,UNSAT,,5.982,
16,6,129,4.57097291946,0,50.10565043275356,-1,4.57097291946,0.0,1,0.0,3,291.24632329366005,SAT,,4.611,
17,6,110,11.793211937,0,44.163386606025696,-1,11.793211937,0.0,1,0.0,3,303.0395352306601,SAT,,11.818,
18,6,1,4.34693002701,0,28.832210962075,-1,4.34693002701,0.0,2,0.0,3,307.38646525767007,UNSAT,,4.384,
19,6,51,2000.0,0,23.181201413619522,-1,232.41559999999998,0.0,-1,1.0E9,3,539.80206525767,CRASHED,Run Exceeded Captime -- Treating as CRASHED;Killed Manually,244.648,
20,1,99,3.50361013412,0,2000.0,-1,3.50361013412,0.0,1,0.0,4,543.30567539179,SAT,,3.539,
21,7,71,5.53402209282,0,8.0165941159904,-1,5.53402209282,0.0,2,0.0,4,548.83969748461,UNSAT,,5.559,
22,1,55,5.00016212463,0,2000.0,-1,5.00016212463,0.0,1,0.0,4,553.8398596092401,SAT,,5.029,
23,8,99,3.64604687691,0,5.557293806570768,-1,3.64604687691,0.0,1,0.0,4,557.48590648615,SAT,,3.674,
24,1,35,101.700182915,0,2000.0,-1,101.700182915,0.0,1,0.0,5,659.1860894011501,SAT,,101.741,
25,9,110,2000.0,0,11.97814893757105,-1,120.77159999999999,0.0,-1,1.0E9,5,779.9576894011501,CRASHED,Run Exceeded Captime -- Treating as CRASHED;Killed Manually,127.128,
26,1,150,103.649124146,0,2000.0,-1,103.649124146,0.0,1,0.0,5,883.6068135471501,SAT,,103.812,
27,10,51,2000.0,0,13.878645364540816,-1,139.77159999999998,0.0,-1,1.0E9,5,1023.3784135471501,CRASHED,Run Exceeded Captime -- Treating as CRASHED;Killed Manually,147.128,
28,1,54,7.27256798744,0,2000.0,-1,7.27256798744,0.0,1,0.0,6,1030.65098153459,SAT,,7.299,
29,11,129,22.5854380131,0,5.50650534068346,-1,22.5854380131,0.0,1,0.0,6,1053.23641954769,SAT,,22.61,
30,1,16,5.23059988022,0,2000.0,-1,5.23059988022,0.0,2,0.0,6,1058.4670194279101,UNSAT,,5.256,
31,12,99,4.2421541214,0,5.557293806570768,-1,4.2421541214,0.0,1,0.0,6,1062.7091735493102,SAT,,4.289,
32,1,146,10.3865840435,0,2000.0,-1,10.3865840435,0.0,1,0.0,7,1073.0957575928103,SAT,,10.506,
33,13,146,2000.0,0,14.50515993719101,-1,145.93044999999998,0.0,-1,1.0E9,7,1219.0262075928104,CRASHED,Run Exceeded Captime -- Treating as CRASHED;Killed Manually,153.611,
34,1,113,10.1260449886,0,2000.0,-1,10.1260449886,0.0,1,0.0,7,1229.1522525814103,SAT,,10.17,
35,14,35,226.227931976,0,133.2128382179618,-1,226.227931976,0.0,1,0.0,7,1455.3801845574103,SAT,,226.273,
36,1,4,1802.18263507,0,2000.0,-1,1802.18263507,0.0,2,0.0,8,3257.56281962741,UNSAT,,1802.261,
37,15,4,1801.78960609,0,2000.0,-1,1801.78960609,0.0,2,0.0,8,5059.35242571741,UNSAT,,1801.918,
38,15,54,4.34760212898,0,143.18071481620075,-1,4.34760212898,0.0,1,0.0,8,5063.70002784639,SAT,,4.374,
39,15,35,2000.0,0,137.52883112837674,-1,1376.2118,0.0,-1,1.0E9,8,6439.91182784639,CRASHED,Run Exceeded Captime -- Treating as CRASHED;Killed Manually,1448.644,
40,1,59,13.6133909225,0,2000.0,-1,13.6133909225,0.0,1,0.0,8,6453.52521876889,SAT,,13.658,
41,16,59,13.8751831055,0,18.700008269745112,-1,13.8751831055,0.0,1,0.0,8,6467.40040187439,SAT,,13.935,
42,1,79,4.51259112358,0,2000.0,-1,4.51259112358,0.0,2,0.0,9,6471.91299299797,UNSAT,,4.62,
43,17,55,5.6749150753,0,7.502810832458735,-1,5.6749150753,0.0,1,0.0,9,6477.58790807327,SAT,,5.753,
44,1,34,4.30663895607,0,2000.0,-1,4.30663895607,0.0,1,0.0,9,6481.89454702934,SAT,,4.456,
45,18,99,3.56173300743,0,5.557293806570768,-1,3.56173300743,0.0,1,0.0,9,6485.45628003677,SAT,,3.601,
46,1,151,112.255997896,0,2000.0,-1,112.255997896,0.0,1,0.0,10,6597.71227793277,SAT,,112.281,
47,17,150,130.901015997,0,134.87058299441935,-1,130.901015997,0.0,1,0.0,10,6728.61329392977,SAT,,130.943,
48,1,122,3.79133892059,0,2000.0,-1,3.79133892059,0.0,1,0.0,10,6732.40463285036,SAT,,3.943,
49,19,59,9.23388695717,0,18.700008269745112,-1,9.23388695717,0.0,1,0.0,10,6741.63851980753,SAT,,9.312,
50,19,113,10.5265059471,0,24.791154254573588,-1,10.5265059471,0.0,1,0.0,10,6752.165025754631,SAT,,10.56,
51,19,122,3.9118680954,0,11.106697365987301,-1,3.9118680954,0.0,1,0.0,10,6756.0768938500305,SAT,,3.947,
52,19,27,8.86087703705,0,164.7881312187493,-1,8.86087703705,0.0,2,0.0,10,6764.937770887081,UNSAT,,8.905,
53,19,54,6.15314888954,0,153.26899139990212,-1,6.15314888954,0.0,1,0.0,10,6771.0909197766205,SAT,,6.19,
54,19,1,5.11502504349,0,145.2698970105231,-1,5.11502504349,0.0,2,0.0,10,6776.205944820111,UNSAT,,5.162,
55,19,35,2000.0,0,138.62036484141947,-1,1387.1082999999999,0.0,-1,1.0E9,10,8163.314244820111,CRASHED,Run Exceeded Captime -- Treating as CRASHED;Killed Manually,1460.114,
56,1,83,65.5880558491,0,2000.0,-1,65.5880558491,0.0,1,0.0,11,8228.902300669211,SAT,,65.706,
57,20,10,15.3761949539,0,17.271419976252318,-1,15.3761949539,0.0,2,0.0,11,8244.278495623112,UNSAT,,15.452,
58,1,17,5.38271403313,0,2000.0,-1,5.38271403313,0.0,2,0.0,11,8249.661209656242,UNSAT,,5.406,
59,21,51,26.3916089535,0,13.878645364540816,-1,26.3916089535,0.0,1,0.0,11,8276.052818609742,SAT,,26.432,
60,1,13,4.99411010742,0,2000.0,-1,4.99411010742,0.0,2,0.0,12,8281.046928717162,UNSAT,,5.037,
61,22,35,2000.0,0,133.2128382179618,-1,1332.7435999999998,0.0,-1,1.0E9,12,9613.790528717162,CRASHED,Run Exceeded Captime -- Treating as CRASHED;Killed Manually,1402.888,
62,1,148,4.48382520676,0,2000.0,-1,4.48382520676,0.0,1,0.0,12,9618.274353923922,SAT,,4.599,
63,23,16,6.88799881935,0,7.802380331206322,-1,6.88799881935,0.0,2,0.0,12,9625.162352743271,UNSAT,,6.959,
64,1,94,3.42658996582,0,2000.0,-1,3.42658996582,0.0,1,0.0,13,9628.588942709091,SAT,,3.601,
65,24,83,100.783962011,0,86.26707325537802,-1,100.783962011,0.0,1,0.0,13,9729.372904720092,SAT,,100.833,
66,1,21,9.52376699448,0,2000.0,-1,9.52376699448,0.0,2,0.0,13,9738.896671714572,UNSAT,,9.633,
67,25,59,36.0195960999,0,18.700008269745112,-1,36.0195960999,0.0,1,0.0,13,9774.916267814473,SAT,,36.05,
68,1,73,3.62827515602,0,2000.0,-1,3.62827515602,0.0,2,0.0,14,9778.544542970492,UNSAT,,3.661,
69,26,34,7.59769916534,0,6.601231720644236,-1,7.59769916534,0.0,1,0.0,14,9786.142242135833,SAT,,12.627,
70,1,2,143.533859015,0,2000.0,-1,143.533859015,0.0,2,0.0,14,9929.676101150833,UNSAT,,143.586,
71,27,13,7.93029713631,0,7.494943578141928,-1,7.93029713631,0.0,2,0.0,14,9937.606398287144,UNSAT,,7.978,
72,1,61,6.91170597076,0,2000.0,-1,6.91170597076,0.0,1,0.0,15,9944.518104257904,SAT,,7.047,
73,28,71,6.13350510597,0,8.0165941159904,-1,6.13350510597,0.0,2,0.0,15,9950.651609363875,UNSAT,,6.169,
74,1,123,46.4733831882,0,2000.0,-1,46.4733831882,0.0,1,0.0,15,9997.124992552075,SAT,,46.519,
75,29,27,5.89540600777,0,12.085452571856976,-1,5.89540600777,0.0,2,0.0,15,10003.020398559845,UNSAT,,5.938,
76,29,71,5.4350039959,0,17.930362455892563,-1,5.4350039959,0.0,2,0.0,15,10008.455402555746,UNSAT,,5.463,
77,29,13,5.94159698486,0,10.864857387143374,-1,5.94159698486,0.0,2,0.0,15,10014.396999540606,UNSAT,,5.984,
78,29,17,6.08466696739,0,41.22942377661467,-1,6.08466696739,0.0,2,0.0,15,10020.481666507996,UNSAT,,6.119,
79,29,21,6.11383104324,0,33.3193572129786,-1,6.11383104324,0.0,2,0.0,15,10026.595497551236,UNSAT,,6.147,
80,29,148,5.99517893791,0,25.371376972991232,-1,5.99517893791,0.0,1,0.0,15,10032.590676489146,SAT,,6.019,
81,29,51,2000.0,0,17.577643588531018,-1,176.34375,0.0,-1,1.0E9,15,10208.934426489146,CRASHED,Run Exceeded Captime -- Treating as CRASHED;Killed Manually,185.625,
82,1,119,3.76249694824,0,2000.0,-1,3.76249694824,0.0,1,0.0,16,10212.696923437386,SAT,,3.78,
83,30,27,11.136785984,0,12.085452571856976,-1,11.136785984,0.0,2,0.0,16,10223.833709421386,UNSAT,,11.181,
84,1,121,3.86605000496,0,2000.0,-1,3.86605000496,0.0,1,0.0,16,10227.699759426345,SAT,,3.983,
85,31,113,2000.0,0,14.166458778429032,-1,142.6045,0.0,-1,1.0E9,16,10370.304259426344,CRASHED,Run Exceeded Captime -- Treating as CRASHED;Killed Manually,150.11,
86,1,49,4.40861010551,0,2000.0,-1,4.40861010551,0.0,1,0.0,17,10374.712869531855,SAT,,4.451,
87,32,79,5.70614504814,0,6.868968986320496,-1,5.70614504814,0.0,2,0.0,17,10380.419014579995,UNSAT,,5.744,
88,1,23,7.06351804733,0,2000.0,-1,7.06351804733,0.0,2,0.0,17,10387.482532627324,UNSAT,,7.093,
89,33,122,5.55020594597,0,5.931340705949068,-1,5.55020594597,0.0,1,0.0,17,10393.032738573294,SAT,,5.582,
90,1,57,4.21951508522,0,2000.0,-1,4.21951508522,0.0,1,0.0,18,10397.252253658515,SAT,,4.337,
91,34,55,5.92931485176,0,7.502810832458735,-1,5.92931485176,0.0,1,0.0,18,10403.181568510276,SAT,,5.959,
92,1,86,5.5984389782,0,2000.0,-1,5.5984389782,0.0,1,0.0,18,10408.780007488476,SAT,,5.638,
93,35,61,2000.0,0,9.98781834577322,-1,100.78265,0.0,-1,1.0E9,18,10509.562657488475,CRASHED,Run Exceeded Captime -- Treating as CRASHED;Killed Manually,106.087,
94,1,6,6.46860718727,0,2000.0,-1,6.46860718727,0.0,2,0.0,19,10516.031264675745,UNSAT,,6.566,
95,36,13,5.48680520058,0,7.494943578141928,-1,5.48680520058,0.0,2,0.0,19,10521.518069876325,UNSAT,,5.512,
96,1,45,5.27583003044,0,2000.0,-1,5.27583003044,0.0,1,0.0,19,10526.793899906765,SAT,,5.367,
97,37,110,2000.0,0,11.97814893757105,-1,120.74879999999999,0.0,-1,1.0E9,19,10647.542699906764,CRASHED,Run Exceeded Captime -- Treating as CRASHED;Killed Manually,127.104,
98,1,46,5.11954808235,0,2000.0,-1,5.11954808235,0.0,1,0.0,20,10652.662247989114,SAT,,5.155,
99,38,13,6.08247900009,0,7.494943578141928,-1,6.08247900009,0.0,2,0.0,20,10658.744726989204,UNSAT,,6.13,
100,1,8,8.4110789299,0,2000.0,-1,8.4110789299,0.0,2,0.0,20,10667.155805919103,UNSAT,,8.444,
101,39,23,5.82524585724,0,10.18517407436967,-1,5.82524585724,0.0,2,0.0,20,10672.981051776344,UNSAT,,5.864,
102,39,35,1802.92139006,0,195.2405909899354,-1,1802.92139006,0.0,1,0.0,20,12475.902441836344,SAT,,1802.969,
103,1,144,65.7932338715,0,2000.0,-1,65.7932338715,0.0,1,0.0,21,12541.695675707844,SAT,,65.816,
104,32,61,24.1571068764,0,8.4374982755363,-1,24.1571068764,0.0,1,0.0,21,12565.852782584245,SAT,,24.2,
105,1,117,4.07950901985,0,2000.0,-1,4.07950901985,0.0,1,0.0,21,12569.932291604095,SAT,,4.125,
106,40,129,4.69111895561,0,5.50650534068346,-1,4.69111895561,0.0,1,0.0,21,12574.623410559705,SAT,,4.725,
107,1,12,4.43386602402,0,2000.0,-1,4.43386602402,0.0,2,0.0,22,12579.057276583724,UNSAT,,4.456,
108,41,6,2000.0,0,9.411789559173585,-1,95.076,0.0,-1,1.0E9,22,12674.133276583723,CRASHED,Run Exceeded Captime -- Treating as CRASHED;Killed Manually,100.08,
109,1,77,4.80021190643,0,2000.0,-1,4.80021190643,0.0,2,0.0,22,12678.933488490153,UNSAT,,4.833,
110,42,55,4.3776922226,0,7.502810832458735,-1,4.3776922226,0.0,1,0.0,22,12683.311180712753,SAT,,4.424,
111,42,83,2000.0,0,92.00762518529893,-1,920.9281,0.0,-1,1.0E9,22,13604.239280712753,CRASHED,Run Exceeded Captime -- Treating as CRASHED;Killed Manually,969.398,
112,1,3,6.6745300293,0,2000.0,-1,6.6745300293,0.0,2,0.0,23,13610.913810742053,UNSAT,,6.713,
113,43,23,5.55043005943,0,10.18517407436967,-1,5.55043005943,0.0,2,0.0,23,13616.464240801482,UNSAT,,5.631,
114,43,146,2000.0,0,21.778136294680834,-1,218.652,0.0,-1,1.0E9,23,13835.116240801482,CRASHED,Run Exceeded Captime -- Treating as CRASHED;Killed Manually,230.16,
115,1,132,4.90069890022,0,2000.0,-1,4.90069890022,0.0,1,0.0,23,13840.016939701702,SAT,,4.936,
116,44,12,2000.0,0,6.766626879918576,-1,68.46934999999999,0.0,-1,1.0E9,23,13908.486289701701,CRASHED,Run Exceeded Captime -- Treating as CRASHED;Killed Manually,72.073,
117,1,58,4.32629680634,0,2000.0,-1,4.32629680634,0.0,1,0.0,24,13912.812586508042,SAT,,4.449,
118,45,34,4.90787792206,0,6.601231720644236,-1,4.90787792206,0.0,1,0.0,24,13917.720464430102,SAT,,4.953,
119,1,41,6.26789498329,0,2000.0,-1,6.26789498329,0.0,1,0.0,24,13923.988359413392,SAT,,6.306,
120,46,51,33.2064170837,0,13.878645364540816,-1,33.2064170837,0.0,1,0.0,24,13957.194776497092,SAT,,33.243,
121,1,116,5.97267985344,0,2000.0,-1,5.97267985344,0.0,1,0.0,25,13963.167456350531,SAT,,6.089,
122,47,35,260.807908058,0,133.2128382179618,-1,260.807908058,0.0,1,0.0,25,14223.97536440853,SAT,,260.857,
123,1,140,4.31177902222,0,2000.0,-1,4.31177902222,0.0,1,0.0,25,14228.28714343075,SAT,,4.419,
124,48,150,2000.0,0,135.74646216665508,-1,1358.1655999999998,0.0,-1,1.0E9,25,15586.452743430751,CRASHED,Run Exceeded Captime -- Treating as CRASHED;Killed Manually,1429.648,
125,1,43,4.52327203751,0,2000.0,-1,4.52327203751,0.0,1,0.0,26,15590.97601546826,SAT,,4.559,
126,49,110,10.0837011337,0,11.97814893757105,-1,10.0837011337,0.0,1,0.0,26,15601.059716601962,SAT,,10.165,
127,1,39,1801.83511901,0,2000.0,-1,1801.83511901,0.0,1,0.0,26,17402.89483561196,SAT,,1802.044,
128,50,123,61.2804350853,0,61.417998176413775,-1,61.2804350853,0.0,1,0.0,26,17464.175270697262,SAT,,61.313,
129,1,66,1812.19259501,0,2000.0,-1,1812.19259501,0.0,2,0.0,27,19276.367865707263,UNSAT,,1812.331,
130,51,17,5.47592306137,0,8.0001283328712,-1,5.47592306137,0.0,2,0.0,27,19281.843788768634,UNSAT,,5.507,
131,1,64,3.70752501488,0,2000.0,-1,3.70752501488,0.0,1,0.0,27,19285.551313783515,SAT,,3.757,
132,52,41,2000.0,0,9.150863800543547,-1,92.24595,0.0,-1,1.0E9,27,19377.797263783516,CRASHED,Run Exceeded Captime -- Treating as CRASHED;Killed Manually,97.101,
133,1,154,1886.62996292,0,2000.0,-1,1886.62996292,0.0,1,0.0,28,21264.427226703516,SAT,,1886.827,
134,53,146,2000.0,0,14.50515993719101,-1,145.9409,0.0,-1,1.0E9,28,21410.368126703517,CRASHED,Run Exceeded Captime -- Treating as CRASHED;Killed Manually,153.622,
135,1,108,3.667522192,0,2000.0,-1,3.667522192,0.0,1,0.0,28,21414.03564889552,SAT,,3.705,
136,54,119,5.30856108665,0,5.893847149211168,-1,5.30856108665,0.0,1,0.0,28,21419.34420998217,SAT,,5.342,
137,1,103,15.6854219437,0,2000.0,-1,15.6854219437,0.0,1,0.0,29,21435.02963192587,SAT,,15.722,
138,55,39,1801.81523609,0,2000.0,-1,1801.81523609,0.0,1,0.0,29,23236.84486801587,SAT,,1801.859,
139,55,41,40.4229128361,0,15.045680746781827,-1,40.4229128361,0.0,1,0.0,29,23277.26778085197,SAT,,40.464,
140,1,74,11.7810399532,0,2000.0,-1,11.7810399532,0.0,2,0.0,29,23289.04882080517,UNSAT,,11.813,
141,56,17,5.56260895729,0,8.0001283328712,-1,5.56260895729,0.0,2,0.0,29,23294.61142976246,UNSAT,,5.659,
142,1,134,7.74068713188,0,2000.0,-1,7.74068713188,0.0,2,0.0,30,23302.35211689434,UNSAT,,7.876,
143,57,134,7.40347504616,0,11.065494165170193,-1,7.40347504616,0.0,2,0.0,30,23309.755591940502,UNSAT,,7.439,
144,57,64,4.6092979908,0,15.248576727110148,-1,4.6092979908,0.0,1,0.0,30,23314.3648899313,SAT,,4.655,
145,57,61,2000.0,0,9.256489377814532,-1,93.18454999999999,0.0,-1,1.0E9,30,23407.549439931303,CRASHED,Run Exceeded Captime -- Treating as CRASHED;Killed Manually,98.089,
146,1,124,4.65439105034,0,2000.0,-1,4.65439105034,0.0,1,0.0,30,23412.20383098164,SAT,,4.692,
147,58,58,5.51904296875,0,6.626786373901368,-1,5.51904296875,0.0,1,0.0,30,23417.72287395039,SAT,,5.556,
148,1,112,4.94285702705,0,2000.0,-1,4.94285702705,0.0,1,0.0,31,23422.665730977442,SAT,,5.072,
149,59,57,5.1714849472,0,6.487970136451722,-1,5.1714849472,0.0,1,0.0,31,23427.837215924643,SAT,,5.201,
150,1,91,3.53118991852,0,2000.0,-1,3.53118991852,0.0,1,0.0,31,23431.368405843165,SAT,,3.576,
151,60,132,21.7239089012,0,7.373509638357163,-1,21.7239089012,0.0,1,0.0,31,23453.092314744365,SAT,,21.759,
152,1,14,55.5637948513,0,2000.0,-1,55.5637948513,0.0,2,0.0,32,23508.656109595664,UNSAT,,55.588,
153,59,59,2000.0,0,17.463747587400675,-1,175.41084999999998,0.0,-1,1.0E9,32,23684.066959595664,CRASHED,Run Exceeded Captime -- Treating as CRASHED;Killed Manually,184.643,
154,1,37,4.03274178505,0,2000.0,-1,4.03274178505,0.0,1,0.0,32,23688.099701380714,SAT,,4.075,
155,61,27,7.95435810089,0,12.085452571856976,-1,7.95435810089,0.0,2,0.0,32,23696.054059481605,UNSAT,,7.993,
156,61,57,5.13535380363,0,16.21797428314686,-1,5.13535380363,0.0,1,0.0,32,23701.189413285236,SAT,,5.176,
157,61,61,2000.0,0,9.542014532136918,-1,96.03644999999999,0.0,-1,1.0E9,32,23797.225863285235,CRASHED,Run Exceeded Captime -- Treating as CRASHED;Killed Manually,101.091,
