Run Number,Run History Configuration ID,Instance ID,Response Value (y),Censored?,Cutoff Time Used,Seed,Runtime,Run Length,Run Result Code,Run Quality,SMAC Iteration,SMAC Cumulative Runtime,Run Result,Additional Algorithm Run Data,Wall Clock Time,
1,1,2454,455.566900015,0,2000.0,-1,455.566900015,0.0,1,0.0,0,455.566900015,SAT,,455.91,
2,1,1613,676.388417006,0,2000.0,-1,676.388417006,0.0,1,0.0,1,1131.9553170210002,SAT,,676.528,
3,2,1613,1814.82551098,0,880.3075428943813,-1,1814.82551098,0.0,1,0.0,1,2946.7808280010004,SAT,,1814.893,
4,1,1997,517.338342905,0,2000.0,-1,517.338342905,0.0,1,0.0,1,3464.1191709060004,SAT,,517.394,
5,3,1613,997.389039993,0,880.3075428943813,-1,997.389039993,0.0,1,0.0,1,4461.508210899,SAT,,997.5,
6,1,1193,154.877294064,0,2000.0,-1,154.877294064,0.0,1,0.0,2,4616.385504963,SAT,,154.944,
7,4,1613,561.982748985,0,880.3075428943813,-1,561.982748985,0.0,1,0.0,2,5178.368253948,SAT,,562.076,
8,4,2454,598.451230049,0,1414.509384230125,-1,598.451230049,0.0,1,0.0,2,5776.819483996999,SAT,,598.512,
9,4,1997,617.78135705,0,636.5227855633676,-1,617.78135705,0.0,1,0.0,2,6394.600841046999,SAT,,617.833,
10,1,1110,5.59116411209,0,2000.0,-1,5.59116411209,0.0,1,0.0,2,6400.19200515909,SAT,,5.814,
11,5,1997,642.580209017,0,673.5424461666227,-1,642.580209017,0.0,1,0.0,2,7042.77221417609,SAT,,642.677,
12,1,146,6.68815517426,0,2000.0,-1,6.68815517426,0.0,1,0.0,3,7049.4603693503495,SAT,,6.739,
13,6,146,3.49935698509,0,9.6972021165967,-1,3.49935698509,0.0,1,0.0,3,7052.95972633544,SAT,,3.546,
14,6,1193,5.43571782112,0,879.0309664685011,-1,5.43571782112,0.0,1,0.0,3,7058.39544415656,SAT,,5.478,
15,6,1997,706.684016943,0,871.9645327780128,-1,706.684016943,0.0,1,0.0,3,7765.07946109956,SAT,,706.715,
16,1,1045,99.4084308147,0,2000.0,-1,99.4084308147,0.0,1,0.0,3,7864.48789191426,SAT,,99.467,
17,7,1997,461.637577057,0,673.5424461666227,-1,461.637577057,0.0,1,0.0,3,8326.12546897126,SAT,,461.695,
18,7,1613,1812.64965701,0,1154.0616200197219,-1,1812.64965701,0.0,1,0.0,3,10138.775125981261,SAT,,1812.703,
19,1,1779,658.091028929,0,2000.0,-1,658.091028929,0.0,1,0.0,4,10796.866154910262,SAT,,658.145,
20,8,1779,94.9830989838,0,856.5209382105351,-1,94.9830989838,0.0,1,0.0,4,10891.84925389406,SAT,,95.106,
21,8,1193,11.6199090481,0,1813.6909334812046,-1,11.6199090481,0.0,1,0.0,4,10903.469162942161,SAT,,11.658,
22,8,1613,1813.40578294,0,1798.5850521255018,-1,1813.40578294,0.0,1,0.0,4,12716.874945882162,SAT,,1813.45,
23,1,2711,1664.36803412,0,2000.0,-1,1664.36803412,0.0,2,0.0,4,14381.242980002162,UNSAT,,1664.469,
24,9,1997,1119.16744184,0,673.5424461666227,-1,1119.16744184,0.0,1,0.0,4,15500.410421842162,SAT,,1119.258,
25,1,1711,2239.68732214,0,2000.0,-1,2239.68732214,0.0,2,0.0,5,17740.09774398216,UNSAT,,2239.742,
26,10,1711,2105.41952395,0,2000.0,-1,2105.41952395,0.0,2,0.0,5,19845.517267932162,UNSAT,,2105.489,
27,10,2711,1917.8166151,0,2000.0,-1,1917.8166151,0.0,2,0.0,5,21763.333883032163,UNSAT,,1917.883,
28,10,1779,151.595556021,0,2000.0,-1,151.595556021,0.0,1,0.0,5,21914.92943905316,SAT,,151.62,
29,10,1110,5.37850904465,0,2000.0,-1,5.37850904465,0.0,1,0.0,5,21920.307948097812,SAT,,5.417,
30,10,1193,10.8582689762,0,2000.0,-1,10.8582689762,0.0,1,0.0,5,21931.166217074013,SAT,,10.893,
31,10,1045,6.15506005287,0,2000.0,-1,6.15506005287,0.0,1,0.0,5,21937.321277126885,SAT,,6.216,
32,10,146,3.76655101776,0,2000.0,-1,3.76655101776,0.0,1,0.0,5,21941.087828144646,SAT,,3.797,
33,10,2454,1808.48666906,0,2000.0,-1,1808.48666906,0.0,1,0.0,5,23749.574497204645,SAT,,1808.529,
34,10,1997,1232.24575496,0,2000.0,-1,1232.24575496,0.0,1,0.0,5,24981.820252164645,SAT,,1232.33,
35,10,1613,1815.11984086,0,579.1148944649577,-1,1815.11984086,0.0,1,0.0,5,26796.940093024645,SAT,,1815.181,
36,1,1030,5.36295008659,0,2000.0,-1,5.36295008659,0.0,1,0.0,5,26802.303043111235,SAT,,5.403,
37,11,1030,5.04081606865,0,7.97443565760851,-1,5.04081606865,0.0,1,0.0,5,26807.343859179884,SAT,,5.096,
38,11,1613,1689.02856898,0,1736.2472547109903,-1,1689.02856898,0.0,1,0.0,5,28496.372428159884,SAT,,1689.057,
39,1,137,469.799510956,0,2000.0,-1,469.799510956,0.0,1,0.0,6,28966.171939115884,SAT,,469.868,
40,12,1110,5.83609104156,0,8.27111395855546,-1,5.83609104156,0.0,1,0.0,6,28972.008030157445,SAT,,5.907,
41,1,1062,17.2203080654,0,2000.0,-1,17.2203080654,0.0,1,0.0,6,28989.228338222845,SAT,,17.241,
42,13,1193,5.40866398811,0,202.3430823240161,-1,5.40866398811,0.0,1,0.0,6,28994.637002210955,SAT,,5.427,
43,13,146,3.72674202919,0,876.5488671030581,-1,3.72674202919,0.0,1,0.0,6,28998.363744240145,SAT,,3.765,
44,13,1997,1567.36725998,0,871.7041022035957,-1,1567.36725998,0.0,1,0.0,6,30565.731004220146,SAT,,1567.398,
45,1,2309,1300.89241195,0,2000.0,-1,1300.89241195,0.0,1,0.0,7,31866.623416170147,SAT,,1300.937,
46,14,1062,17.361084938,0,23.389000807303194,-1,17.361084938,0.0,1,0.0,7,31883.984501108145,SAT,,17.456,
47,1,534,315.621785164,0,2000.0,-1,315.621785164,0.0,1,0.0,7,32199.606286272145,SAT,,315.643,
48,15,1997,1234.08648896,0,673.5424461666227,-1,1234.08648896,0.0,1,0.0,7,33433.69277523214,SAT,,1234.152,
49,1,1047,9.43902993202,0,2000.0,-1,9.43902993202,0.0,1,0.0,8,33443.131805164165,SAT,,9.51,
50,16,1779,1838.32462001,0,856.5209382105351,-1,1838.32462001,0.0,1,0.0,8,35281.45642517416,SAT,,1838.395,
51,1,1146,1276.31233001,0,2000.0,-1,1276.31233001,0.0,1,0.0,8,36557.76875518416,SAT,,1276.348,
52,17,1062,93.2447869778,0,23.389000807303194,-1,93.2447869778,0.0,1,0.0,8,36651.013542161956,SAT,,93.353,
53,1,2764,1848.9883709,0,2000.0,-1,1848.9883709,0.0,2,0.0,9,38500.001913061955,UNSAT,,1849.023,
54,18,1030,3.37861514091,0,7.97443565760851,-1,3.37861514091,0.0,1,0.0,9,38503.38052820286,SAT,,3.502,
55,18,2711,1913.355129,0,2000.0,-1,1913.355129,0.0,2,0.0,9,40416.735657202866,UNSAT,,1913.393,
56,18,1997,1651.69056511,0,352.44145885889526,-1,1651.69056511,0.0,1,0.0,9,42068.42622231287,SAT,,1651.717,
57,1,953,1802.99695492,0,2000.0,-1,1802.99695492,0.0,1,0.0,9,43871.42317723287,SAT,,1803.067,
58,19,1047,2000.0,0,13.273338962692023,-1,133.6403,0.0,-1,1.0E9,9,44005.06347723287,CRASHED,Run Exceeded Captime -- Treating as CRASHED;Killed Manually,140.674,
59,1,1855,1013.43134212,0,2000.0,-1,1013.43134212,0.0,1,0.0,10,45018.49481935287,SAT,,1013.456,
60,20,1855,1142.79079294,0,1318.4633453268289,-1,1142.79079294,0.0,1,0.0,10,46161.28561229287,SAT,,1142.853,
61,1,627,10.2459211349,0,2000.0,-1,10.2459211349,0.0,1,0.0,10,46171.53153342777,SAT,,10.335,
62,21,953,4.82677483559,0,2000.0,-1,4.82677483559,0.0,1,0.0,10,46176.358308263356,SAT,,4.906,
63,21,1062,4.11648106575,0,2000.0,-1,4.11648106575,0.0,1,0.0,10,46180.474789329106,SAT,,4.148,
64,21,1030,3.50923085213,0,2000.0,-1,3.50923085213,0.0,1,0.0,10,46183.98402018123,SAT,,3.543,
65,21,1997,877.66002202,0,2000.0,-1,877.66002202,0.0,1,0.0,10,47061.64404220123,SAT,,877.703,
66,21,1110,5.8023879528,0,2000.0,-1,5.8023879528,0.0,1,0.0,10,47067.44643015403,SAT,,5.859,
67,21,627,7.31878685951,0,2000.0,-1,7.31878685951,0.0,1,0.0,10,47074.76521701354,SAT,,7.357,
68,21,2764,1851.99745297,0,2000.0,-1,1851.99745297,0.0,2,0.0,10,48926.76266998354,UNSAT,,1852.024,
69,21,1047,5.27482199669,0,2000.0,-1,5.27482199669,0.0,1,0.0,10,48932.03749198023,SAT,,5.312,
70,21,2711,2302.72956204,0,2000.0,-1,2302.72956204,0.0,2,0.0,10,51234.76705402022,UNSAT,,2302.77,
71,1,2709,1391.51866102,0,2000.0,-1,1391.51866102,0.0,2,0.0,11,52626.28571504023,UNSAT,,1391.557,
72,22,627,4.84847617149,0,14.3222977298975,-1,4.84847617149,0.0,1,0.0,11,52631.13419121172,SAT,,4.927,
73,22,2764,1850.620435,0,2000.0,-1,1850.620435,0.0,2,0.0,11,54481.75462621172,UNSAT,,1850.652,
74,22,1997,598.445798874,0,678.4400420155108,-1,598.445798874,0.0,1,0.0,11,55080.20042508572,SAT,,598.51,
75,1,1071,1552.28628111,0,2000.0,-1,1552.28628111,0.0,1,0.0,11,56632.48670619572,SAT,,1552.353,
76,23,1071,1041.36936402,0,2000.0,-1,1041.36936402,0.0,1,0.0,11,57673.85607021572,SAT,,1041.459,
77,23,1047,8.61512994766,0,2000.0,-1,8.61512994766,0.0,1,0.0,11,57682.47120016338,SAT,,8.728,
78,23,953,712.161286116,0,2000.0,-1,712.161286116,0.0,1,0.0,11,58394.632486279384,SAT,,712.187,
79,23,1711,2530.69318914,0,2000.0,-1,2530.69318914,0.0,2,0.0,11,60925.325675419386,UNSAT,,2530.765,
80,23,2454,890.346642017,0,713.9116272221983,-1,890.346642017,0.0,1,0.0,11,61815.67231743639,SAT,,890.402,
81,1,358,4.15319800377,0,2000.0,-1,4.15319800377,0.0,1,0.0,12,61819.825515440156,SAT,,4.199,
82,24,1997,1341.818501,0,673.5424461666227,-1,1341.818501,0.0,1,0.0,12,63161.64401644016,SAT,,1341.934,
83,1,1469,1056.90643477,0,2000.0,-1,1056.90643477,0.0,1,0.0,12,64218.550451210154,SAT,,1056.964,
84,25,1711,2124.23648286,0,2000.0,-1,2124.23648286,0.0,2,0.0,12,66342.78693407016,UNSAT,,2124.348,
85,25,1855,1563.10355806,0,2000.0,-1,1563.10355806,0.0,1,0.0,12,67905.89049213016,SAT,,1563.205,
86,25,2454,782.055989981,0,1379.5292009491206,-1,782.055989981,0.0,1,0.0,12,68687.94648211116,SAT,,782.096,
87,25,1062,19.4899120331,0,938.1069927368045,-1,19.4899120331,0.0,1,0.0,12,68707.43639414426,SAT,,19.537,
88,25,627,10.664498806,0,912.7701067257404,-1,10.664498806,0.0,1,0.0,12,68718.10089295026,SAT,,10.703,
89,25,534,123.927381039,0,898.9062587622285,-1,123.927381039,0.0,1,0.0,12,68842.02827398926,SAT,,123.957,
90,25,1045,105.549914122,0,737.8006623949587,-1,105.549914122,0.0,1,0.0,12,68947.57818811126,SAT,,105.607,
91,25,1110,5.89688396454,0,2000.0,-1,5.89688396454,0.0,1,0.0,12,68953.4750720758,SAT,,5.928,
92,25,1193,203.960073948,0,2000.0,-1,203.960073948,0.0,1,0.0,12,69157.4351460238,SAT,,204.003,
93,25,1030,5.49222803116,0,2000.0,-1,5.49222803116,0.0,1,0.0,12,69162.92737405495,SAT,,5.563,
94,25,2309,1826.8605628,0,2000.0,-1,1826.8605628,0.0,1,0.0,12,70989.78793685495,SAT,,1826.904,
95,25,1146,1198.56259012,0,2000.0,-1,1198.56259012,0.0,1,0.0,12,72188.35052697494,SAT,,1198.593,
96,25,137,675.550118208,0,2000.0,-1,675.550118208,0.0,1,0.0,12,72863.90064518295,SAT,,675.584,
97,25,2709,1541.13808894,0,2000.0,-1,1541.13808894,0.0,2,0.0,12,74405.03873412295,UNSAT,,1541.206,
98,25,1779,1842.5226481,0,347.0764212202012,-1,1842.5226481,0.0,1,0.0,12,76247.56138222295,SAT,,1842.589,
99,1,2076,667.540944815,0,2000.0,-1,667.540944815,0.0,1,0.0,13,76915.10232703795,SAT,,667.721,
100,26,1062,4.71008610725,0,23.389000807303194,-1,4.71008610725,0.0,1,0.0,13,76919.8124131452,SAT,,4.784,
101,26,146,5.21829295158,0,893.7663192752481,-1,5.21829295158,0.0,1,0.0,13,76925.03070609679,SAT,,5.263,
102,26,2076,1807.30089092,0,886.9825377020717,-1,1807.30089092,0.0,1,0.0,13,78732.33159701679,SAT,,1807.34,
103,1,2641,1820.88400006,0,2000.0,-1,1820.88400006,0.0,1,0.0,13,80553.21559707679,SAT,,1820.95,
104,27,953,5.94691896439,0,2000.0,-1,5.94691896439,0.0,1,0.0,13,80559.16251604118,SAT,,5.982,
105,27,1997,1414.17258787,0,2000.0,-1,1414.17258787,0.0,1,0.0,13,81973.33510391117,SAT,,1414.218,
106,27,137,1803.88455701,0,1782.0250932018937,-1,1803.88455701,0.0,1,0.0,13,83777.21966092117,SAT,,1803.947,
107,1,2752,4112.54714012,0,2000.0,-1,4112.54714012,0.0,2,0.0,14,87889.76680104117,UNSAT,,4112.609,
108,28,1146,1125.99823189,0,1660.2086290608825,-1,1125.99823189,0.0,1,0.0,14,89015.76503293117,SAT,,1126.059,
109,28,1711,2330.88927317,0,2000.0,-1,2330.88927317,0.0,2,0.0,14,91346.65430610118,UNSAT,,2330.941,
110,1,2298,3008.01343203,0,2000.0,-1,3008.01343203,0.0,1,0.0,14,94354.66773813117,SAT,,3008.123,
111,29,2298,2399.96225595,0,2000.0,-1,2399.96225595,0.0,1,0.0,14,96754.62999408117,SAT,,2400.011,
112,29,2309,1827.78782892,0,2000.0,-1,1827.78782892,0.0,1,0.0,14,98582.41782300117,SAT,,1827.808,
113,29,1062,4.98662805557,0,2000.0,-1,4.98662805557,0.0,1,0.0,14,98587.40445105675,SAT,,5.06,
114,29,1071,10.1954138279,0,2000.0,-1,10.1954138279,0.0,1,0.0,14,98597.59986488464,SAT,,10.224,
115,29,2764,1851.07177687,0,2000.0,-1,1851.07177687,0.0,2,0.0,14,100448.67164175464,UNSAT,,1851.105,
116,29,1613,1816.85230994,0,2000.0,-1,1816.85230994,0.0,1,0.0,14,102265.52395169465,SAT,,1816.899,
117,29,1855,1806.57817197,0,2000.0,-1,1806.57817197,0.0,1,0.0,14,104072.10212366465,SAT,,1806.637,
118,29,627,4.9042339325,0,2000.0,-1,4.9042339325,0.0,1,0.0,14,104077.00635759714,SAT,,4.93,
119,29,1030,3.94492506981,0,2000.0,-1,3.94492506981,0.0,1,0.0,14,104080.95128266695,SAT,,3.977,
120,29,1110,5.20196199417,0,2000.0,-1,5.20196199417,0.0,1,0.0,14,104086.15324466112,SAT,,5.233,
121,29,534,4.78428292274,0,2000.0,-1,4.78428292274,0.0,1,0.0,14,104090.93752758387,SAT,,4.806,
122,29,1047,4.62083601952,0,2000.0,-1,4.62083601952,0.0,1,0.0,14,104095.55836360338,SAT,,4.65,
123,29,146,4.28769612312,0,2000.0,-1,4.28769612312,0.0,1,0.0,14,104099.84605972651,SAT,,4.328,
124,29,1146,1463.84198594,0,2000.0,-1,1463.84198594,0.0,1,0.0,14,105563.68804566651,SAT,,1463.878,
125,29,2454,1807.20210505,0,2000.0,-1,1807.20210505,0.0,1,0.0,14,107370.89015071651,SAT,,1807.232,
126,29,2711,2154.87074995,0,2000.0,-1,2154.87074995,0.0,2,0.0,14,109525.76090066652,UNSAT,,2154.959,
127,29,1779,223.968873978,0,2000.0,-1,223.968873978,0.0,1,0.0,14,109749.72977464451,SAT,,224.17,
128,29,2709,2749.60765409,0,2000.0,-1,2749.60765409,0.0,2,0.0,14,112499.3374287345,UNSAT,,2749.653,
129,29,1711,2480.04099178,0,2000.0,-1,2480.04099178,0.0,2,0.0,14,114979.3784205145,UNSAT,,2480.114,
130,29,137,7.1884970665,0,2000.0,-1,7.1884970665,0.0,1,0.0,14,114986.566917581,SAT,,7.221,
131,29,1469,1821.49024391,0,2000.0,-1,1821.49024391,0.0,1,0.0,14,116808.057161491,SAT,,1821.525,
132,29,2641,1884.25772905,0,2000.0,-1,1884.25772905,0.0,1,0.0,14,118692.314890541,SAT,,1884.33,
133,29,1997,2000.0,0,9.378665488559008,-1,126.65399999999998,0.0,-1,1.0E9,14,118818.968890541,CRASHED,Run Exceeded Captime -- Treating as CRASHED;Killed Manually,133.32,
134,1,1425,916.165056944,0,2000.0,-1,916.165056944,0.0,1,0.0,15,119735.133947485,SAT,,916.226,
135,30,1047,5.57012891769,0,13.273338962692023,-1,5.57012891769,0.0,1,0.0,15,119740.70407640269,SAT,,5.656,
136,30,1193,5.55298495293,0,1086.6801958422839,-1,5.55298495293,0.0,1,0.0,15,119746.25706135562,SAT,,5.604,
137,30,1613,1814.34088802,0,1079.4613156359374,-1,1814.34088802,0.0,1,0.0,15,121560.59794937562,SAT,,1814.38,
138,1,814,1819.49656296,0,2000.0,-1,1819.49656296,0.0,1,0.0,15,123380.09451233562,SAT,,1819.536,
139,31,1045,6.23606395721,0,130.23356058483125,-1,6.23606395721,0.0,1,0.0,15,123386.33057629284,SAT,,6.476,
140,31,2641,54.4616250992,0,2000.0,-1,54.4616250992,0.0,1,0.0,15,123440.79220139203,SAT,,54.482,
141,31,627,5.13914394379,0,2000.0,-1,5.13914394379,0.0,1,0.0,15,123445.93134533582,SAT,,5.177,
142,31,2711,1921.19843292,0,2000.0,-1,1921.19843292,0.0,2,0.0,15,125367.12977825582,UNSAT,,1921.232,
143,31,1110,6.07846403122,0,2000.0,-1,6.07846403122,0.0,1,0.0,15,125373.20824228704,SAT,,6.135,
144,31,814,23.1261949539,0,2000.0,-1,23.1261949539,0.0,1,0.0,15,125396.33443724095,SAT,,23.165,
145,31,137,7.5216319561,0,2000.0,-1,7.5216319561,0.0,1,0.0,15,125403.85606919705,SAT,,7.558,
146,31,2076,1807.63158917,0,2000.0,-1,1807.63158917,0.0,1,0.0,15,127211.48765836706,SAT,,1807.661,
147,31,2709,2306.02530694,0,2000.0,-1,2306.02530694,0.0,2,0.0,15,129517.51296530706,UNSAT,,2306.132,
148,31,2752,4321.26946688,0,2000.0,-1,4321.26946688,0.0,2,0.0,15,133838.78243218706,UNSAT,,4321.316,
149,1,888,4.18540406227,0,2000.0,-1,4.18540406227,0.0,1,0.0,16,133842.96783624933,SAT,,4.235,
150,32,137,452.31098485,0,611.7419647875905,-1,452.31098485,0.0,1,0.0,16,134295.27882109932,SAT,,452.369,
151,32,627,18.3562839031,0,1846.0342414568843,-1,18.3562839031,0.0,1,0.0,16,134313.6351050024,SAT,,18.403,
152,32,2709,1015.60656595,0,1822.171072092253,-1,1015.60656595,0.0,2,0.0,16,135329.2416709524,UNSAT,,1015.658,
153,32,2711,1972.8149569,0,2000.0,-1,1972.8149569,0.0,2,0.0,16,137302.0566278524,UNSAT,,1972.909,
154,32,1193,420.81405282,0,2000.0,-1,420.81405282,0.0,1,0.0,16,137722.8706806724,SAT,,420.864,
155,32,2309,1673.86880517,0,2000.0,-1,1673.86880517,0.0,1,0.0,16,139396.7394858424,SAT,,1673.968,
156,32,1711,2797.08120084,0,2000.0,-1,2797.08120084,0.0,2,0.0,16,142193.82068668242,UNSAT,,2797.171,
157,1,2087,1812.20424795,0,2000.0,-1,1812.20424795,0.0,1,0.0,16,144006.0249346324,SAT,,1812.271,
158,33,1047,17.5526862144,0,13.273338962692023,-1,17.5526862144,0.0,1,0.0,16,144023.5776208468,SAT,,17.713,
