Run Number,Run History Configuration ID,Instance ID,Response Value (y),Censored?,Cutoff Time Used,Seed,Runtime,Run Length,Run Result Code,Run Quality,SMAC Iteration,SMAC Cumulative Runtime,Run Result,Additional Algorithm Run Data,Wall Clock Time,
1,1,21,180.118016958,0,2000.0,-1,180.118016958,0.0,2,0.0,0,180.118016958,UNSAT,,180.312,
2,1,55,949.461536884,0,2000.0,-1,949.461536884,0.0,1,0.0,1,1129.579553842,SAT,,949.532,
3,2,55,1802.370646,0,1235.3025989498674,-1,1802.370646,0.0,1,0.0,1,2931.950199842,SAT,,1802.451,
4,1,175,280.241927147,0,2000.0,-1,280.241927147,0.0,2,0.0,1,3212.192126989,UNSAT,,280.277,
5,3,55,920.526226044,0,1235.3025989498674,-1,920.526226044,0.0,1,0.0,1,4132.718353033,SAT,,920.65,
6,3,175,205.262187958,0,637.0890317376435,-1,205.262187958,0.0,2,0.0,1,4337.980540991,UNSAT,,205.331,
7,3,21,163.885201931,0,370.2481875087797,-1,163.885201931,0.0,2,0.0,1,4501.865742922,UNSAT,,163.94,
8,3,228,79.8359048367,0,2000.0,-1,79.8359048367,0.0,1,0.0,2,4581.7016477587,SAT,,79.883,
9,4,21,1801.68261099,0,214.05336324905159,-1,1801.68261099,0.0,2,0.0,2,6383.384258748701,UNSAT,,1801.736,
10,3,164,114.939422131,0,2000.0,-1,114.939422131,0.0,2,0.0,2,6498.323680879701,UNSAT,,114.988,
11,5,164,9.95032811165,0,150.4238493632257,-1,9.95032811165,0.0,2,0.0,2,6508.274008991351,UNSAT,,9.981,
12,5,55,853.067476034,0,1437.9617928418995,-1,853.067476034,0.0,1,0.0,2,7361.341485025351,SAT,,853.159,
13,5,228,11.7293381691,0,328.9740736487985,-1,11.7293381691,0.0,1,0.0,2,7373.070823194451,SAT,,11.777,
14,5,21,234.501053095,0,793.6201417710364,-1,234.501053095,0.0,2,0.0,2,7607.571876289451,UNSAT,,234.528,
15,5,175,2.95871090889,0,488.7687721181392,-1,2.95871090889,0.0,2,0.0,2,7610.530587198341,UNSAT,,3.027,
16,5,149,280.263678789,0,2000.0,-1,280.263678789,0.0,2,0.0,3,7890.794265987341,UNSAT,,280.309,
17,6,228,78.118929863,0,16.250739980834723,-1,78.118929863,0.0,1,0.0,3,7968.91319585034,SAT,,78.161,
18,5,125,78.0940170288,0,2000.0,-1,78.0940170288,0.0,2,0.0,3,8047.007212879141,UNSAT,,78.122,
19,7,125,71.7884848118,0,102.52482331206204,-1,71.7884848118,0.0,2,0.0,3,8118.795697690941,UNSAT,,71.825,
20,7,228,176.604874134,0,329.30190133710505,-1,176.604874134,0.0,1,0.0,3,8295.400571824941,SAT,,176.64,
21,7,21,57.2711689472,0,99.71556457539202,-1,57.2711689472,0.0,2,0.0,3,8352.67174077214,UNSAT,,57.314,
22,7,149,1553.46419311,0,1515.380496893424,-1,1553.46419311,0.0,2,0.0,3,9906.13593388214,UNSAT,,1553.535,
23,5,253,3.31926083565,0,2000.0,-1,3.31926083565,0.0,1,0.0,4,9909.45519471779,SAT,,3.343,
24,8,21,133.015491962,0,305.8539699654758,-1,133.015491962,0.0,2,0.0,4,10042.47068667979,UNSAT,,133.059,
25,8,125,20.594176054,0,247.39407877286078,-1,20.594176054,0.0,2,0.0,4,10063.06486273379,UNSAT,,20.651,
26,8,164,184.316220045,0,220.62165009637476,-1,184.316220045,0.0,2,0.0,4,10247.381082778791,UNSAT,,184.338,
27,5,148,346.211952209,0,2000.0,-1,346.211952209,0.0,2,0.0,4,10593.59303498779,UNSAT,,346.242,
28,9,175,2.7202129364,0,4.8489249203085905,-1,2.7202129364,0.0,2,0.0,4,10596.31324792419,UNSAT,,2.748,
29,9,253,2.88625407219,0,369.97306969796415,-1,2.88625407219,0.0,1,0.0,4,10599.19950199638,SAT,,2.928,
30,9,149,296.455832958,0,366.22093905543085,-1,296.455832958,0.0,2,0.0,4,10895.65533495438,UNSAT,,296.493,
31,5,37,370.866673231,0,2000.0,-1,370.866673231,0.0,2,0.0,5,11266.522008185379,UNSAT,,370.908,
32,10,175,2000.0,0,4.8489249203085905,-1,49.4627,0.0,-1,1.0E9,5,11315.984708185379,CRASHED,Run Exceeded Captime -- Treating as CRASHED;Killed Manually,52.066,
33,5,96,98.6057090759,0,2000.0,-1,98.6057090759,0.0,2,0.0,5,11414.590417261279,UNSAT,,98.636,
34,11,228,2000.0,0,16.250739980834723,-1,163.41424999999998,0.0,-1,1.0E9,5,11578.004667261279,CRASHED,Run Exceeded Captime -- Treating as CRASHED;Killed Manually,172.015,
35,5,39,165.144627094,0,2000.0,-1,165.144627094,0.0,1,0.0,6,11743.149294355278,SAT,,165.193,
36,12,164,64.5470678806,0,13.93802751635313,-1,64.5470678806,0.0,2,0.0,6,11807.696362235878,UNSAT,,64.593,
37,5,226,12.0806810856,0,2000.0,-1,12.0806810856,0.0,1,0.0,6,11819.777043321477,SAT,,12.115,
38,13,21,223.229476929,0,305.8539699654758,-1,223.229476929,0.0,2,0.0,6,12043.006520250477,UNSAT,,223.29,
39,13,55,969.870002985,0,1488.9887510690571,-1,969.870002985,0.0,1,0.0,6,13012.876523235478,SAT,,969.937,
40,13,149,1802.347929,0,228.15774724667074,-1,1802.347929,0.0,2,0.0,6,14815.224452235478,UNSAT,,1802.401,
41,5,234,10.2068259716,0,2000.0,-1,10.2068259716,0.0,1,0.0,7,14825.431278207077,SAT,,10.252,
42,14,125,43.9428598881,0,102.52482331206204,-1,43.9428598881,0.0,2,0.0,7,14869.374138095178,UNSAT,,43.989,
43,14,228,70.3175468445,0,73.91871780936718,-1,70.3175468445,0.0,1,0.0,7,14939.691684939678,SAT,,70.343,
44,5,23,152.320814848,0,2000.0,-1,152.320814848,0.0,2,0.0,7,15092.01249978768,UNSAT,,152.364,
45,15,37,8.26409506798,0,483.1292752999544,-1,8.26409506798,0.0,2,0.0,7,15100.276594855659,UNSAT,,8.315,
46,15,164,243.747683048,0,613.5114008452475,-1,243.747683048,0.0,2,0.0,7,15344.02427790366,UNSAT,,243.774,
47,15,96,1802.63661385,0,296.6394126306951,-1,1802.63661385,0.0,2,0.0,7,17146.66089175366,UNSAT,,1802.691,
48,5,108,64.6168911457,0,2000.0,-1,64.6168911457,0.0,2,0.0,8,17211.27778289936,UNSAT,,64.663,
49,16,175,2.9875190258,0,4.8489249203085905,-1,2.9875190258,0.0,2,0.0,8,17214.26530192516,UNSAT,,3.02,
50,5,229,709.014147043,0,2000.0,-1,709.014147043,0.0,1,0.0,8,17923.27944896816,SAT,,709.051,
51,17,148,529.102731943,0,451.0781381170928,-1,529.102731943,0.0,2,0.0,8,18452.382180911158,UNSAT,,529.143,
52,5,91,433.232547998,0,2000.0,-1,433.232547998,0.0,2,0.0,9,18885.614728909157,UNSAT,,433.259,
53,18,39,219.207975864,0,215.6906153898418,-1,219.207975864,0.0,1,0.0,9,19104.822704773156,SAT,,219.24,
54,5,193,316.443676949,0,2000.0,-1,316.443676949,0.0,1,0.0,9,19421.266381722155,SAT,,316.516,
55,19,149,151.842720032,0,365.34538314526077,-1,151.842720032,0.0,2,0.0,9,19573.109101754155,UNSAT,,151.916,
56,19,37,13.5668640137,0,663.0145489129901,-1,13.5668640137,0.0,2,0.0,9,19586.675965767856,UNSAT,,13.596,
57,19,164,11.2351708412,0,645.3776260729611,-1,11.2351708412,0.0,2,0.0,9,19597.911136609055,UNSAT,,11.261,
58,19,125,1743.45522499,0,2000.0,-1,1743.45522499,0.0,2,0.0,9,21341.366361599055,UNSAT,,1743.502,
59,5,16,710.569244146,0,2000.0,-1,710.569244146,0.0,2,0.0,10,22051.935605745057,UNSAT,,710.605,
60,20,234,2000.0,0,14.271474153149128,-1,159.05945,0.0,-1,1.0E9,10,22210.995055745057,CRASHED,Run Exceeded Captime -- Treating as CRASHED;Killed Manually,167.431,
61,5,183,1803.78239012,0,2000.0,-1,1803.78239012,0.0,2,0.0,10,24014.777445865057,UNSAT,,1803.868,
62,21,234,9.89034295082,0,14.271474153149128,-1,9.89034295082,0.0,1,0.0,10,24024.667788815877,SAT,,9.985,
63,21,226,10.9775769711,0,2000.0,-1,10.9775769711,0.0,1,0.0,10,24035.64536578698,SAT,,11.006,
64,21,183,124.395174026,0,2000.0,-1,124.395174026,0.0,2,0.0,10,24160.04053981298,UNSAT,,124.43,
65,21,37,991.074522972,0,2000.0,-1,991.074522972,0.0,2,0.0,10,25151.115062784982,UNSAT,,991.128,
66,21,175,3.75287413597,0,2000.0,-1,3.75287413597,0.0,2,0.0,10,25154.867936920953,UNSAT,,3.825,
67,21,16,1805.0472641,0,2000.0,-1,1805.0472641,0.0,2,0.0,10,26959.915201020955,UNSAT,,1805.081,
68,21,229,1291.29777288,0,877.6535928141058,-1,1291.29777288,0.0,1,0.0,10,28251.212973900954,SAT,,1291.363,
69,5,173,3.4832880497,0,2000.0,-1,3.4832880497,0.0,2,0.0,11,28254.696261950656,UNSAT,,3.546,
70,22,175,2000.0,0,4.8489249203085905,-1,48.7236,0.0,-1,1.0E9,11,28303.419861950657,CRASHED,Run Exceeded Captime -- Treating as CRASHED;Killed Manually,51.288,
71,5,156,173.280997992,0,2000.0,-1,173.280997992,0.0,2,0.0,11,28476.700859942655,UNSAT,,173.314,
72,23,108,2000.0,0,85.00455933471324,-1,850.7772499999999,0.0,-1,1.0E9,11,29327.478109942655,CRASHED,Run Exceeded Captime -- Treating as CRASHED;Killed Manually,895.555,
73,5,124,119.818681002,0,2000.0,-1,119.818681002,0.0,2,0.0,12,29447.296790944656,UNSAT,,119.856,
74,24,37,498.020359993,0,483.1292752999544,-1,498.020359993,0.0,2,0.0,12,29945.317150937655,UNSAT,,498.042,
75,5,122,33.711067915,0,2000.0,-1,33.711067915,0.0,2,0.0,12,29979.028218852654,UNSAT,,33.789,
76,25,16,1801.93623495,0,924.742618564862,-1,1801.93623495,0.0,2,0.0,12,31780.964453802655,UNSAT,,1801.986,
77,5,192,305.71509099,0,2000.0,-1,305.71509099,0.0,1,0.0,13,32086.679544792656,SAT,,305.738,
78,26,193,23.1849420071,0,412.37938049097653,-1,23.1849420071,0.0,1,0.0,13,32109.864486799757,SAT,,23.252,
79,26,234,62.5658199787,0,593.527488865304,-1,62.5658199787,0.0,1,0.0,13,32172.430306778457,SAT,,62.597,
80,26,23,354.083729029,0,512.1919236968935,-1,354.083729029,0.0,2,0.0,13,32526.514035807457,UNSAT,,354.124,
81,26,55,1386.36055088,0,1492.7911168787361,-1,1386.36055088,0.0,1,0.0,13,33912.87458668746,SAT,,1386.42,
82,5,199,145.899337053,0,2000.0,-1,145.899337053,0.0,1,0.0,13,34058.77392374046,SAT,,145.962,
83,27,16,1804.51520705,0,924.742618564862,-1,1804.51520705,0.0,2,0.0,13,35863.28913079046,UNSAT,,1804.6,
84,5,129,1802.49799895,0,2000.0,-1,1802.49799895,0.0,2,0.0,14,37665.787129740456,UNSAT,,1802.574,
85,28,253,2000.0,0,5.317639176148176,-1,64.9059,0.0,-1,1.0E9,14,37730.693029740454,CRASHED,Run Exceeded Captime -- Treating as CRASHED;Killed Manually,68.322,
86,5,9,602.461822987,0,2000.0,-1,602.461822987,0.0,2,0.0,14,38333.15485272746,UNSAT,,602.548,
87,29,149,1094.3328979,0,365.34538314526077,-1,1094.3328979,0.0,2,0.0,14,39427.48775062746,UNSAT,,1094.403,
88,5,256,1803.96410084,0,2000.0,-1,1803.96410084,0.0,2,0.0,15,41231.45185146746,UNSAT,,1803.996,
89,30,228,118.923506021,0,16.250739980834723,-1,118.923506021,0.0,1,0.0,15,41350.375357488454,SAT,,118.999,
90,5,158,163.410886049,0,2000.0,-1,163.410886049,0.0,2,0.0,15,41513.786243537455,UNSAT,,163.444,
91,31,226,88.1859929562,0,16.707486275929213,-1,88.1859929562,0.0,1,0.0,15,41601.97223649365,SAT,,88.252,
92,5,94,580.073892832,0,2000.0,-1,580.073892832,0.0,2,0.0,16,42182.04612932565,UNSAT,,580.117,
93,32,125,109.049628973,0,102.52482331206204,-1,109.049628973,0.0,2,0.0,16,42291.09575829865,UNSAT,,109.118,
94,5,113,245.749899149,0,2000.0,-1,245.749899149,0.0,2,0.0,16,42536.84565744765,UNSAT,,245.778,
95,33,253,3.05763506889,0,5.317639176148176,-1,3.05763506889,0.0,1,0.0,16,42539.903292516545,SAT,,3.094,
96,33,124,61.9899048805,0,160.9559235986054,-1,61.9899048805,0.0,2,0.0,16,42601.89319739705,UNSAT,,62.022,
97,33,175,2.96732997894,0,80.36904669215083,-1,2.96732997894,0.0,2,0.0,16,42604.86052737599,UNSAT,,2.991,
98,33,39,184.155060053,0,793.5645685422897,-1,184.155060053,0.0,1,0.0,16,42789.01558742899,SAT,,184.183,
99,33,226,11.3479437828,0,554.1629905704141,-1,11.3479437828,0.0,1,0.0,16,42800.36353121179,SAT,,11.407,
100,33,173,2.65366697311,0,539.4106634784222,-1,2.65366697311,0.0,2,0.0,16,42803.0171981849,UNSAT,,2.697,
101,33,37,345.779761076,0,535.9608966748893,-1,345.779761076,0.0,2,0.0,16,43148.7969592609,UNSAT,,345.813,
102,33,122,60.2156760693,0,2000.0,-1,60.2156760693,0.0,2,0.0,16,43209.012635330204,UNSAT,,60.24,
103,33,129,1804.84048986,0,2000.0,-1,1804.84048986,0.0,2,0.0,16,45013.8531251902,UNSAT,,1804.874,
104,33,21,364.23390913,0,1898.065981723714,-1,364.23390913,0.0,2,0.0,16,45378.087034320204,UNSAT,,364.296,
105,33,148,545.640748024,0,1424.561899796474,-1,545.640748024,0.0,2,0.0,16,45923.727782344205,UNSAT,,545.693,
106,33,113,203.132009029,0,715.2289274040342,-1,203.132009029,0.0,2,0.0,16,46126.85979137321,UNSAT,,203.168,
107,33,192,381.878479004,0,451.1573155302286,-1,381.878479004,0.0,1,0.0,16,46508.73827037721,SAT,,381.907,
