Run Number,Run History Configuration ID,Instance ID,Response Value (y),Censored?,Cutoff Time Used,Seed,Runtime,Run Length,Run Result Code,Run Quality,SMAC Iteration,SMAC Cumulative Runtime,Run Result,Additional Algorithm Run Data,Wall Clock Time,
1,1,101,4.730686903,0,2000.0,-1,4.730686903,0.0,1,0.0,0,4.730686903,SAT,,4.848,
2,1,45,7.78892612457,0,2000.0,-1,7.78892612457,0.0,1,0.0,1,12.51961302757,SAT,,7.928,
3,2,45,2000.0,0,11.128204584467412,-1,112.2387,0.0,-1,1.0E9,1,124.75831302757,CRASHED,Run Exceeded Captime -- Treating as CRASHED;Killed Manually,118.146,
4,1,151,118.085582018,0,2000.0,-1,118.085582018,0.0,1,0.0,1,242.84389504556998,SAT,,118.113,
5,3,101,2000.0,0,7.152494032281638,-1,72.28455,0.0,-1,1.0E9,1,315.12844504556995,CRASHED,Run Exceeded Captime -- Treating as CRASHED;Killed Manually,76.089,
6,1,77,4.80021190643,0,2000.0,-1,4.80021190643,0.0,2,0.0,2,319.9286569519999,UNSAT,,4.833,
7,4,101,6.10690402985,0,7.152494032281638,-1,6.10690402985,0.0,1,0.0,2,326.0355609818499,SAT,,6.2,
8,1,68,8.52332997322,0,2000.0,-1,8.52332997322,0.0,2,0.0,2,334.5588909550699,UNSAT,,8.645,
9,5,68,7.30761599541,0,12.082929432737828,-1,7.30761599541,0.0,2,0.0,2,341.8665069504799,UNSAT,,7.355,
10,5,151,136.428681135,0,162.33716065843703,-1,136.428681135,0.0,1,0.0,2,478.29518808547994,SAT,,136.475,
11,1,133,4.46546506882,0,2000.0,-1,4.46546506882,0.0,1,0.0,3,482.7606531542999,SAT,,4.503,
12,6,101,5.18236899376,0,7.152494032281638,-1,5.18236899376,0.0,1,0.0,3,487.9430221480599,SAT,,5.207,
13,1,142,4.15128993988,0,2000.0,-1,4.15128993988,0.0,1,0.0,3,492.0943120879399,SAT,,4.172,
14,7,68,7.98129987717,0,12.082929432737828,-1,7.98129987717,0.0,2,0.0,3,500.0756119651099,UNSAT,,8.024,
15,7,151,164.483321905,0,161.02620101382138,-1,164.483321905,0.0,1,0.0,3,664.5589338701099,SAT,,164.51,
16,1,148,4.48382520676,0,2000.0,-1,4.48382520676,0.0,1,0.0,4,669.0427590768699,SAT,,4.599,
17,8,148,5.43017601967,0,6.831573497849703,-1,5.43017601967,0.0,1,0.0,4,674.4729350965399,SAT,,5.459,
18,1,125,4.8791270256,0,2000.0,-1,4.8791270256,0.0,1,0.0,4,679.35206212214,SAT,,5.042,
19,9,68,8.37851500511,0,12.082929432737828,-1,8.37851500511,0.0,2,0.0,4,687.73057712725,UNSAT,,8.422,
20,9,101,14.9932188988,0,13.686218474406004,-1,14.9932188988,0.0,1,0.0,4,702.72379602605,SAT,,15.026,
21,1,116,5.97267985344,0,2000.0,-1,5.97267985344,0.0,1,0.0,5,708.69647587949,SAT,,6.089,
22,10,116,6.7177529335,0,8.767083928334714,-1,6.7177529335,0.0,1,0.0,5,715.41422881299,SAT,,6.759,
23,1,118,3.97026896477,0,2000.0,-1,3.97026896477,0.0,1,0.0,5,719.38449777776,SAT,,4.11,
24,11,142,5.99705505371,0,6.399277679967881,-1,5.99705505371,0.0,1,0.0,5,725.38155283147,SAT,,6.038,
25,1,121,3.86605000496,0,2000.0,-1,3.86605000496,0.0,1,0.0,6,729.24760283643,SAT,,3.983,
26,12,125,2000.0,0,7.345465746122599,-1,74.1779,0.0,-1,1.0E9,6,803.42550283643,CRASHED,Run Exceeded Captime -- Treating as CRASHED;Killed Manually,78.082,
27,1,122,3.79133892059,0,2000.0,-1,3.79133892059,0.0,1,0.0,6,807.21684175702,SAT,,3.943,
28,13,151,689.081703901,0,154.5138566646457,-1,689.081703901,0.0,1,0.0,6,1496.29854565802,SAT,,689.134,
29,1,49,5.11708188057,0,2000.0,-1,5.11708188057,0.0,1,0.0,7,1501.41562753859,SAT,,5.175,
30,14,151,144.424015999,0,154.5138566646457,-1,144.424015999,0.0,1,0.0,7,1645.8396435375898,SAT,,144.499,
31,1,103,15.6854219437,0,2000.0,-1,15.6854219437,0.0,1,0.0,7,1661.5250654812899,SAT,,15.722,
32,15,125,9.83266878128,0,7.345465746122599,-1,9.83266878128,0.0,1,0.0,7,1671.35773426257,SAT,,9.877,
33,1,144,65.7932338715,0,2000.0,-1,65.7932338715,0.0,1,0.0,8,1737.15096813407,SAT,,65.816,
34,16,45,7.18087506294,0,11.128204584467412,-1,7.18087506294,0.0,1,0.0,8,1744.33184319701,SAT,,7.214,
35,16,116,20.2491409779,0,95.09135520865323,-1,20.2491409779,0.0,1,0.0,8,1764.5809841749099,SAT,,20.292,
36,16,144,101.91933012,0,68.76747141440511,-1,101.91933012,0.0,1,0.0,8,1866.50031429491,SAT,,101.954,
37,1,90,4.0919919014,0,2000.0,-1,4.0919919014,0.0,1,0.0,8,1870.59230619631,SAT,,4.204,
38,17,68,8.91287493706,0,12.082929432737828,-1,8.91287493706,0.0,2,0.0,8,1879.50518113337,UNSAT,,8.951,
39,1,15,6.10633587837,0,2000.0,-1,6.10633587837,0.0,2,0.0,9,1885.6115170117398,UNSAT,,6.135,
40,18,125,35.6713180542,0,7.345465746122599,-1,35.6713180542,0.0,1,0.0,9,1921.2828350659397,SAT,,35.7,
41,1,7,9.281468153,0,2000.0,-1,9.281468153,0.0,2,0.0,9,1930.5643032189398,UNSAT,,9.396,
42,19,116,40.2883150578,0,8.767083928334714,-1,40.2883150578,0.0,1,0.0,9,1970.8526182767398,SAT,,40.36,
43,1,54,7.27256798744,0,2000.0,-1,7.27256798744,0.0,1,0.0,10,1978.1251862641798,SAT,,7.299,
44,20,144,99.6658298969,0,86.53380441327693,-1,99.6658298969,0.0,1,0.0,10,2077.79101616108,SAT,,99.698,
45,1,42,10.7804460526,0,2000.0,-1,10.7804460526,0.0,1,0.0,10,2088.5714622136798,SAT,,10.812,
46,21,142,2000.0,0,6.399277679967881,-1,64.69405,0.0,-1,1.0E9,10,2153.26551221368,CRASHED,Run Exceeded Captime -- Treating as CRASHED;Killed Manually,68.099,
47,1,32,4.96242403984,0,2000.0,-1,4.96242403984,0.0,1,0.0,11,2158.2279362535196,SAT,,5.053,
48,22,144,65.8526730537,0,86.53380441327693,-1,65.8526730537,0.0,1,0.0,11,2224.0806093072197,SAT,,65.953,
49,1,126,3.68307995796,0,2000.0,-1,3.68307995796,0.0,1,0.0,11,2227.76368926518,SAT,,3.706,
50,23,126,5.14718604088,0,5.7906042676150795,-1,5.14718604088,0.0,1,0.0,11,2232.91087530606,SAT,,5.172,
51,1,84,65.724063158,0,2000.0,-1,65.724063158,0.0,1,0.0,12,2298.63493846406,SAT,,65.762,
52,24,148,6.05315804482,0,6.831573497849703,-1,6.05315804482,0.0,1,0.0,12,2304.68809650888,SAT,,6.091,
53,1,69,4.75548815727,0,2000.0,-1,4.75548815727,0.0,2,0.0,12,2309.44358466615,UNSAT,,4.784,
54,25,144,90.9983990192,0,86.53380441327693,-1,90.9983990192,0.0,1,0.0,12,2400.44198368535,SAT,,91.045,
55,1,79,5.21927905083,0,2000.0,-1,5.21927905083,0.0,2,0.0,13,2405.66126273618,UNSAT,,5.331,
56,26,79,5.42297005653,0,7.787662826824189,-1,5.42297005653,0.0,2,0.0,13,2411.0842327927103,UNSAT,,5.462,
57,1,147,98.8440570831,0,2000.0,-1,98.8440570831,0.0,1,0.0,13,2509.92828987581,SAT,,98.924,
58,27,79,5.22683978081,0,7.787662826824189,-1,5.22683978081,0.0,2,0.0,13,2515.1551296566204,UNSAT,,5.263,
59,1,123,48.5850021839,0,2000.0,-1,48.5850021839,0.0,1,0.0,14,2563.7401318405205,SAT,,48.708,
60,28,45,19.4803140163,0,11.128204584467412,-1,19.4803140163,0.0,1,0.0,14,2583.2204458568203,SAT,,19.525,
61,1,124,4.65439105034,0,2000.0,-1,4.65439105034,0.0,1,0.0,14,2587.8748369071604,SAT,,4.692,
62,29,125,5.62325501442,0,7.345465746122599,-1,5.62325501442,0.0,1,0.0,14,2593.4980919215805,SAT,,5.655,
63,1,21,10.0834219456,0,2000.0,-1,10.0834219456,0.0,2,0.0,15,2603.5815138671805,UNSAT,,10.115,
64,30,42,13.8541650772,0,15.017180413353444,-1,13.8541650772,0.0,1,0.0,15,2617.4356789443805,SAT,,13.902,
65,1,10,12.5144760609,0,2000.0,-1,12.5144760609,0.0,2,0.0,15,2629.9501550052805,UNSAT,,12.537,
66,31,126,20.4595031738,0,5.7906042676150795,-1,20.4595031738,0.0,1,0.0,15,2650.4096581790805,SAT,,20.504,
67,1,111,4.33766007423,0,2000.0,-1,4.33766007423,0.0,1,0.0,16,2654.7473182533104,SAT,,4.377,
68,26,123,72.0890538692,0,63.89960477908254,-1,72.0890538692,0.0,1,0.0,16,2726.8363721225105,SAT,,72.126,
69,1,74,11.7810399532,0,2000.0,-1,11.7810399532,0.0,2,0.0,16,2738.6174120757105,UNSAT,,11.813,
70,32,77,5.60468101501,0,7.242876652973891,-1,5.60468101501,0.0,2,0.0,16,2744.2220930907206,UNSAT,,5.69,
71,1,24,5.62081384659,0,2000.0,-1,5.62081384659,0.0,2,0.0,17,2749.8429069373105,UNSAT,,5.749,
72,33,77,5.22382998466,0,7.242876652973891,-1,5.22382998466,0.0,2,0.0,17,2755.0667369219705,UNSAT,,5.257,
73,1,5,7.04732894897,0,2000.0,-1,7.04732894897,0.0,2,0.0,17,2762.1140658709405,UNSAT,,7.215,
74,34,49,18.7981741428,0,7.654806960719824,-1,18.7981741428,0.0,1,0.0,17,2780.9122400137403,SAT,,18.821,
75,1,93,5.78503203392,0,2000.0,-1,5.78503203392,0.0,1,0.0,18,2786.69727204766,SAT,,5.804,
76,33,126,4.41632199287,0,5.24120162089467,-1,4.41632199287,0.0,1,0.0,18,2791.11359404053,SAT,,4.453,
77,1,34,4.30663895607,0,2000.0,-1,4.30663895607,0.0,1,0.0,18,2795.4202329966,SAT,,4.456,
78,35,54,4.53362393379,0,10.456939403313399,-1,4.53362393379,0.0,1,0.0,18,2799.95385693039,SAT,,4.575,
79,35,15,7.6401720047,0,18.955215800899268,-1,7.6401720047,0.0,2,0.0,18,2807.59402893509,UNSAT,,7.669,
80,35,32,5.57496404648,0,9.022992465990782,-1,5.57496404648,0.0,1,0.0,18,2813.16899298157,SAT,,5.604,
81,35,122,23.2161560059,0,109.6133465770364,-1,23.2161560059,0.0,1,0.0,18,2836.38514898747,SAT,,23.26,
82,35,7,14.8332948685,0,79.43234461207986,-1,14.8332948685,0.0,2,0.0,18,2851.2184438559702,UNSAT,,14.875,
83,35,142,2000.0,0,60.14906138961315,-1,602.0815,0.0,-1,1.0E9,18,3453.29994385597,CRASHED,Run Exceeded Captime -- Treating as CRASHED;Killed Manually,633.77,
84,1,59,13.6133909225,0,2000.0,-1,13.6133909225,0.0,1,0.0,19,3466.91333477847,SAT,,13.658,
85,36,77,5.40935707092,0,7.242876652973891,-1,5.40935707092,0.0,2,0.0,19,3472.32269184939,UNSAT,,5.437,
86,1,83,65.5880558491,0,2000.0,-1,65.5880558491,0.0,1,0.0,19,3537.91074769849,SAT,,65.706,
87,37,124,5.50039982796,0,7.053309481936694,-1,5.50039982796,0.0,1,0.0,19,3543.41114752645,SAT,,5.529,
88,1,137,4.61711096764,0,2000.0,-1,4.61711096764,0.0,1,0.0,20,3548.02825849409,SAT,,4.681,
89,36,84,2000.0,0,85.65329423953892,-1,857.2666999999999,0.0,-1,1.0E9,20,4405.29495849409,CRASHED,Run Exceeded Captime -- Treating as CRASHED;Killed Manually,902.386,
90,1,37,4.03274178505,0,2000.0,-1,4.03274178505,0.0,1,0.0,20,4409.32770027914,SAT,,4.075,
91,38,59,12.7579801083,0,18.700008269745112,-1,12.7579801083,0.0,1,0.0,20,4422.08568038744,SAT,,12.837,
92,38,79,5.15608000755,0,94.16677000780703,-1,5.15608000755,0.0,2,0.0,20,4427.241760394991,UNSAT,,5.181,
93,38,83,81.5901529789,0,87.4638656977296,-1,81.5901529789,0.0,1,0.0,20,4508.8319133738905,SAT,,81.626,
94,1,87,4.40654397011,0,2000.0,-1,4.40654397011,0.0,1,0.0,21,4513.238457344,SAT,,4.455,
95,39,126,4.5464720726,0,5.7906042676150795,-1,4.5464720726,0.0,1,0.0,21,4517.784929416601,SAT,,4.576,
96,1,76,4.51932096481,0,2000.0,-1,4.51932096481,0.0,2,0.0,21,4522.30425038141,UNSAT,,4.557,
97,40,68,7.25010991096,0,12.082929432737828,-1,7.25010991096,0.0,2,0.0,21,4529.554360292371,UNSAT,,7.292,
98,40,124,4.87410283089,0,17.872623250234128,-1,4.87410283089,0.0,1,0.0,21,4534.42846312326,SAT,,4.908,
99,40,5,12.3568930626,0,11.536288436847926,-1,12.3568930626,0.0,2,0.0,21,4546.78535618586,UNSAT,,12.393,
100,1,61,6.91170597076,0,2000.0,-1,6.91170597076,0.0,1,0.0,22,4553.69706215662,SAT,,7.047,
101,41,21,9.79896497726,0,14.111048996794224,-1,9.79896497726,0.0,2,0.0,22,4563.49602713388,UNSAT,,9.829,
102,41,126,4.41957688332,0,16.288602806973458,-1,4.41957688332,0.0,1,0.0,22,4567.915604017199,SAT,,4.447,
103,41,45,6.43435382843,0,10.543152306574584,-1,6.43435382843,0.0,1,0.0,22,4574.349957845629,SAT,,6.458,
104,41,32,4.60054898262,0,29.15045701746941,-1,4.60054898262,0.0,1,0.0,22,4578.95050682825,SAT,,4.63,
105,41,49,4.43270802498,0,23.169743165719513,-1,4.43270802498,0.0,1,0.0,22,4583.383214853229,SAT,,4.485,
106,41,125,5.18222117424,0,17.40722273324728,-1,5.18222117424,0.0,1,0.0,22,4588.565436027469,SAT,,5.226,
107,41,93,7.42296504974,0,10.670335952538252,-1,7.42296504974,0.0,1,0.0,22,4595.988401077209,SAT,,7.461,
108,41,59,12.788916111,0,73.07847010751367,-1,12.788916111,0.0,1,0.0,22,4608.777317188209,SAT,,12.829,
109,41,7,9.83661007881,0,56.45287929882407,-1,9.83661007881,0.0,2,0.0,22,4618.613927267019,UNSAT,,9.869,
110,41,79,4.62600302696,0,43.66528577019572,-1,4.62600302696,0.0,2,0.0,22,4623.239930293978,UNSAT,,4.652,
111,41,116,6.12434792519,0,37.65148295869231,-1,6.12434792519,0.0,1,0.0,22,4629.364278219168,SAT,,6.162,
112,41,121,4.71472787857,0,29.68983006511927,-1,4.71472787857,0.0,1,0.0,22,4634.079006097738,SAT,,4.75,
113,41,24,5.58925485611,0,23.560684442865853,-1,5.58925485611,0.0,2,0.0,22,4639.6682609538475,UNSAT,,5.631,
114,41,5,7.39376187325,0,16.294652771550417,-1,7.39376187325,0.0,2,0.0,22,4647.062022827097,UNSAT,,7.434,
115,41,77,6.01677799225,0,6.682761561471224,-1,6.01677799225,0.0,2,0.0,22,4653.078800819348,UNSAT,,6.059,
116,1,81,7.00078606606,0,2000.0,-1,7.00078606606,0.0,1,0.0,22,4660.0795868854075,SAT,,7.042,
117,42,103,2000.0,0,21.393649362373353,-1,214.82824999999997,0.0,-1,1.0E9,22,4874.907836885407,CRASHED,Run Exceeded Captime -- Treating as CRASHED;Killed Manually,226.135,
118,1,75,4.64505887032,0,2000.0,-1,4.64505887032,0.0,2,0.0,23,4879.552895755727,UNSAT,,4.675,
119,43,118,6.7080848217,0,6.163950160491466,-1,6.7080848217,0.0,1,0.0,23,4886.260980577427,SAT,,6.734,
120,1,66,1812.19259501,0,2000.0,-1,1812.19259501,0.0,2,0.0,23,6698.453575587428,UNSAT,,1812.331,
121,44,142,2000.0,0,6.399277679967881,-1,64.66175,0.0,-1,1.0E9,23,6763.115325587428,CRASHED,Run Exceeded Captime -- Treating as CRASHED;Killed Manually,68.065,
122,1,149,130.499284983,0,2000.0,-1,130.499284983,0.0,1,0.0,24,6893.614610570427,SAT,,130.622,
123,45,121,5.06270909309,0,6.0284658226847645,-1,5.06270909309,0.0,1,0.0,24,6898.677319663518,SAT,,5.105,
124,1,73,4.21695709229,0,2000.0,-1,4.21695709229,0.0,2,0.0,24,6902.894276755807,UNSAT,,4.325,
125,46,61,2000.0,0,9.98781834577322,-1,100.79025,0.0,-1,1.0E9,24,7003.684526755807,CRASHED,Run Exceeded Captime -- Treating as CRASHED;Killed Manually,106.095,
126,1,70,3.81339001656,0,2000.0,-1,3.81339001656,0.0,2,0.0,25,7007.497916772368,UNSAT,,3.847,
127,43,24,6.50873708725,0,4.751798592853547,-1,6.50873708725,0.0,2,0.0,25,7014.0066538596175,UNSAT,,6.542,
128,1,91,3.53118991852,0,2000.0,-1,3.53118991852,0.0,1,0.0,25,7017.537843778137,SAT,,3.576,
129,47,45,9.77940201759,0,11.128204584467412,-1,9.77940201759,0.0,1,0.0,25,7027.317245795727,SAT,,9.814,
130,1,113,10.1260449886,0,2000.0,-1,10.1260449886,0.0,1,0.0,26,7037.4432907843275,SAT,,10.17,
131,43,84,492.47695899,0,81.73302131553292,-1,492.47695899,0.0,1,0.0,26,7529.920249774327,SAT,,492.516,
132,1,106,3.54873299599,0,2000.0,-1,3.54873299599,0.0,1,0.0,26,7533.468982770317,SAT,,3.57,
133,48,49,16.9258339405,0,7.654806960719824,-1,16.9258339405,0.0,1,0.0,26,7550.3948167108165,SAT,,17.008,
134,1,36,4.72466397285,0,2000.0,-1,4.72466397285,0.0,1,0.0,27,7555.119480683667,SAT,,4.752,
135,49,76,7.04914903641,0,6.877717644321919,-1,7.04914903641,0.0,2,0.0,27,7562.168629720077,UNSAT,,7.105,
136,1,13,5.54339003563,0,2000.0,-1,5.54339003563,0.0,2,0.0,27,7567.712019755707,UNSAT,,5.677,
137,50,81,2000.0,0,10.103622440594435,-1,101.7773,0.0,-1,1.0E9,27,7669.489319755707,CRASHED,Run Exceeded Captime -- Treating as CRASHED;Killed Manually,107.134,
138,1,8,8.4110789299,0,2000.0,-1,8.4110789299,0.0,2,0.0,28,7677.900398685607,UNSAT,,8.444,
139,51,76,7.92024183273,0,6.877717644321919,-1,7.92024183273,0.0,2,0.0,28,7685.820640518337,UNSAT,,7.99,
140,1,120,339.927826166,0,2000.0,-1,339.927826166,0.0,1,0.0,28,8025.7484666843375,SAT,,339.955,
141,52,37,7.39527583122,0,6.245165214288235,-1,7.39527583122,0.0,1,0.0,28,8033.143742515557,SAT,,7.478,
142,1,11,1802.36289215,0,2000.0,-1,1802.36289215,0.0,2,0.0,29,9835.506634665557,UNSAT,,1802.427,
143,53,125,8.31350302696,0,7.345465746122599,-1,8.31350302696,0.0,1,0.0,29,9843.820137692517,SAT,,8.381,
144,1,146,10.3865840435,0,2000.0,-1,10.3865840435,0.0,1,0.0,29,9854.206721736016,SAT,,10.506,
145,54,32,5.74705696106,0,7.453751273798943,-1,5.74705696106,0.0,1,0.0,29,9859.953778697076,SAT,,5.798,
146,1,119,3.76249694824,0,2000.0,-1,3.76249694824,0.0,1,0.0,30,9863.716275645316,SAT,,3.78,
147,55,54,11.2653758526,0,10.456939403313399,-1,11.2653758526,0.0,1,0.0,30,9874.981651497916,SAT,,11.347,
148,1,35,101.446128845,0,2000.0,-1,101.446128845,0.0,1,0.0,30,9976.427780342916,SAT,,101.568,
149,56,59,46.6269478798,0,18.700008269745112,-1,46.6269478798,0.0,1,0.0,30,10023.054728222716,SAT,,46.698,
150,1,141,4.18560218811,0,2000.0,-1,4.18560218811,0.0,1,0.0,31,10027.240330410827,SAT,,4.324,
151,57,68,10.0859310627,0,12.082929432737828,-1,10.0859310627,0.0,2,0.0,31,10037.326261473527,UNSAT,,10.145,
152,1,57,4.21951508522,0,2000.0,-1,4.21951508522,0.0,1,0.0,31,10041.545776558747,SAT,,4.337,
153,58,121,7.27371001244,0,6.0284658226847645,-1,7.27371001244,0.0,1,0.0,31,10048.819486571187,SAT,,7.346,
154,1,94,3.42658996582,0,2000.0,-1,3.42658996582,0.0,1,0.0,32,10052.246076537007,SAT,,3.601,
155,59,87,10.1875269413,0,6.731108006435633,-1,10.1875269413,0.0,1,0.0,32,10062.433603478306,SAT,,10.216,
156,1,99,3.85811591148,0,2000.0,-1,3.85811591148,0.0,1,0.0,32,10066.291719389787,SAT,,3.96,
157,60,36,9.88806295395,0,7.144664310264588,-1,9.88806295395,0.0,1,0.0,32,10076.179782343737,SAT,,9.931,
