Run Number,Run History Configuration ID,Instance ID,Response Value (y),Censored?,Cutoff Time Used,Seed,Runtime,Run Length,Run Result Code,Run Quality,SMAC Iteration,SMAC Cumulative Runtime,Run Result,Additional Algorithm Run Data,Wall Clock Time,
1,1,48,4.3556098938,0,2000.0,-1,4.3556098938,0.0,1,0.0,0,4.3556098938,SAT,,4.455,
2,1,91,3.53118991852,0,2000.0,-1,3.53118991852,0.0,1,0.0,1,7.88679981232,SAT,,3.576,
3,2,48,20.7813711166,0,6.6648937653481966,-1,20.7813711166,0.0,1,0.0,1,28.66817092892,SAT,,20.813,
4,1,71,5.39538002014,0,2000.0,-1,5.39538002014,0.0,2,0.0,1,34.06355094906,UNSAT,,5.42,
5,3,48,13.5604431629,0,6.6648937653481966,-1,13.5604431629,0.0,1,0.0,1,47.62399411196,SAT,,13.608,
6,1,82,41.7906210423,0,2000.0,-1,41.7906210423,0.0,1,0.0,2,89.41461515426,SAT,,41.908,
7,4,91,3.37511897087,0,5.59314804931283,-1,3.37511897087,0.0,1,0.0,2,92.78973412513001,SAT,,3.406,
8,4,48,3.56728100777,0,61.19819328968525,-1,3.56728100777,0.0,1,0.0,2,96.35701513290002,SAT,,3.594,
9,4,82,2000.0,0,56.56072775681615,-1,566.5078,0.0,-1,1.0E9,2,662.8648151329,CRASHED,Run Exceeded Captime -- Treating as CRASHED;Killed Manually,596.324,
10,1,50,3.11656117439,0,2000.0,-1,3.11656117439,0.0,1,0.0,2,665.98137630729,SAT,,3.146,
11,5,82,2000.0,0,55.33040807430744,-1,554.173,0.0,-1,1.0E9,2,1220.15437630729,CRASHED,Run Exceeded Captime -- Treating as CRASHED;Killed Manually,583.34,
12,1,72,4.1487159729,0,2000.0,-1,4.1487159729,0.0,2,0.0,3,1224.30309228019,UNSAT,,4.238,
13,6,71,6.10595607758,0,8.0165941159904,-1,6.10595607758,0.0,2,0.0,3,1230.40904835777,UNSAT,,6.176,
14,1,128,3.83949780464,0,2000.0,-1,3.83949780464,0.0,1,0.0,3,1234.2485461624099,SAT,,3.953,
15,7,71,6.46720385551,0,8.0165941159904,-1,6.46720385551,0.0,2,0.0,3,1240.7157500179198,UNSAT,,6.504,
16,1,145,67.4906468391,0,2000.0,-1,67.4906468391,0.0,1,0.0,4,1308.2063968570199,SAT,,67.523,
17,8,48,7.25296592712,0,6.6648937653481966,-1,7.25296592712,0.0,1,0.0,4,1315.4593627841398,SAT,,7.3,
18,1,127,4.55384898186,0,2000.0,-1,4.55384898186,0.0,1,0.0,4,1320.0132117659998,SAT,,4.685,
19,9,72,5.87967586517,0,6.395931251692772,-1,5.87967586517,0.0,2,0.0,4,1325.8928876311697,UNSAT,,5.959,
20,1,151,118.085582018,0,2000.0,-1,118.085582018,0.0,1,0.0,5,1443.9784696491697,SAT,,118.113,
21,10,72,6.48497200012,0,6.395931251692772,-1,6.48497200012,0.0,2,0.0,5,1450.4634416492897,UNSAT,,6.553,
22,1,98,3.60300779343,0,2000.0,-1,3.60300779343,0.0,1,0.0,5,1454.0664494427197,SAT,,3.726,
23,11,128,5.99988007545,0,5.993948214101791,-1,5.99988007545,0.0,1,0.0,5,1460.0663295181696,SAT,,6.078,
24,1,137,4.61711096764,0,2000.0,-1,4.61711096764,0.0,1,0.0,6,1464.6834404858096,SAT,,4.681,
25,12,127,7.53074097633,0,6.9226038533926015,-1,7.53074097633,0.0,1,0.0,6,1472.2141814621395,SAT,,7.59,
26,1,103,15.6854219437,0,2000.0,-1,15.6854219437,0.0,1,0.0,6,1487.8996034058396,SAT,,15.722,
27,13,127,6.77944684029,0,6.9226038533926015,-1,6.77944684029,0.0,1,0.0,6,1494.6790502461295,SAT,,6.825,
28,1,148,4.48382520676,0,2000.0,-1,4.48382520676,0.0,1,0.0,7,1499.1628754528895,SAT,,4.599,
29,14,127,6.23605799675,0,6.9226038533926015,-1,6.23605799675,0.0,1,0.0,7,1505.3989334496396,SAT,,6.291,
30,1,81,7.00078606606,0,2000.0,-1,7.00078606606,0.0,1,0.0,7,1512.3997195156996,SAT,,7.042,
31,15,151,49.7739799023,0,154.5138566646457,-1,49.7739799023,0.0,1,0.0,7,1562.1736994179996,SAT,,49.816,
32,15,145,1802.05919003,0,181.59965340827705,-1,1802.05919003,0.0,1,0.0,7,3364.2328894479997,SAT,,1802.09,
33,1,73,4.21695709229,0,2000.0,-1,4.21695709229,0.0,2,0.0,8,3368.44984654029,UNSAT,,4.325,
34,16,128,4.7371199131,0,5.993948214101791,-1,4.7371199131,0.0,1,0.0,8,3373.1869664533897,SAT,,4.808,
35,1,111,4.33766007423,0,2000.0,-1,4.33766007423,0.0,1,0.0,8,3377.5246265276196,SAT,,4.377,
36,17,151,162.659090996,0,154.5138566646457,-1,162.659090996,0.0,1,0.0,8,3540.1837175236196,SAT,,162.694,
37,1,149,128.438632011,0,2000.0,-1,128.438632011,0.0,1,0.0,9,3668.62234953462,SAT,,128.526,
38,18,128,4.61848688126,0,5.993948214101791,-1,4.61848688126,0.0,1,0.0,9,3673.24083641588,SAT,,4.655,
39,1,52,4.08326196671,0,2000.0,-1,4.08326196671,0.0,1,0.0,9,3677.32409838259,SAT,,4.125,
40,19,82,52.1874730587,0,55.33040807430744,-1,52.1874730587,0.0,1,0.0,9,3729.51157144129,SAT,,52.226,
41,1,59,13.6133909225,0,2000.0,-1,13.6133909225,0.0,1,0.0,10,3743.12496236379,SAT,,13.658,
42,20,145,2000.0,0,88.74044091289045,-1,888.2062999999999,0.0,-1,1.0E9,10,4631.33126236379,CRASHED,Run Exceeded Captime -- Treating as CRASHED;Killed Manually,934.954,
43,1,49,5.11708188057,0,2000.0,-1,5.11708188057,0.0,1,0.0,10,4636.448344244361,SAT,,5.175,
44,21,137,4.3386888504,0,7.004844386476279,-1,4.3386888504,0.0,1,0.0,10,4640.787033094761,SAT,,4.385,
45,21,145,847.721935987,0,242.61624728177787,-1,847.721935987,0.0,1,0.0,10,5488.50896908176,SAT,,847.753,
46,1,41,6.26789498329,0,2000.0,-1,6.26789498329,0.0,1,0.0,11,5494.77686406505,SAT,,6.306,
47,22,127,8.02985501289,0,6.9226038533926015,-1,8.02985501289,0.0,1,0.0,11,5502.80671907794,SAT,,8.228,
48,1,8,8.4110789299,0,2000.0,-1,8.4110789299,0.0,2,0.0,11,5511.21779800784,UNSAT,,8.444,
49,23,71,6.35687804222,0,8.0165941159904,-1,6.35687804222,0.0,2,0.0,11,5517.574676050061,UNSAT,,6.392,
50,1,83,65.5880558491,0,2000.0,-1,65.5880558491,0.0,1,0.0,12,5583.1627318991605,SAT,,65.706,
51,22,103,2000.0,0,16.876140691685677,-1,169.70895,0.0,-1,1.0E9,12,5752.871681899161,CRASHED,Run Exceeded Captime -- Treating as CRASHED;Killed Manually,178.641,
52,1,78,3.91260290146,0,2000.0,-1,3.91260290146,0.0,2,0.0,12,5756.78428480062,UNSAT,,3.947,
53,24,149,33.8474941254,0,167.97282191773058,-1,33.8474941254,0.0,1,0.0,12,5790.63177892602,SAT,,33.897,
54,24,82,124.762161016,0,182.3530162576318,-1,124.762161016,0.0,1,0.0,12,5915.393939942021,SAT,,124.804,
55,24,50,4.31196093559,0,20.162207343029976,-1,4.31196093559,0.0,1,0.0,12,5919.7059008776105,SAT,,4.356,
56,24,73,10.4399101734,0,49.04256136004925,-1,10.4399101734,0.0,2,0.0,12,5930.14581105101,UNSAT,,10.473,
57,24,111,5.07049798965,0,35.470678367066384,-1,5.07049798965,0.0,1,0.0,12,5935.21630904066,SAT,,5.116,
58,24,48,20.9919159412,0,28.87903068994284,-1,20.9919159412,0.0,1,0.0,12,5956.20822498186,SAT,,21.035,
59,24,59,2000.0,0,1.5895401019334794,-1,16.6877,0.0,-1,1.0E9,12,5972.895924981861,CRASHED,Run Exceeded Captime -- Treating as CRASHED;Killed Manually,17.566,
60,1,9,1802.10941482,0,2000.0,-1,1802.10941482,0.0,2,0.0,13,7775.005339801861,UNSAT,,1802.139,
61,25,9,1194.93827105,0,2000.0,-1,1194.93827105,0.0,2,0.0,13,8969.94361085186,UNSAT,,1194.985,
62,25,151,305.40486908,0,1029.1034166592835,-1,305.40486908,0.0,1,0.0,13,9275.348479931861,SAT,,305.468,
63,25,83,542.21150279,0,632.0770870785892,-1,542.21150279,0.0,1,0.0,13,9817.559982721861,SAT,,542.252,
64,1,30,1801.82252598,0,2000.0,-1,1801.82252598,0.0,2,0.0,13,11619.382508701861,UNSAT,,1801.863,
65,26,91,4.82665920258,0,5.59314804931283,-1,4.82665920258,0.0,1,0.0,13,11624.20916790444,SAT,,4.917,
66,1,154,1886.62996292,0,2000.0,-1,1886.62996292,0.0,1,0.0,14,13510.83913082444,SAT,,1886.827,
67,27,148,6.00072479248,0,6.831573497849703,-1,6.00072479248,0.0,1,0.0,14,13516.839855616921,SAT,,6.055,
68,1,64,3.70752501488,0,2000.0,-1,3.70752501488,0.0,1,0.0,14,13520.5473806318,SAT,,3.757,
69,28,91,6.09780311584,0,5.59314804931283,-1,6.09780311584,0.0,1,0.0,14,13526.64518374764,SAT,,6.144,
70,1,26,5.99367022514,0,2000.0,-1,5.99367022514,0.0,2,0.0,15,13532.63885397278,UNSAT,,6.11,
71,29,145,2000.0,0,88.74044091289045,-1,888.0201,0.0,-1,1.0E9,15,14420.65895397278,CRASHED,Run Exceeded Captime -- Treating as CRASHED;Killed Manually,934.758,
72,1,122,3.79133892059,0,2000.0,-1,3.79133892059,0.0,1,0.0,15,14424.450292893369,SAT,,3.943,
73,30,82,113.238157034,0,55.33040807430744,-1,113.238157034,0.0,1,0.0,15,14537.68844992737,SAT,,113.307,
74,1,31,5.28613305092,0,2000.0,-1,5.28613305092,0.0,2,0.0,16,14542.97458297829,UNSAT,,5.334,
75,31,81,2000.0,0,10.103622440594435,-1,101.74215,0.0,-1,1.0E9,16,14644.71673297829,CRASHED,Run Exceeded Captime -- Treating as CRASHED;Killed Manually,107.097,
76,1,95,4.28234004974,0,2000.0,-1,4.28234004974,0.0,1,0.0,16,14648.99907302803,SAT,,4.324,
77,32,64,5.69328403473,0,5.822383229035139,-1,5.69328403473,0.0,1,0.0,16,14654.69235706276,SAT,,5.73,
