Run Number,Run History Configuration ID,Instance ID,Response Value (y),Censored?,Cutoff Time Used,Seed,Runtime,Run Length,Run Result Code,Run Quality,SMAC Iteration,SMAC Cumulative Runtime,Run Result,Additional Algorithm Run Data,Wall Clock Time,
1,1,30,1802.20728302,0,2000.0,-1,1802.20728302,0.0,2,0.0,0,1802.20728302,UNSAT,,1802.395,
2,1,15,6.10633587837,0,2000.0,-1,6.10633587837,0.0,2,0.0,1,1808.31361889837,UNSAT,,6.135,
3,2,30,1801.94183397,0,2000.0,-1,1801.94183397,0.0,2,0.0,1,3610.25545286837,UNSAT,,1802.056,
4,2,15,20.0022821426,0,9.287221066999436,-1,20.0022821426,0.0,2,0.0,1,3630.25773501097,UNSAT,,20.066,
5,1,76,4.51932096481,0,2000.0,-1,4.51932096481,0.0,2,0.0,1,3634.77705597578,UNSAT,,4.557,
6,3,15,2000.0,0,8.940836683261395,-1,90.36305,0.0,-1,1.0E9,1,3725.14010597578,CRASHED,Run Exceeded Captime -- Treating as CRASHED;Killed Manually,95.119,
7,1,74,11.7810399532,0,2000.0,-1,11.7810399532,0.0,2,0.0,2,3736.92114592898,UNSAT,,11.813,
8,4,30,42.715968132,0,2000.0,-1,42.715968132,0.0,2,0.0,2,3779.63711406098,UNSAT,,42.757,
9,4,15,6.82143497467,0,2000.0,-1,6.82143497467,0.0,2,0.0,2,3786.45854903565,UNSAT,,6.871,
10,4,76,5.80215787888,0,2000.0,-1,5.80215787888,0.0,2,0.0,2,3792.2607069145297,UNSAT,,5.904,
11,4,74,10.1465141773,0,2000.0,-1,10.1465141773,0.0,2,0.0,2,3802.40722109183,UNSAT,,10.178,
12,4,1,5.47063302994,0,2000.0,-1,5.47063302994,0.0,2,0.0,2,3807.87785412177,UNSAT,,5.505,
13,5,74,23.3565378189,0,14.193069178956748,-1,23.3565378189,0.0,2,0.0,2,3831.23439194067,UNSAT,,23.413,
14,4,96,4.52770590782,0,2000.0,-1,4.52770590782,0.0,1,0.0,3,3835.7620978484897,SAT,,4.573,
15,6,30,2000.0,0,56.53335944597721,-1,565.9871999999999,0.0,-1,1.0E9,3,4401.74929784849,CRASHED,Run Exceeded Captime -- Treating as CRASHED;Killed Manually,595.776,
16,4,10,15.9729201794,0,2000.0,-1,15.9729201794,0.0,2,0.0,3,4417.7222180278895,UNSAT,,16.005,
17,7,30,2000.0,0,56.53335944597721,-1,566.0726999999999,0.0,-1,1.0E9,3,4983.794918027889,CRASHED,Run Exceeded Captime -- Treating as CRASHED;Killed Manually,595.866,
18,4,3,7.86473202705,0,2000.0,-1,7.86473202705,0.0,2,0.0,4,4991.659650054939,UNSAT,,7.917,
19,8,74,30.7240378857,0,14.193069178956748,-1,30.7240378857,0.0,2,0.0,4,5022.383687940639,UNSAT,,30.846,
20,4,64,5.98660898209,0,2000.0,-1,5.98660898209,0.0,1,0.0,4,5028.370296922729,SAT,,6.055,
21,9,10,12.5436630249,0,21.767397214072943,-1,12.5436630249,0.0,2,0.0,4,5040.913959947628,UNSAT,,12.589,
22,9,76,8.06146001816,0,26.19650884379745,-1,8.06146001816,0.0,2,0.0,4,5048.975419965788,UNSAT,,8.11,
23,9,74,33.4766130447,0,15.71661055867672,-1,33.4766130447,0.0,2,0.0,4,5082.452033010488,UNSAT,,33.529,
24,4,87,8.93032693863,0,2000.0,-1,8.93032693863,0.0,1,0.0,5,5091.382359949118,SAT,,8.969,
25,10,10,20.6392841339,0,21.767397214072943,-1,20.6392841339,0.0,2,0.0,5,5112.021644083018,UNSAT,,20.685,
26,4,121,7.44490504265,0,2000.0,-1,7.44490504265,0.0,1,0.0,5,5119.466549125668,SAT,,7.495,
27,11,87,10.1326501369,0,12.612025894570351,-1,10.1326501369,0.0,1,0.0,5,5129.599199262569,SAT,,10.187,
28,4,142,6.51359415054,0,2000.0,-1,6.51359415054,0.0,1,0.0,6,5136.112793413108,SAT,,6.577,
29,12,15,9.59257602692,0,9.870465740907193,-1,9.59257602692,0.0,2,0.0,6,5145.705369440028,UNSAT,,9.658,
30,4,149,162.959110975,0,2000.0,-1,162.959110975,0.0,1,0.0,6,5308.664480415028,SAT,,163.015,
31,13,149,143.699351788,0,212.84944451262356,-1,143.699351788,0.0,1,0.0,6,5452.363832203028,SAT,,143.787,
32,13,142,5.41128206253,0,43.378425192433596,-1,5.41128206253,0.0,1,0.0,6,5457.775114265558,SAT,,5.431,
33,13,15,22.1219410896,0,36.34375835617185,-1,22.1219410896,0.0,2,0.0,6,5479.897055355158,UNSAT,,22.155,
34,13,64,7.40134000778,0,46.884980786937476,-1,7.40134000778,0.0,1,0.0,6,5487.298395362938,SAT,,7.442,
35,13,87,6.8134958744,0,37.26323795353174,-1,6.8134958744,0.0,1,0.0,6,5494.111891237339,SAT,,6.858,
36,13,3,6.75064897537,0,28.405693907636408,-1,6.75064897537,0.0,2,0.0,6,5500.862540212708,UNSAT,,6.792,
37,13,121,4.83137392998,0,19.62985041399598,-1,4.83137392998,0.0,1,0.0,6,5505.693914142688,SAT,,4.874,
38,13,96,5.12520289421,0,123.38353329186441,-1,5.12520289421,0.0,1,0.0,6,5510.819117036898,SAT,,5.191,
39,13,74,27.4528799057,0,116.72076917101742,-1,27.4528799057,0.0,2,0.0,6,5538.271996942598,UNSAT,,27.489,
40,13,30,64.6192340851,0,81.03202571009398,-1,64.6192340851,0.0,2,0.0,6,5602.891231027698,UNSAT,,64.649,
41,4,8,9.15308904648,0,2000.0,-1,9.15308904648,0.0,2,0.0,7,5612.044320074178,UNSAT,,9.195,
42,14,30,19.5098879337,0,56.53335944597721,-1,19.5098879337,0.0,2,0.0,7,5631.5542080078785,UNSAT,,19.589,
43,14,64,4.48581886292,0,48.634073127406836,-1,4.48581886292,0.0,1,0.0,7,5636.040026870798,SAT,,4.527,
44,14,121,4.01572608948,0,42.80250900273323,-1,4.01572608948,0.0,1,0.0,7,5640.055752960278,SAT,,4.049,
45,14,142,1801.50000095,0,277.0540113452554,-1,1801.50000095,0.0,1,0.0,7,7441.555753910278,SAT,,1801.53,
46,4,16,6.23834300041,0,2000.0,-1,6.23834300041,0.0,2,0.0,7,7447.7940969106885,UNSAT,,6.311,
47,15,142,7.33156704903,0,9.470273357230425,-1,7.33156704903,0.0,1,0.0,7,7455.125663959719,SAT,,7.391,
48,4,75,4.48297810555,0,2000.0,-1,4.48297810555,0.0,2,0.0,8,7459.608642065268,UNSAT,,4.523,
49,16,76,17.1690678596,0,8.54540605877638,-1,17.1690678596,0.0,2,0.0,8,7476.777709924868,UNSAT,,17.211,
50,4,99,4.31002402306,0,2000.0,-1,4.31002402306,0.0,1,0.0,8,7481.0877339479275,SAT,,4.349,
51,17,96,4.67625379562,0,6.888617750602961,-1,4.67625379562,0.0,1,0.0,8,7485.763987743548,SAT,,4.725,
52,4,111,5.23974204063,0,2000.0,-1,5.23974204063,0.0,1,0.0,9,7491.003729784177,SAT,,5.278,
53,18,3,5.88420891762,0,11.226752296435834,-1,5.88420891762,0.0,2,0.0,9,7496.887938701797,UNSAT,,5.908,
54,18,121,4.61007404327,0,34.02305393328071,-1,4.61007404327,0.0,1,0.0,9,7501.498012745067,SAT,,4.651,
55,18,10,11.5759499073,0,28.029956844049696,-1,11.5759499073,0.0,2,0.0,9,7513.073962652367,UNSAT,,11.608,
56,18,1,5.81417298317,0,45.993124962198735,-1,5.81417298317,0.0,2,0.0,9,7518.888135635537,UNSAT,,5.842,
57,18,96,4.70129013062,0,38.434699725705386,-1,4.70129013062,0.0,1,0.0,9,7523.589425766157,SAT,,4.73,
58,18,8,9.34603500366,0,32.323022362190486,-1,9.34603500366,0.0,2,0.0,9,7532.935460769817,UNSAT,,9.374,
59,18,16,6.62745904922,0,20.173176460313798,-1,6.62745904922,0.0,2,0.0,9,7539.562919819037,UNSAT,,6.673,
60,18,64,4.96357893944,0,329.0437142256379,-1,4.96357893944,0.0,1,0.0,9,7544.526498758477,SAT,,5.005,
61,18,76,6.34045982361,0,322.5910619724274,-1,6.34045982361,0.0,2,0.0,9,7550.866958582087,UNSAT,,6.384,
62,18,75,4.65706086159,0,314.34846407582165,-1,4.65706086159,0.0,2,0.0,9,7555.524019443677,UNSAT,,4.681,
63,18,87,6.15920710564,0,308.29428498481514,-1,6.15920710564,0.0,1,0.0,9,7561.683226549318,SAT,,6.189,
64,18,30,1801.77126002,0,300.2873160768032,-1,1801.77126002,0.0,2,0.0,9,9363.454486569317,UNSAT,,1801.825,
65,4,50,3.41201400757,0,2000.0,-1,3.41201400757,0.0,1,0.0,9,9366.866500576887,SAT,,3.443,
66,19,15,14.4339997768,0,9.870465740907193,-1,14.4339997768,0.0,2,0.0,9,9381.300500353687,UNSAT,,14.519,
67,4,19,5.27654600143,0,2000.0,-1,5.27654600143,0.0,2,0.0,10,9386.577046355118,UNSAT,,5.306,
68,20,1,6.70691299438,0,8.114423871386052,-1,6.70691299438,0.0,2,0.0,10,9393.283959349497,UNSAT,,6.733,
69,4,123,50.0161290169,0,2000.0,-1,50.0161290169,0.0,1,0.0,10,9443.300088366397,SAT,,50.054,
70,21,96,4.69367694855,0,6.888617750602961,-1,4.69367694855,0.0,1,0.0,10,9447.993765314946,SAT,,4.726,
71,4,115,4.50003600121,0,2000.0,-1,4.50003600121,0.0,1,0.0,11,9452.493801316157,SAT,,4.525,
72,22,121,3.36917901039,0,10.680976964879036,-1,3.36917901039,0.0,1,0.0,11,9455.862980326547,SAT,,3.397,
73,22,87,6.33129405975,0,82.93403674696684,-1,6.33129405975,0.0,1,0.0,11,9462.194274386296,SAT,,6.38,
74,22,123,62.5419239998,0,74.70335475017428,-1,62.5419239998,0.0,1,0.0,11,9524.736198386096,SAT,,62.578,
75,4,127,4.63541293144,0,2000.0,-1,4.63541293144,0.0,1,0.0,11,9529.371611317536,SAT,,4.677,
76,23,3,5.27108192444,0,11.226752296435834,-1,5.27108192444,0.0,2,0.0,11,9534.642693241976,UNSAT,,5.303,
77,23,76,5.01285004616,0,17.769798066812754,-1,5.01285004616,0.0,2,0.0,11,9539.655543288136,UNSAT,,5.049,
78,23,115,5.00745010376,0,11.253092706549168,-1,5.00745010376,0.0,1,0.0,11,9544.662993391896,SAT,,5.051,
79,23,19,6.49877285957,0,298.15430584211947,-1,6.49877285957,0.0,2,0.0,11,9551.161766251465,UNSAT,,6.532,
80,23,149,117.340606928,0,289.70590139587523,-1,117.340606928,0.0,1,0.0,11,9668.502373179466,SAT,,117.38,
81,23,123,50.9302909374,0,137.16311276738645,-1,50.9302909374,0.0,1,0.0,11,9719.432664116866,SAT,,50.956,
82,23,121,4.0638961792,0,70.95373392884731,-1,4.0638961792,0.0,1,0.0,11,9723.496560296066,SAT,,4.1,
83,23,142,3.86397409439,0,145.71459664811493,-1,3.86397409439,0.0,1,0.0,11,9727.360534390456,SAT,,3.901,
84,23,111,3.72787809372,0,140.69143104215266,-1,3.72787809372,0.0,1,0.0,11,9731.088412484176,SAT,,3.772,
85,23,15,16.4720649719,0,135.84518906508686,-1,16.4720649719,0.0,2,0.0,11,9747.560477456076,UNSAT,,16.507,
86,23,96,3.85238695145,0,114.43150470812918,-1,3.85238695145,0.0,1,0.0,11,9751.412864407526,SAT,,3.896,
87,23,87,5.5029540062,0,109.42340166156293,-1,5.5029540062,0.0,1,0.0,11,9756.915818413727,SAT,,5.526,
88,23,74,20.0816168785,0,102.26956129853727,-1,20.0816168785,0.0,2,0.0,11,9776.997435292227,UNSAT,,20.118,
89,23,50,3.52107691765,0,76.16345927898884,-1,3.52107691765,0.0,1,0.0,11,9780.518512209877,SAT,,3.552,
90,23,10,8.52586913109,0,71.58605995436311,-1,8.52586913109,0.0,2,0.0,11,9789.044381340967,UNSAT,,8.568,
91,23,1,6.64161396027,0,168.4038041051209,-1,6.64161396027,0.0,2,0.0,11,9795.685995301237,UNSAT,,6.684,
92,23,64,6.09462213516,0,159.76970557903053,-1,6.09462213516,0.0,1,0.0,11,9801.780617436398,SAT,,6.132,
93,23,8,27.4023778439,0,151.84669763629438,-1,27.4023778439,0.0,2,0.0,11,9829.182995280298,UNSAT,,27.445,
94,23,30,2000.0,0,116.22360543196203,-1,1162.99855,0.0,-1,1.0E9,11,10992.181545280298,CRASHED,Run Exceeded Captime -- Treating as CRASHED;Killed Manually,1224.209,
95,4,144,261.418429852,0,2000.0,-1,261.418429852,0.0,1,0.0,12,11253.599975132298,SAT,,261.45,
96,24,142,2000.0,0,9.470273357230425,-1,95.59375,0.0,-1,1.0E9,12,11349.193725132298,CRASHED,Run Exceeded Captime -- Treating as CRASHED;Killed Manually,100.625,
97,4,23,8.11407184601,0,2000.0,-1,8.11407184601,0.0,2,0.0,12,11357.307796978308,UNSAT,,8.149,
98,25,19,14.1687569618,0,7.862109959471226,-1,14.1687569618,0.0,2,0.0,12,11371.476553940109,UNSAT,,14.201,
99,4,77,5.56218194962,0,2000.0,-1,5.56218194962,0.0,2,0.0,13,11377.038735889728,UNSAT,,5.599,
100,26,142,4.81345486641,0,9.470273357230425,-1,4.81345486641,0.0,1,0.0,13,11381.852190756137,SAT,,4.849,
101,26,76,6.13931107521,0,66.28894609247446,-1,6.13931107521,0.0,2,0.0,13,11387.991501831348,UNSAT,,6.186,
102,26,30,50.928137064,0,58.307840571153164,-1,50.928137064,0.0,2,0.0,13,11438.919638895348,UNSAT,,50.977,
103,4,113,12.7785689831,0,2000.0,-1,12.7785689831,0.0,1,0.0,13,11451.698207878448,SAT,,12.818,
104,27,144,41.7769210339,0,340.8465594876289,-1,41.7769210339,0.0,1,0.0,13,11493.475128912347,SAT,,41.814,
105,27,127,5.74443078041,0,305.7556668188155,-1,5.74443078041,0.0,1,0.0,13,11499.219559692758,SAT,,5.785,
106,27,74,8.09884285927,0,298.2879075113416,-1,8.09884285927,0.0,2,0.0,13,11507.318402552028,UNSAT,,8.15,
107,27,99,4.54641413689,0,317.2022579129517,-1,4.54641413689,0.0,1,0.0,13,11511.864816688918,SAT,,4.573,
108,27,75,4.56975603104,0,311.2919195446849,-1,4.56975603104,0.0,2,0.0,13,11516.434572719958,UNSAT,,4.599,
109,27,64,7.37079191208,0,305.3512369174242,-1,7.37079191208,0.0,1,0.0,13,11523.805364632039,SAT,,7.394,
110,27,3,6.32043385506,0,295.76920688931943,-1,6.32043385506,0.0,2,0.0,13,11530.125798487099,UNSAT,,6.36,
111,27,15,13.0085070133,0,622.6517398733378,-1,13.0085070133,0.0,2,0.0,13,11543.134305500398,UNSAT,,13.043,
112,27,113,1189.76391602,0,605.7406808141351,-1,1189.76391602,0.0,1,0.0,13,12732.898221520398,SAT,,1189.797,
113,4,108,5.53647613525,0,2000.0,-1,5.53647613525,0.0,1,0.0,14,12738.434697655648,SAT,,5.576,
114,28,19,6.77794098854,0,7.862109959471226,-1,6.77794098854,0.0,2,0.0,14,12745.212638644189,UNSAT,,6.873,
115,4,98,4.23951292038,0,2000.0,-1,4.23951292038,0.0,1,0.0,14,12749.452151564568,SAT,,4.277,
116,29,74,5.38183999062,0,14.193069178956748,-1,5.38183999062,0.0,2,0.0,14,12754.833991555188,UNSAT,,5.436,
117,29,10,19.0164370537,0,36.073919281709195,-1,19.0164370537,0.0,2,0.0,14,12773.850428608888,UNSAT,,19.06,
118,29,16,6.54470801353,0,11.352550879466534,-1,6.54470801353,0.0,2,0.0,14,12780.39513662242,UNSAT,,6.582,
119,29,75,7.16871213913,0,33.47980900515914,-1,7.16871213913,0.0,2,0.0,14,12787.563848761549,UNSAT,,7.213,
120,29,8,2000.0,0,24.160483282405142,-1,242.37349999999998,0.0,-1,1.0E9,14,13029.937348761548,CRASHED,Run Exceeded Captime -- Treating as CRASHED;Killed Manually,255.13,
121,4,151,123.915263891,0,2000.0,-1,123.915263891,0.0,1,0.0,15,13153.852612652548,SAT,,123.946,
122,30,19,10.0653181076,0,7.862109959471226,-1,10.0653181076,0.0,2,0.0,15,13163.917930760148,UNSAT,,10.09,
123,4,140,4.53731799126,0,2000.0,-1,4.53731799126,0.0,1,0.0,15,13168.455248751408,SAT,,4.576,
124,31,123,61.3171391487,0,66.0235685188055,-1,61.3171391487,0.0,1,0.0,15,13229.772387900108,SAT,,61.364,
125,4,70,4.65379405022,0,2000.0,-1,4.65379405022,0.0,2,0.0,16,13234.426181950328,UNSAT,,4.678,
126,30,8,31.7873010635,0,6.677513093101979,-1,31.7873010635,0.0,2,0.0,16,13266.213483013827,UNSAT,,31.819,
127,4,69,4.67971587181,0,2000.0,-1,4.67971587181,0.0,2,0.0,16,13270.893198885637,UNSAT,,4.699,
128,32,123,81.3503041267,0,66.0235685188055,-1,81.3503041267,0.0,1,0.0,16,13352.243503012336,SAT,,81.394,
