Run Number,Run History Configuration ID,Instance ID,Response Value (y),Censored?,Cutoff Time Used,Seed,Runtime,Run Length,Run Result Code,Run Quality,SMAC Iteration,SMAC Cumulative Runtime,Run Result,Additional Algorithm Run Data,Wall Clock Time,
1,1,1110,52.667678833,0,2000.0,-1,52.667678833,0.0,1,0.0,0,52.667678833,SAT,,53.046,
2,1,1669,1874.14309216,0,2000.0,-1,1874.14309216,0.0,2,0.0,1,1926.810770993,UNSAT,,1879.931,
3,2,1110,50.3301680088,0,69.47058335726261,-1,50.3301680088,0.0,1,0.0,1,1977.1409390018,SAT,,52.296,
4,2,1669,1854.77660394,0,2000.0,-1,1854.77660394,0.0,2,0.0,1,3831.9175429418,UNSAT,,1855.532,
5,2,1582,2807.95657396,0,2000.0,-1,2807.95657396,0.0,1,0.0,1,6639.874116901799,SAT,,2809.393,
6,3,1582,2778.88628483,0,2000.0,-1,2778.88628483,0.0,1,0.0,1,9418.760401731799,SAT,,2780.078,
7,3,1669,1848.87581992,0,2000.0,-1,1848.87581992,0.0,2,0.0,1,11267.6362216518,UNSAT,,1849.565,
8,3,1110,47.5324680805,0,452.0191963653743,-1,47.5324680805,0.0,1,0.0,1,11315.1686897323,SAT,,47.976,
9,3,194,264.68750906,0,2000.0,-1,264.68750906,0.0,1,0.0,2,11579.8561987923,SAT,,265.269,
10,4,1669,1861.11652398,0,2000.0,-1,1861.11652398,0.0,2,0.0,2,13440.9727227723,UNSAT,,1864.678,
11,3,187,47.4591419697,0,2000.0,-1,47.4591419697,0.0,1,0.0,2,13488.431864742,SAT,,48.266,
12,5,1110,47.375715971,0,62.79480884631276,-1,47.375715971,0.0,1,0.0,2,13535.807580713,SAT,,47.775,
13,5,1669,662.30774188,0,2000.0,-1,662.30774188,0.0,2,0.0,2,14198.115322593001,UNSAT,,662.992,
14,5,1582,2743.74052095,0,2000.0,-1,2743.74052095,0.0,1,0.0,2,16941.855843543002,SAT,,2743.972,
15,5,187,38.9245278835,0,2000.0,-1,38.9245278835,0.0,1,0.0,2,16980.780371426503,SAT,,39.382,
16,5,194,41.6845519543,0,2000.0,-1,41.6845519543,0.0,1,0.0,2,17022.4649233808,SAT,,42.492,
17,5,2023,870.096976042,0,2000.0,-1,870.096976042,0.0,1,0.0,3,17892.561899422803,SAT,,870.541,
18,6,2023,366.461614132,0,1132.12866903131,-1,366.461614132,0.0,1,0.0,3,18259.023513554803,SAT,,367.115,
19,6,1669,778.59899497,0,1578.3196658719064,-1,778.59899497,0.0,2,0.0,3,19037.622508524804,UNSAT,,779.152,
20,6,1110,49.3941910267,0,566.1409724395454,-1,49.3941910267,0.0,1,0.0,3,19087.016699551503,SAT,,49.687,
21,6,194,55.4570791721,0,2000.0,-1,55.4570791721,0.0,1,0.0,3,19142.473778723604,SAT,,55.772,
22,6,1582,2836.58739209,0,2000.0,-1,2836.58739209,0.0,1,0.0,3,21979.061170813606,SAT,,2842.887,
23,5,2378,4492.67351294,0,2000.0,-1,4492.67351294,0.0,1,0.0,3,26471.734683753606,SAT,,4499.021,
24,7,1669,1859.79054499,0,862.002664979893,-1,1859.79054499,0.0,2,0.0,3,28331.525228743605,UNSAT,,1859.958,
25,5,619,1822.0163908,0,2000.0,-1,1822.0163908,0.0,1,0.0,4,30153.541619543605,SAT,,1823.216,
26,8,2378,4190.24130797,0,2000.0,-1,4190.24130797,0.0,1,0.0,4,34343.7829275136,SAT,,4190.659,
27,8,619,1820.96030688,0,2000.0,-1,1820.96030688,0.0,1,0.0,4,36164.7432343936,SAT,,1821.523,
28,8,194,114.891389132,0,2000.0,-1,114.891389132,0.0,1,0.0,4,36279.6346235256,SAT,,115.135,
29,8,1669,1856.84845901,0,2000.0,-1,1856.84845901,0.0,2,0.0,4,38136.4830825356,UNSAT,,1857.131,
30,8,1582,2907.12650394,0,2000.0,-1,2907.12650394,0.0,1,0.0,4,41043.6095864756,SAT,,2909.435,
31,8,187,52.2556359768,0,1343.6403304230155,-1,52.2556359768,0.0,1,0.0,4,41095.8652224524,SAT,,55.01,
32,8,2023,2025.581388,0,1275.708003517586,-1,2025.581388,0.0,1,0.0,4,43121.446610452396,SAT,,2032.209,
33,5,902,46.1473488808,0,2000.0,-1,46.1473488808,0.0,1,0.0,4,43167.59395933319,SAT,,52.148,
34,9,194,66.2619428635,0,55.19251803715825,-1,66.2619428635,0.0,1,0.0,4,43233.855902196694,SAT,,67.556,
35,5,173,54.2991199493,0,2000.0,-1,54.2991199493,0.0,1,0.0,5,43288.15502214599,SAT,,55.0,
36,10,619,1823.62810397,0,2000.0,-1,1823.62810397,0.0,1,0.0,5,45111.78312611599,SAT,,1825.64,
37,5,1413,1966.43200302,0,2000.0,-1,1966.43200302,0.0,1,0.0,5,47078.21512913599,SAT,,1972.961,
38,11,194,2000.0,0,55.19251803715825,-1,553.11565,0.0,-1,1.0E9,5,47631.33077913599,CRASHED,Run Exceeded Captime -- Treating as CRASHED;Killed Manually,582.227,
39,5,1360,225.395663023,0,2000.0,-1,225.395663023,0.0,1,0.0,6,47856.72644215899,SAT,,226.28,
40,12,1413,1946.02039909,0,2000.0,-1,1946.02039909,0.0,1,0.0,6,49802.74684124899,SAT,,1947.488,
41,12,1360,226.79400897,0,380.54620063711997,-1,226.79400897,0.0,1,0.0,6,50029.54085021899,SAT,,227.74,
42,12,902,40.5891289711,0,85.71399002184273,-1,40.5891289711,0.0,1,0.0,6,50070.12997919009,SAT,,41.637,
43,12,187,47.5957229137,0,2000.0,-1,47.5957229137,0.0,1,0.0,6,50117.72570210379,SAT,,47.671,
44,12,2023,831.784589052,0,2000.0,-1,831.784589052,0.0,1,0.0,6,50949.510291155784,SAT,,832.428,
45,12,2378,4696.56367087,0,2000.0,-1,4696.56367087,0.0,1,0.0,6,55646.07396202578,SAT,,4696.972,
46,5,1020,136.9157269,0,2000.0,-1,136.9157269,0.0,1,0.0,6,55782.98968892578,SAT,,137.581,
47,13,1582,3011.34443307,0,2000.0,-1,3011.34443307,0.0,1,0.0,6,58794.33412199578,SAT,,3012.148,
48,5,2720,1885.28544617,0,2000.0,-1,1885.28544617,0.0,2,0.0,7,60679.61956816578,UNSAT,,1885.86,
49,14,1110,53.9967150688,0,62.591031462299824,-1,53.9967150688,0.0,1,0.0,7,60733.61628323458,SAT,,54.729,
50,5,1576,3332.30300617,0,2000.0,-1,3332.30300617,0.0,1,0.0,7,64065.91928940458,SAT,,3333.25,
51,15,619,1821.07255793,0,2000.0,-1,1821.07255793,0.0,1,0.0,7,65886.99184733458,SAT,,1821.86,
52,15,173,1826.89736104,0,2000.0,-1,1826.89736104,0.0,1,0.0,7,67713.88920837457,SAT,,1827.655,
53,15,1582,3147.59190011,0,2000.0,-1,3147.59190011,0.0,1,0.0,7,70861.48110848457,SAT,,3148.183,
54,5,2463,2055.80527592,0,2000.0,-1,2055.80527592,0.0,1,0.0,8,72917.28638440458,SAT,,2060.167,
55,16,194,57.0203299522,0,55.19251803715825,-1,57.0203299522,0.0,1,0.0,8,72974.30671435678,SAT,,57.808,
56,5,1396,2604.79288697,0,2000.0,-1,2604.79288697,0.0,1,0.0,8,75579.09960132677,SAT,,2605.988,
57,17,1396,2594.392102,0,2000.0,-1,2594.392102,0.0,1,0.0,8,78173.49170332677,SAT,,2595.189,
58,17,194,68.1744699478,0,368.39576753636,-1,68.1744699478,0.0,1,0.0,8,78241.66617327457,SAT,,68.626,
59,17,1020,139.836275101,0,279.76895625551344,-1,139.836275101,0.0,1,0.0,8,78381.50244837557,SAT,,140.594,
60,17,2378,4710.81916308,0,2000.0,-1,4710.81916308,0.0,1,0.0,8,83092.32161145557,SAT,,4711.441,
