Run Number,Run History Configuration ID,Instance ID,Response Value (y),Censored?,Cutoff Time Used,Seed,Runtime,Run Length,Run Result Code,Run Quality,SMAC Iteration,SMAC Cumulative Runtime,Run Result,Additional Algorithm Run Data,Wall Clock Time,
1,1,201,16.5976700783,0,2000.0,-1,16.5976700783,0.0,1,0.0,0,16.5976700783,SAT,,16.796,
2,1,2126,1023.77171898,0,2000.0,-1,1023.77171898,0.0,1,0.0,1,1040.3693890583,SAT,,1023.808,
3,2,2126,1834.52101398,0,1331.9058351110398,-1,1834.52101398,0.0,1,0.0,1,2874.8904030383,SAT,,1834.585,
4,1,838,214.27123189,0,2000.0,-1,214.27123189,0.0,1,0.0,1,3089.1616349283,SAT,,214.324,
5,3,838,5.07345890999,0,279.5552025440812,-1,5.07345890999,0.0,1,0.0,1,3094.23509383829,SAT,,5.158,
6,3,201,34.0386271477,0,1625.4425118569018,-1,34.0386271477,0.0,1,0.0,1,3128.27372098599,SAT,,34.061,
7,3,2126,1476.22862911,0,1581.192296080637,-1,1476.22862911,0.0,1,0.0,1,4604.502350095991,SAT,,1476.261,
8,1,2197,1874.16298509,0,2000.0,-1,1874.16298509,0.0,1,0.0,2,6478.66533518599,SAT,,1874.221,
9,4,201,7.64240217209,0,22.57957196642757,-1,7.64240217209,0.0,1,0.0,2,6486.307737358081,SAT,,7.713,
10,4,2126,1833.22229004,0,1622.1028854030849,-1,1833.22229004,0.0,1,0.0,2,8319.530027398081,SAT,,1833.258,
11,1,2021,3034.73260903,0,2000.0,-1,3034.73260903,0.0,1,0.0,2,11354.26263642808,SAT,,3034.81,
12,5,2021,3404.7024219,0,2000.0,-1,3404.7024219,0.0,1,0.0,2,14758.96505832808,SAT,,3404.895,
13,1,1129,5.2185189724,0,2000.0,-1,5.2185189724,0.0,1,0.0,3,14764.18357730048,SAT,,5.287,
14,6,2126,1828.208004,0,1331.9058351110398,-1,1828.208004,0.0,1,0.0,3,16592.39158130048,SAT,,1828.23,
15,1,2583,659.004626989,0,2000.0,-1,659.004626989,0.0,1,0.0,3,17251.39620828948,SAT,,659.029,
16,7,2021,4170.73410201,0,2000.0,-1,4170.73410201,0.0,1,0.0,3,21422.13031029948,SAT,,4170.92,
17,1,1813,514.251236916,0,2000.0,-1,514.251236916,0.0,1,0.0,4,21936.38154721548,SAT,,514.32,
18,8,838,3.5296831131,0,279.5552025440812,-1,3.5296831131,0.0,1,0.0,4,21939.91123032858,SAT,,3.63,
19,8,1129,3.96763896942,0,303.3302593867958,-1,3.96763896942,0.0,1,0.0,4,21943.878869298,SAT,,3.994,
20,8,201,5.87265300751,0,298.1723286103189,-1,5.87265300751,0.0,1,0.0,4,21949.751522305512,SAT,,5.901,
21,8,2126,1830.55279899,0,2000.0,-1,1830.55279899,0.0,1,0.0,4,23780.304321295513,SAT,,1830.58,
22,8,2197,286.856760979,0,2000.0,-1,286.856760979,0.0,1,0.0,4,24067.161082274513,SAT,,286.894,
23,8,2021,2917.91812992,0,2000.0,-1,2917.91812992,0.0,1,0.0,4,26985.079212194512,SAT,,2917.955,
24,8,1813,354.290641069,0,2000.0,-1,354.290641069,0.0,1,0.0,4,27339.369853263514,SAT,,354.32,
25,8,2583,44.7611620426,0,2000.0,-1,44.7611620426,0.0,1,0.0,4,27384.131015306113,SAT,,44.79,
26,8,588,4.02162098885,0,2000.0,-1,4.02162098885,0.0,1,0.0,4,27388.152636294963,SAT,,4.085,
27,9,201,5.57488203049,0,8.63704903830886,-1,5.57488203049,0.0,1,0.0,4,27393.727518325453,SAT,,5.607,
28,9,2197,1872.69542098,0,432.4956023025989,-1,1872.69542098,0.0,1,0.0,4,29266.422939305452,SAT,,1872.736,
29,8,2436,6350.286937,0,2000.0,-1,6350.286937,0.0,1,0.0,5,35616.70987630545,SAT,,6350.33,
30,10,2021,2869.67667294,0,2000.0,-1,2869.67667294,0.0,1,0.0,5,38486.38654924545,SAT,,2869.758,
31,10,2436,7613.27269387,0,2000.0,-1,7613.27269387,0.0,1,0.0,5,46099.65924311545,SAT,,7613.351,
32,8,608,5.72821593285,0,2000.0,-1,5.72821593285,0.0,1,0.0,5,46105.3874590483,SAT,,5.781,
33,11,2021,3921.12463117,0,2000.0,-1,3921.12463117,0.0,1,0.0,5,50026.512090218304,SAT,,3921.19,
34,8,661,5.58808898926,0,2000.0,-1,5.58808898926,0.0,1,0.0,6,50032.10017920756,SAT,,5.632,
35,12,838,3.51505994797,0,5.591189105409383,-1,3.51505994797,0.0,1,0.0,6,50035.61523915553,SAT,,3.575,
36,12,1129,3.60496592522,0,466.75997440551515,-1,3.60496592522,0.0,1,0.0,6,50039.22020508075,SAT,,3.643,
37,12,1813,600.353804827,0,462.0735195357084,-1,600.353804827,0.0,1,0.0,6,50639.574009907745,SAT,,600.374,
38,8,438,5.14060878754,0,2000.0,-1,5.14060878754,0.0,1,0.0,6,50644.71461869528,SAT,,5.175,
39,13,1129,6.18766307831,0,6.160531089055538,-1,6.18766307831,0.0,1,0.0,6,50650.90228177359,SAT,,6.232,
40,8,247,6.46896719933,0,2000.0,-1,6.46896719933,0.0,1,0.0,7,50657.37124897292,SAT,,6.505,
41,12,608,0.0,1,0.0,-1,0.0,0.0,0,0.0,7,50657.37124897292,TIMEOUT,Processed by ca.ubc.cs.beta.aeatk.targetalgorithmevaluator.decorators.helpers.CompleteZeroSecondCutoffRunsTargetAlgorithmEvaluatorDecorator,0.0,
42,8,962,6.28676104546,0,2000.0,-1,6.28676104546,0.0,1,0.0,7,50663.658010018386,SAT,,6.322,
43,14,2197,1878.68863702,0,373.91638987545963,-1,1878.68863702,0.0,1,0.0,7,52542.34664703839,SAT,,1878.736,
44,8,951,4.11080908775,0,2000.0,-1,4.11080908775,0.0,1,0.0,8,52546.45745612614,SAT,,4.325,
45,15,2583,43.03221488,0,59.19211123918295,-1,43.03221488,0.0,1,0.0,8,52589.48967100614,SAT,,43.078,
46,15,962,5.21093297005,0,16.769673664468527,-1,5.21093297005,0.0,1,0.0,8,52594.70060397618,SAT,,5.25,
47,15,951,3.8995950222,0,9.995460406291485,-1,3.8995950222,0.0,1,0.0,8,52598.600198998385,SAT,,3.92,
48,15,1129,3.49908304214,0,2000.0,-1,3.49908304214,0.0,1,0.0,8,52602.09928204052,SAT,,3.545,
49,15,201,4.70922398567,0,2000.0,-1,4.70922398567,0.0,1,0.0,8,52606.808506026195,SAT,,4.731,
50,15,2126,1831.00188303,0,2000.0,-1,1831.00188303,0.0,1,0.0,8,54437.8103890562,SAT,,1831.033,
51,15,438,5.16792416573,0,13.151748840111495,-1,5.16792416573,0.0,1,0.0,8,54442.97831322193,SAT,,5.255,
52,15,1813,726.141645908,0,2000.0,-1,726.141645908,0.0,1,0.0,8,55169.11995912993,SAT,,726.168,
53,15,2021,3102.39776301,0,2000.0,-1,3102.39776301,0.0,1,0.0,8,58271.51772213993,SAT,,3102.44,
54,15,2197,285.881958008,0,2000.0,-1,285.881958008,0.0,1,0.0,8,58557.39968014793,SAT,,285.995,
55,15,588,3.49231314659,0,2000.0,-1,3.49231314659,0.0,1,0.0,8,58560.89199329452,SAT,,3.516,
56,15,838,3.40257406235,0,2000.0,-1,3.40257406235,0.0,1,0.0,8,58564.29456735687,SAT,,3.441,
57,15,608,5.92236185074,0,2000.0,-1,5.92236185074,0.0,1,0.0,8,58570.21692920761,SAT,,5.957,
58,15,661,6.26319289207,0,2000.0,-1,6.26319289207,0.0,1,0.0,8,58576.480122099674,SAT,,6.304,
59,15,2436,5550.876791,0,2000.0,-1,5550.876791,0.0,1,0.0,8,64127.35691309968,SAT,,5550.905,
60,15,247,4.9878590107,0,2000.0,-1,4.9878590107,0.0,1,0.0,8,64132.34477211037,SAT,,5.105,
61,15,2692,1847.1979239,0,2000.0,-1,1847.1979239,0.0,1,0.0,8,65979.54269601038,SAT,,1847.269,
62,16,2692,1847.48313093,0,2000.0,-1,1847.48313093,0.0,1,0.0,8,67827.02582694039,SAT,,1847.561,
63,15,738,4.59346199036,0,2000.0,-1,4.59346199036,0.0,1,0.0,9,67831.61928893074,SAT,,4.762,
64,17,738,5.32382011414,0,6.974100590097905,-1,5.32382011414,0.0,1,0.0,9,67836.94310904488,SAT,,5.391,
65,15,406,7.38636517525,0,2000.0,-1,7.38636517525,0.0,1,0.0,9,67844.32947422013,SAT,,7.438,
66,18,838,3.74461507797,0,5.425946496772766,-1,3.74461507797,0.0,1,0.0,9,67848.0740892981,SAT,,3.796,
67,15,615,4.14727497101,0,2000.0,-1,4.14727497101,0.0,1,0.0,10,67852.2213642691,SAT,,4.17,
68,17,406,8.26720786095,0,9.65670960803628,-1,8.26720786095,0.0,1,0.0,10,67860.48857213005,SAT,,8.315,
69,15,654,5.14241814613,0,2000.0,-1,5.14241814613,0.0,1,0.0,10,67865.63099027619,SAT,,5.179,
70,19,2021,4625.91040015,0,2000.0,-1,4625.91040015,0.0,1,0.0,10,72491.54139042618,SAT,,4625.963,
71,15,1272,2753.83134913,0,2000.0,-1,2753.83134913,0.0,2,0.0,11,75245.37273955619,UNSAT,,2753.905,
72,20,2583,2000.0,0,56.94447978248,-1,806.5595,0.0,-1,1.0E9,11,76051.93223955619,CRASHED,Run Exceeded Captime -- Treating as CRASHED;Killed Manually,849.01,
73,15,2565,220.388673067,0,2000.0,-1,220.388673067,0.0,1,0.0,11,76272.3209126232,SAT,,220.473,
74,21,962,2000.0,0,7.776813570755721,-1,365.3719,0.0,-1,1.0E9,11,76637.6928126232,CRASHED,Run Exceeded Captime -- Treating as CRASHED;Killed Manually,384.602,
75,15,2711,2144.95379901,0,2000.0,-1,2144.95379901,0.0,2,0.0,12,78782.64661163319,UNSAT,,2145.007,
76,22,661,7.55463504791,0,9.144750878560544,-1,7.55463504791,0.0,1,0.0,12,78790.2012466811,SAT,,7.588,
77,15,1963,1806.95697713,0,2000.0,-1,1806.95697713,0.0,1,0.0,12,80597.1582238111,SAT,,1806.996,
78,23,654,5.35462212563,0,7.687744580554963,-1,5.35462212563,0.0,1,0.0,12,80602.51284593673,SAT,,5.42,
79,15,1869,1915.94036889,0,2000.0,-1,1915.94036889,0.0,1,0.0,13,82518.45321482673,SAT,,1915.988,
80,24,2126,1836.7672081,0,2000.0,-1,1836.7672081,0.0,1,0.0,13,84355.22042292674,SAT,,1836.816,
81,15,1945,2009.869138,0,2000.0,-1,2009.869138,0.0,1,0.0,13,86365.08956092673,SAT,,2009.891,
82,25,1869,1693.35210419,0,2000.0,-1,1693.35210419,0.0,1,0.0,13,88058.44166511673,SAT,,1693.558,
83,25,615,6.78630185127,0,2000.0,-1,6.78630185127,0.0,1,0.0,13,88065.227966968,SAT,,6.857,
84,25,2692,1199.99026799,0,2000.0,-1,1199.99026799,0.0,1,0.0,13,89265.218234958,SAT,,1200.026,
85,25,1129,5.96832513809,0,2000.0,-1,5.96832513809,0.0,1,0.0,13,89271.18656009609,SAT,,6.032,
86,25,2711,2012.3039279,0,2000.0,-1,2012.3039279,0.0,2,0.0,13,91283.49048799608,UNSAT,,2012.338,
87,25,838,4.78407287598,0,2000.0,-1,4.78407287598,0.0,1,0.0,13,91288.27456087206,SAT,,4.823,
88,25,247,8.33696603775,0,2000.0,-1,8.33696603775,0.0,1,0.0,13,91296.61152690981,SAT,,8.366,
89,25,1963,611.096203089,0,2000.0,-1,611.096203089,0.0,1,0.0,13,91907.7077299988,SAT,,611.124,
90,25,1272,2243.39513493,0,2000.0,-1,2243.39513493,0.0,2,0.0,13,94151.1028649288,UNSAT,,2243.476,
91,25,951,6.53006410599,0,2000.0,-1,6.53006410599,0.0,1,0.0,13,94157.6329290348,SAT,,6.607,
92,25,588,5.20858120918,0,2000.0,-1,5.20858120918,0.0,1,0.0,13,94162.84151024398,SAT,,5.234,
93,25,2197,1883.30636787,0,2000.0,-1,1883.30636787,0.0,1,0.0,13,96046.14787811397,SAT,,1883.33,
94,25,1813,589.011059999,0,2000.0,-1,589.011059999,0.0,1,0.0,13,96635.15893811297,SAT,,589.076,
95,25,962,322.814553022,0,2000.0,-1,322.814553022,0.0,1,0.0,13,96957.97349113498,SAT,,322.856,
96,25,2436,5732.84049392,0,2000.0,-1,5732.84049392,0.0,1,0.0,13,102690.81398505498,SAT,,5732.87,
97,25,2583,423.862998962,0,2000.0,-1,423.862998962,0.0,1,0.0,13,103114.67698401697,SAT,,423.921,
98,25,608,952.232111931,0,2000.0,-1,952.232111931,0.0,1,0.0,13,104066.90909594798,SAT,,952.288,
99,25,738,11.6878349781,0,2000.0,-1,11.6878349781,0.0,1,0.0,13,104078.59693092608,SAT,,11.76,
100,25,201,21.5952570438,0,2000.0,-1,21.5952570438,0.0,1,0.0,13,104100.19218796988,SAT,,21.627,
101,25,2021,3116.51949596,0,2000.0,-1,3116.51949596,0.0,1,0.0,13,107216.71168392988,SAT,,3116.566,
102,25,438,7.79366707802,0,2000.0,-1,7.79366707802,0.0,1,0.0,13,107224.5053510079,SAT,,7.844,
103,25,2565,1197.29576612,0,2000.0,-1,1197.29576612,0.0,1,0.0,13,108421.8011171279,SAT,,1197.332,
104,25,1945,2070.64712,0,2000.0,-1,2070.64712,0.0,1,0.0,13,110492.4482371279,SAT,,2070.714,
105,25,654,8.29657292366,0,2000.0,-1,8.29657292366,0.0,1,0.0,13,110500.74481005156,SAT,,8.348,
106,25,406,847.112605095,0,2000.0,-1,847.112605095,0.0,1,0.0,13,111347.85741514656,SAT,,847.139,
107,25,661,172.911648989,0,2000.0,-1,172.911648989,0.0,1,0.0,13,111520.76906413556,SAT,,172.964,
108,25,2126,1414.64516187,0,2000.0,-1,1414.64516187,0.0,1,0.0,13,112935.41422600555,SAT,,1414.708,
109,25,174,16.0697629452,0,2000.0,-1,16.0697629452,0.0,1,0.0,14,112951.48398895076,SAT,,16.197,
110,26,1129,6.07419085503,0,8.761423815387488,-1,6.07419085503,0.0,1,0.0,14,112957.55817980578,SAT,,6.109,
111,25,2482,1534.03255105,0,2000.0,-1,1534.03255105,0.0,1,0.0,14,114491.59073085578,SAT,,1534.081,
112,27,738,10.3670239449,0,16.19678548385501,-1,10.3670239449,0.0,1,0.0,14,114501.95775480068,SAT,,10.478,
113,27,2565,1844.58628893,0,1569.9922958280624,-1,1844.58628893,0.0,1,0.0,14,116346.54404373068,SAT,,1844.642,
114,25,2539,1993.85705996,0,2000.0,-1,1993.85705996,0.0,1,0.0,15,118340.40110369069,SAT,,1993.953,
115,28,588,5.35442519188,0,7.773756504404545,-1,5.35442519188,0.0,1,0.0,15,118345.75552888257,SAT,,5.505,
116,25,2729,189.426645041,0,2000.0,-1,189.426645041,0.0,2,0.0,15,118535.18217392357,UNSAT,,189.468,
117,29,2565,1834.12458515,0,1557.4870965335251,-1,1834.12458515,0.0,1,0.0,15,120369.30675907357,SAT,,1834.168,
118,25,1304,466.253503084,0,2000.0,-1,466.253503084,0.0,1,0.0,16,120835.56026215757,SAT,,466.287,
119,30,615,5.09341692924,0,9.82479256426096,-1,5.09341692924,0.0,1,0.0,16,120840.65367908681,SAT,,5.177,
120,30,1304,1807.52195811,0,855.5901432301581,-1,1807.52195811,0.0,1,0.0,16,122648.17563719681,SAT,,1807.554,
