Run Number,Run History Configuration ID,Instance ID,Response Value (y),Censored?,Cutoff Time Used,Seed,Runtime,Run Length,Run Result Code,Run Quality,SMAC Iteration,SMAC Cumulative Runtime,Run Result,Additional Algorithm Run Data,Wall Clock Time,
1,1,92,4.94676494598,0,2000.0,-1,4.94676494598,0.0,1,0.0,0,4.94676494598,SAT,,5.04,
2,1,62,3.55290293694,0,2000.0,-1,3.55290293694,0.0,1,0.0,1,8.49966788292,SAT,,3.595,
3,2,92,4.62389302254,0,7.43339544941783,-1,4.62389302254,0.0,1,0.0,1,13.12356090546,SAT,,4.665,
4,2,62,3.66434311867,0,6.042408466684818,-1,3.66434311867,0.0,1,0.0,1,16.78790402413,SAT,,3.7,
5,2,122,3.83021593094,0,2000.0,-1,3.83021593094,0.0,1,0.0,1,20.61811995507,SAT,,3.877,
6,3,62,3.36981701851,0,5.766247015792131,-1,3.36981701851,0.0,1,0.0,1,23.98793697358,SAT,,3.396,
7,3,122,4.30934691429,0,12.378426071602107,-1,4.30934691429,0.0,1,0.0,1,28.297283887869998,SAT,,4.352,
8,3,92,3.79296922684,0,6.77627510239482,-1,3.79296922684,0.0,1,0.0,1,32.090253114709995,SAT,,3.832,
9,3,139,4.46733784676,0,2000.0,-1,4.46733784676,0.0,1,0.0,2,36.55759096147,SAT,,4.508,
10,4,92,3.82805204391,0,5.933460675525665,-1,3.82805204391,0.0,1,0.0,2,40.38564300538,SAT,,3.849,
11,3,119,4.65672898293,0,2000.0,-1,4.65672898293,0.0,1,0.0,2,45.042371988309995,SAT,,4.691,
12,5,62,3.68289709091,0,5.3833630759000775,-1,3.68289709091,0.0,1,0.0,2,48.72526907922,SAT,,3.722,
13,3,64,4.5350420475,0,2000.0,-1,4.5350420475,0.0,1,0.0,3,53.26031112672,SAT,,4.577,
14,6,64,4.33074998856,0,6.898155797618628,-1,4.33074998856,0.0,1,0.0,3,57.59106111528,SAT,,4.379,
15,6,62,3.44979095459,0,11.459082074809075,-1,3.44979095459,0.0,1,0.0,3,61.04085206987,SAT,,3.477,
16,6,139,5.15679717064,0,6.974353630441428,-1,5.15679717064,0.0,1,0.0,3,66.19764924051,SAT,,5.206,
17,3,12,4.04912185669,0,2000.0,-1,4.04912185669,0.0,2,0.0,3,70.2467710972,UNSAT,,4.073,
18,7,119,3.92017793655,0,7.056348387497664,-1,3.92017793655,0.0,1,0.0,3,74.16694903375,SAT,,3.951,
19,7,92,3.52035689354,0,11.274339620369673,-1,3.52035689354,0.0,1,0.0,3,77.68730592729,SAT,,3.544,
20,7,62,3.68933200836,0,6.697874971079827,-1,3.68933200836,0.0,1,0.0,3,81.37663793565,SAT,,3.722,
21,7,139,4.32365989685,0,24.4760463837266,-1,4.32365989685,0.0,1,0.0,3,85.7002978325,SAT,,4.354,
22,7,12,2000.0,0,18.855289079594613,-1,189.22859999999997,0.0,-1,1.0E9,3,274.92889783249996,CRASHED,Run Exceeded Captime -- Treating as CRASHED;Killed Manually,199.188,
23,3,16,4.77800607681,0,2000.0,-1,4.77800607681,0.0,2,0.0,4,279.70690390931,UNSAT,,4.826,
24,8,64,5.62825512886,0,6.898155797618628,-1,5.62825512886,0.0,1,0.0,4,285.33515903817,SAT,,5.69,
25,3,67,1632.29936409,0,2000.0,-1,1632.29936409,0.0,2,0.0,4,1917.6345231281698,UNSAT,,1632.336,
26,9,119,6.31887197495,0,7.056348387497664,-1,6.31887197495,0.0,1,0.0,4,1923.9533951031199,SAT,,6.443,
27,3,42,11.1588189602,0,2000.0,-1,11.1588189602,0.0,1,0.0,5,1935.11221406332,SAT,,11.222,
28,10,67,180.79736495,0,2000.0,-1,180.79736495,0.0,2,0.0,5,2115.90957901332,UNSAT,,180.842,
29,10,12,6.91954612732,0,1897.6024202894152,-1,6.91954612732,0.0,2,0.0,5,2122.82912514064,UNSAT,,6.965,
30,10,62,4.7381811142,0,1888.6070104207577,-1,4.7381811142,0.0,1,0.0,5,2127.56730625484,SAT,,4.779,
31,10,64,5.16956806183,0,1913.996861771095,-1,5.16956806183,0.0,1,0.0,5,2132.73687431667,SAT,,5.214,
32,10,42,13.1883180141,0,1907.2764238234342,-1,13.1883180141,0.0,1,0.0,5,2145.9251923307697,SAT,,13.235,
33,10,92,4.66929101944,0,1890.131609969187,-1,4.66929101944,0.0,1,0.0,5,2150.59448335021,SAT,,4.705,
34,10,16,6.38654994965,0,1884.0615317117156,-1,6.38654994965,0.0,2,0.0,5,2156.98103329986,UNSAT,,6.411,
35,10,139,5.10568904877,0,1893.2263551171602,-1,5.10568904877,0.0,1,0.0,5,2162.08672234863,SAT,,5.136,
36,10,122,4.86950802803,0,1886.588959198791,-1,4.86950802803,0.0,1,0.0,5,2166.9562303766597,SAT,,4.907,
37,10,119,5.00384092331,0,1880.2585980746628,-1,5.00384092331,0.0,1,0.0,5,2171.9600712999695,SAT,,5.03,
38,10,35,204.538861036,0,2000.0,-1,204.538861036,0.0,1,0.0,5,2376.4989323359696,SAT,,204.57,
39,11,67,268.770772934,0,236.03917545487286,-1,268.770772934,0.0,2,0.0,5,2645.2697052699696,UNSAT,,268.828,
40,10,68,8.552298069,0,2000.0,-1,8.552298069,0.0,2,0.0,6,2653.8220033389694,UNSAT,,8.577,
41,12,16,6.3473508358,0,9.305115498948098,-1,6.3473508358,0.0,2,0.0,6,2660.1693541747695,UNSAT,,6.376,
42,12,68,9.05337190628,0,278.0746659155667,-1,9.05337190628,0.0,2,0.0,6,2669.2227260810496,UNSAT,,9.104,
43,12,35,255.264271021,0,266.30528251488806,-1,255.264271021,0.0,1,0.0,6,2924.48699710205,SAT,,255.291,
44,10,114,5.89913201332,0,2000.0,-1,5.89913201332,0.0,1,0.0,6,2930.38612911537,SAT,,5.962,
45,13,92,4.30769610405,0,7.072678570050002,-1,4.30769610405,0.0,1,0.0,6,2934.69382521942,SAT,,4.351,
46,13,35,1802.52109504,0,284.5206071514368,-1,1802.52109504,0.0,1,0.0,6,4737.21492025942,SAT,,1802.557,
47,10,109,1801.72542787,0,2000.0,-1,1801.72542787,0.0,1,0.0,7,6538.94034812942,SAT,,1801.764,
48,14,16,5.63453412056,0,9.305115498948098,-1,5.63453412056,0.0,2,0.0,7,6544.57488224998,UNSAT,,5.797,
49,14,122,4.61947798729,0,274.21370128949286,-1,4.61947798729,0.0,1,0.0,7,6549.19436023727,SAT,,4.65,
50,14,35,350.571110964,0,268.2083795670152,-1,350.571110964,0.0,1,0.0,7,6899.76547120127,SAT,,350.605,
51,10,88,5.21406006813,0,2000.0,-1,5.21406006813,0.0,1,0.0,7,6904.9795312694,SAT,,5.284,
52,15,16,6.67452311516,0,9.305115498948098,-1,6.67452311516,0.0,2,0.0,7,6911.6540543845595,UNSAT,,6.716,
53,10,33,5.64393091202,0,2000.0,-1,5.64393091202,0.0,1,0.0,8,6917.297985296579,SAT,,5.681,
54,16,33,5.89120006561,0,8.339710895317793,-1,5.89120006561,0.0,1,0.0,8,6923.189185362189,SAT,,5.942,
55,10,150,128.146988153,0,2000.0,-1,128.146988153,0.0,1,0.0,8,7051.336173515189,SAT,,128.179,
56,17,139,10.8535339832,0,7.639996230947972,-1,10.8535339832,0.0,1,0.0,8,7062.189707498389,SAT,,10.879,
57,10,140,4.88521003723,0,2000.0,-1,4.88521003723,0.0,1,0.0,9,7067.074917535619,SAT,,4.913,
58,18,42,2.77465486526,0,18.14741416682601,-1,2.77465486526,0.0,1,0.0,9,7069.849572400879,SAT,,2.802,
59,18,119,4.94726991653,0,187.63903993030192,-1,4.94726991653,0.0,1,0.0,9,7074.796842317409,SAT,,4.978,
60,18,150,134.512390137,0,181.20758979429604,-1,134.512390137,0.0,1,0.0,9,7209.309232454409,SAT,,134.534,
61,18,67,392.860876799,0,265.3846491019905,-1,392.860876799,0.0,2,0.0,9,7602.170109253409,UNSAT,,392.887,
62,10,103,391.841878176,0,2000.0,-1,391.841878176,0.0,1,0.0,9,7994.011987429409,SAT,,391.874,
63,19,119,13.7501358986,0,7.5075943845987325,-1,13.7501358986,0.0,1,0.0,9,8007.762123328009,SAT,,13.901,
64,10,31,10.0341160297,0,2000.0,-1,10.0341160297,0.0,2,0.0,10,8017.796239357709,UNSAT,,10.067,
65,20,139,15.1968889236,0,7.639996230947972,-1,15.1968889236,0.0,1,0.0,10,8032.993128281309,SAT,,15.241,
66,10,79,4.17307686806,0,2000.0,-1,4.17307686806,0.0,2,0.0,10,8037.166205149369,UNSAT,,4.199,
67,21,150,271.782150984,0,167.5936851542175,-1,271.782150984,0.0,1,0.0,10,8308.948356133369,SAT,,271.821,
68,10,39,1801.45200014,0,2000.0,-1,1801.45200014,0.0,1,0.0,11,10110.400356273369,SAT,,1801.474,
69,22,67,161.324064016,0,236.03917545487286,-1,161.324064016,0.0,2,0.0,11,10271.724420289369,UNSAT,,161.531,
70,22,42,9.66352915764,0,51.134177100259066,-1,9.66352915764,0.0,1,0.0,11,10281.38794944701,SAT,,9.698,
71,22,114,4.16436290741,0,38.57158849795461,-1,4.16436290741,0.0,1,0.0,11,10285.552312354419,SAT,,4.202,
72,22,140,3.67097711563,0,564.234102785933,-1,3.67097711563,0.0,1,0.0,11,10289.223289470048,SAT,,3.692,
73,22,122,3.5690009594,0,559.4618321288109,-1,3.5690009594,0.0,1,0.0,11,10292.792290429448,SAT,,3.594,
74,22,103,382.474679947,0,554.8221303973079,-1,382.474679947,0.0,1,0.0,11,10675.266970376448,SAT,,382.504,
75,22,12,4.69655609131,0,57.60504704748392,-1,4.69655609131,0.0,2,0.0,11,10679.963526467758,UNSAT,,4.723,
76,22,109,1801.34130001,0,2000.0,-1,1801.34130001,0.0,1,0.0,11,12481.304826477757,SAT,,1801.368,
77,22,139,4.53907585144,0,2000.0,-1,4.53907585144,0.0,1,0.0,11,12485.843902329198,SAT,,4.574,
78,22,119,4.34240603447,0,2000.0,-1,4.34240603447,0.0,1,0.0,11,12490.186308363667,SAT,,4.372,
79,22,35,1802.09020495,0,2000.0,-1,1802.09020495,0.0,1,0.0,11,14292.276513313667,SAT,,1802.121,
80,22,39,1801.569592,0,343.8521424200117,-1,1801.569592,0.0,1,0.0,11,16093.846105313667,SAT,,1801.612,
81,10,117,4.22812485695,0,2000.0,-1,4.22812485695,0.0,1,0.0,11,16098.074230170618,SAT,,4.316,
82,23,140,10.5054848194,0,7.353374164897204,-1,10.5054848194,0.0,1,0.0,11,16108.579714990017,SAT,,10.568,
83,10,5,7.3131980896,0,2000.0,-1,7.3131980896,0.0,2,0.0,12,16115.892913079617,UNSAT,,7.33,
84,24,42,11.118380785,0,18.14741416682601,-1,11.118380785,0.0,1,0.0,12,16127.011293864616,SAT,,11.141,
85,24,67,84.30803895,0,244.89232943241598,-1,84.30803895,0.0,2,0.0,12,16211.319332814615,UNSAT,,84.338,
86,24,62,4.16826891899,0,135.29187821631433,-1,4.16826891899,0.0,1,0.0,12,16215.487601733605,SAT,,4.202,
87,24,139,4.66112804413,0,662.5247160795808,-1,4.66112804413,0.0,1,0.0,12,16220.148729777735,SAT,,4.697,
88,24,117,5.45114207268,0,656.4652497771859,-1,5.45114207268,0.0,1,0.0,12,16225.599871850414,SAT,,5.477,
89,24,68,7.91558599472,0,649.3787641528726,-1,7.91558599472,0.0,2,0.0,12,16233.515457845135,UNSAT,,7.937,
90,24,103,8.84286689758,0,639.0885032605112,-1,8.84286689758,0.0,1,0.0,12,16242.358324742714,SAT,,8.867,
91,24,92,4.50541210175,0,2000.0,-1,4.50541210175,0.0,1,0.0,12,16246.863736844463,SAT,,4.549,
92,24,16,5.81152009964,0,2000.0,-1,5.81152009964,0.0,2,0.0,12,16252.675256944103,UNSAT,,5.859,
93,24,122,4.59351301193,0,2000.0,-1,4.59351301193,0.0,1,0.0,12,16257.268769956034,SAT,,4.62,
94,24,109,1801.67836094,0,2000.0,-1,1801.67836094,0.0,1,0.0,12,18058.947130896035,SAT,,1801.711,
95,24,79,4.09211206436,0,2000.0,-1,4.09211206436,0.0,2,0.0,12,18063.039242960396,UNSAT,,4.126,
96,24,88,4.23912215233,0,2000.0,-1,4.23912215233,0.0,1,0.0,12,18067.278365112725,SAT,,4.271,
97,24,39,1801.4280479,0,2000.0,-1,1801.4280479,0.0,1,0.0,12,19868.706413012726,SAT,,1801.47,
98,24,35,1802.36357617,0,896.288068488586,-1,1802.36357617,0.0,1,0.0,12,21671.069989182724,SAT,,1802.406,
99,10,47,4.62182688713,0,2000.0,-1,4.62182688713,0.0,1,0.0,12,21675.691816069855,SAT,,4.647,
100,25,31,4.03683400154,0,14.046951093125344,-1,4.03683400154,0.0,2,0.0,12,21679.728650071396,UNSAT,,4.103,
101,25,150,21.1920189857,0,192.53756561164857,-1,21.1920189857,0.0,1,0.0,12,21700.920669057097,SAT,,21.22,
102,25,42,2.68535804749,0,164.98794107546212,-1,2.68535804749,0.0,1,0.0,12,21703.606027104586,SAT,,2.725,
103,25,122,13.9808278084,0,2000.0,-1,13.9808278084,0.0,1,0.0,12,21717.586854912985,SAT,,14.008,
104,25,39,1801.70636606,0,2000.0,-1,1801.70636606,0.0,1,0.0,12,23519.293220972984,SAT,,1801.74,
105,25,140,12.7345819473,0,165.18471444805266,-1,12.7345819473,0.0,1,0.0,12,23532.027802920285,SAT,,12.756,
106,25,5,5.12819385529,0,148.6297582167864,-1,5.12819385529,0.0,2,0.0,12,23537.155996775575,UNSAT,,5.154,
107,25,35,1802.85165691,0,959.0553407449007,-1,1802.85165691,0.0,1,0.0,12,25340.007653685574,SAT,,1802.892,
108,10,26,5.65804791451,0,2000.0,-1,5.65804791451,0.0,2,0.0,13,25345.665701600083,UNSAT,,5.695,
109,26,39,1801.62365413,0,2000.0,-1,1801.62365413,0.0,1,0.0,13,27147.28935573008,SAT,,1801.699,
110,10,115,5.84457206726,0,2000.0,-1,5.84457206726,0.0,1,0.0,13,27153.133927797342,SAT,,5.877,
111,27,117,23.0256800652,0,6.499163236814738,-1,23.0256800652,0.0,1,0.0,13,27176.15960786254,SAT,,23.122,
112,10,100,7.92301297188,0,2000.0,-1,7.92301297188,0.0,2,0.0,14,27184.082620834422,UNSAT,,7.964,
113,28,33,4.7285721302,0,8.339710895317793,-1,4.7285721302,0.0,1,0.0,14,27188.811192964622,SAT,,4.779,
114,28,42,2000.0,0,25.84497405995727,-1,259.00705,0.0,-1,1.0E9,14,27447.818242964622,CRASHED,Run Exceeded Captime -- Treating as CRASHED;Killed Manually,272.639,
115,10,123,59.612044096,0,2000.0,-1,59.612044096,0.0,1,0.0,14,27507.430287060623,SAT,,59.631,
116,29,62,4.66395902634,0,7.162235480147601,-1,4.66395902634,0.0,1,0.0,14,27512.094246086963,SAT,,4.728,
117,29,35,1802.8634932,0,275.30472407897116,-1,1802.8634932,0.0,1,0.0,14,29314.95773928696,SAT,,1802.908,
118,10,136,4.6430978775,0,2000.0,-1,4.6430978775,0.0,1,0.0,15,29319.60083716446,SAT,,4.678,
119,30,115,2000.0,0,8.600544639277459,-1,86.58395,0.0,-1,1.0E9,15,29406.18478716446,CRASHED,Run Exceeded Captime -- Treating as CRASHED;Killed Manually,91.141,
120,10,82,53.4753689766,0,2000.0,-1,53.4753689766,0.0,1,0.0,15,29459.66015614106,SAT,,53.517,
121,31,117,4.73190593719,0,6.499163236814738,-1,4.73190593719,0.0,1,0.0,15,29464.392062078252,SAT,,4.776,
122,10,80,4.77815699577,0,2000.0,-1,4.77815699577,0.0,2,0.0,16,29469.17021907402,UNSAT,,4.797,
123,32,123,57.6861970425,0,78.49825768579841,-1,57.6861970425,0.0,1,0.0,16,29526.856416116523,SAT,,57.721,
124,32,117,4.71215796471,0,2000.0,-1,4.71215796471,0.0,1,0.0,16,29531.568574081233,SAT,,4.75,
125,32,109,1801.61442184,0,2000.0,-1,1801.61442184,0.0,1,0.0,16,31333.182995921234,SAT,,1801.655,
126,32,119,4.90850687027,0,192.47601627220513,-1,4.90850687027,0.0,1,0.0,16,31338.091502791503,SAT,,4.966,
127,32,26,6.98643684387,0,186.09495748614074,-1,6.98643684387,0.0,2,0.0,16,31345.077939635372,UNSAT,,7.032,
128,32,12,5.88173794746,0,177.01259012182356,-1,5.88173794746,0.0,2,0.0,16,31350.959677582832,UNSAT,,5.907,
129,32,150,446.136348963,0,169.3663308288634,-1,446.136348963,0.0,1,0.0,16,31797.09602654583,SAT,,446.155,
130,10,66,1816.29970598,0,2000.0,-1,1816.29970598,0.0,2,0.0,16,33613.39573252583,UNSAT,,1816.332,
131,33,68,6.46125888824,0,12.12058764730692,-1,6.46125888824,0.0,2,0.0,16,33619.85699141407,UNSAT,,6.485,
132,33,139,6.35950183868,0,245.39752145146133,-1,6.35950183868,0.0,1,0.0,16,33626.216493252745,SAT,,6.378,
133,33,67,52.9120440483,0,237.13016918708684,-1,52.9120440483,0.0,2,0.0,16,33679.12853730105,UNSAT,,52.944,
134,33,5,4.35267591476,0,2000.0,-1,4.35267591476,0.0,2,0.0,16,33683.481213215804,UNSAT,,4.374,
135,33,47,4.26166296005,0,2000.0,-1,4.26166296005,0.0,1,0.0,16,33687.74287617586,SAT,,4.295,
136,33,123,50.2807900906,0,2000.0,-1,50.2807900906,0.0,1,0.0,16,33738.023666266454,SAT,,50.299,
137,33,66,1812.14331698,0,2000.0,-1,1812.14331698,0.0,2,0.0,16,35550.166983246454,UNSAT,,1812.192,
138,33,100,5.25142908096,0,748.6809915754676,-1,5.25142908096,0.0,2,0.0,16,35555.41841232742,UNSAT,,5.307,
139,33,31,4.84051990509,0,741.8541338186443,-1,4.84051990509,0.0,2,0.0,16,35560.25893223251,UNSAT,,4.878,
140,33,35,1802.82960606,0,735.5614575449109,-1,1802.82960606,0.0,1,0.0,16,37363.088538292504,SAT,,1802.862,
