Run Number,Run History Configuration ID,Instance ID,Response Value (y),Censored?,Cutoff Time Used,Seed,Runtime,Run Length,Run Result Code,Run Quality,SMAC Iteration,SMAC Cumulative Runtime,Run Result,Additional Algorithm Run Data,Wall Clock Time,
1,1,154,150.105490923,0,2000.0,-1,150.105490923,0.0,2,0.0,0,150.105490923,UNSAT,,150.346,
2,1,106,20.614828825,0,2000.0,-1,20.614828825,0.0,2,0.0,1,170.72031974799998,UNSAT,,20.655,
3,2,106,48.6162238121,0,27.801877901303772,-1,48.6162238121,0.0,2,0.0,1,219.33654356009998,UNSAT,,48.661,
4,1,10,545.848325014,0,2000.0,-1,545.848325014,0.0,2,0.0,1,765.1848685740999,UNSAT,,545.886,
5,3,154,1803.00294805,0,196.13973897730114,-1,1803.00294805,0.0,2,0.0,1,2568.1878166241,UNSAT,,1803.126,
6,1,171,1115.56171894,0,2000.0,-1,1115.56171894,0.0,2,0.0,2,3683.7495355641,UNSAT,,1115.758,
7,4,154,206.726701021,0,196.13973897730114,-1,206.726701021,0.0,2,0.0,2,3890.4762365850997,UNSAT,,206.774,
8,1,193,27.8781590462,0,2000.0,-1,27.8781590462,0.0,1,0.0,2,3918.3543956312997,SAT,,27.935,
9,5,106,2000.0,0,27.801877901303772,-1,278.6445,0.0,-1,1.0E9,2,4196.9988956313,CRASHED,Run Exceeded Captime -- Treating as CRASHED;Killed Manually,293.31,
10,1,177,136.97982502,0,2000.0,-1,136.97982502,0.0,2,0.0,3,4333.9787206513,UNSAT,,137.015,
11,6,106,275.941380024,0,27.801877901303772,-1,275.941380024,0.0,2,0.0,3,4609.9201006753,UNSAT,,275.973,
12,1,29,762.068511009,0,2000.0,-1,762.068511009,0.0,2,0.0,3,5371.9886116843,UNSAT,,762.141,
13,7,193,158.649960995,0,37.244207866835595,-1,158.649960995,0.0,1,0.0,3,5530.6385726793,SAT,,158.701,
14,1,18,126.199111938,0,2000.0,-1,126.199111938,0.0,2,0.0,4,5656.8376846173,UNSAT,,126.246,
15,8,29,926.591806889,0,991.6916645955026,-1,926.591806889,0.0,2,0.0,4,6583.4294915063,UNSAT,,926.618,
16,1,122,15.8959960938,0,2000.0,-1,15.8959960938,0.0,2,0.0,4,6599.3254876001,UNSAT,,16.002,
17,9,193,19.5760440826,0,37.244207866835595,-1,19.5760440826,0.0,1,0.0,4,6618.9015316827,SAT,,19.633,
18,9,177,500.363463879,0,210.53651775081755,-1,500.363463879,0.0,2,0.0,4,7119.2649955617,UNSAT,,500.398,
19,1,151,98.9348130226,0,2000.0,-1,98.9348130226,0.0,2,0.0,5,7218.1998085843,UNSAT,,98.989,
20,10,106,16.9977660179,0,27.801877901303772,-1,16.9977660179,0.0,2,0.0,5,7235.1975746022,UNSAT,,17.025,
21,10,171,627.221278906,0,1619.9964625652613,-1,627.221278906,0.0,2,0.0,5,7862.418853508199,UNSAT,,627.264,
22,10,18,1342.12014294,0,804.6088000651181,-1,1342.12014294,0.0,2,0.0,5,9204.5389964482,UNSAT,,1342.17,
23,1,120,10.4805781841,0,2000.0,-1,10.4805781841,0.0,2,0.0,5,9215.0195746323,UNSAT,,10.535,
24,11,106,17.993917942,0,27.801877901303772,-1,17.993917942,0.0,2,0.0,5,9233.0134925743,UNSAT,,18.044,
25,11,177,414.06665206,0,1173.1752221364259,-1,414.06665206,0.0,2,0.0,5,9647.080144634301,UNSAT,,414.11,
26,11,29,846.942383051,0,634.8885735388577,-1,846.942383051,0.0,2,0.0,5,10494.022527685302,UNSAT,,847.067,
27,1,230,453.08033514,0,2000.0,-1,453.08033514,0.0,1,0.0,6,10947.1028628253,SAT,,453.151,
28,12,106,19.2189068794,0,27.801877901303772,-1,19.2189068794,0.0,2,0.0,6,10966.3217697047,UNSAT,,19.274,
29,12,230,376.578696966,0,769.8981071714044,-1,376.578696966,0.0,1,0.0,6,11342.9004666707,SAT,,376.615,
30,12,177,530.142817974,0,280.34580106695296,-1,530.142817974,0.0,2,0.0,6,11873.0432846447,UNSAT,,530.217,
31,1,252,1360.87384391,0,2000.0,-1,1360.87384391,0.0,1,0.0,6,13233.9171285547,SAT,,1360.919,
32,13,230,1805.2882669,0,590.0070366341353,-1,1805.2882669,0.0,1,0.0,6,15039.205395454701,SAT,,1805.35,
33,1,130,44.9020731449,0,2000.0,-1,44.9020731449,0.0,2,0.0,7,15084.1074685996,UNSAT,,45.089,
34,14,10,562.088975906,0,710.6054226759553,-1,562.088975906,0.0,2,0.0,7,15646.1964445056,UNSAT,,562.121,
35,1,93,176.409546137,0,2000.0,-1,176.409546137,0.0,2,0.0,7,15822.6059906426,UNSAT,,176.664,
36,15,130,2000.0,0,59.37529549782276,-1,594.32,0.0,-1,1.0E9,7,16416.9259906426,CRASHED,Run Exceeded Captime -- Treating as CRASHED;Killed Manually,625.6,
37,1,133,74.7468290329,0,2000.0,-1,74.7468290329,0.0,2,0.0,8,16491.672819675503,UNSAT,,74.802,
38,16,130,45.4738130569,0,59.37529549782276,-1,45.4738130569,0.0,2,0.0,8,16537.1466327324,UNSAT,,45.512,
39,1,97,136.123364925,0,2000.0,-1,136.123364925,0.0,2,0.0,8,16673.2699976574,UNSAT,,136.205,
40,17,177,3.65446615219,0,179.0763726349652,-1,3.65446615219,0.0,2,0.0,8,16676.92446380959,UNSAT,,3.697,
41,17,29,1129.88458991,0,1201.2588380727648,-1,1129.88458991,0.0,2,0.0,8,17806.809053719593,UNSAT,,1129.974,
42,1,162,188.530565977,0,2000.0,-1,188.530565977,0.0,2,0.0,9,17995.33961969659,UNSAT,,188.559,
43,18,154,111.344262838,0,196.13973897730114,-1,111.344262838,0.0,2,0.0,9,18106.68388253459,UNSAT,,111.405,
44,18,177,442.658548117,0,250.13336398487093,-1,442.658548117,0.0,2,0.0,9,18549.34243065159,UNSAT,,442.72,
45,1,209,11.2645771503,0,2000.0,-1,11.2645771503,0.0,1,0.0,9,18560.607007801893,SAT,,11.438,
46,19,209,2000.0,0,15.646551072943211,-1,157.06064999999998,0.0,-1,1.0E9,9,18717.667657801892,CRASHED,Run Exceeded Captime -- Treating as CRASHED;Killed Manually,165.327,
47,1,125,22.6041128635,0,2000.0,-1,22.6041128635,0.0,2,0.0,10,18740.271770665393,UNSAT,,22.709,
48,20,209,11.5300049782,0,15.646551072943211,-1,11.5300049782,0.0,1,0.0,10,18751.801775643595,SAT,,11.558,
49,1,61,539.349803925,0,2000.0,-1,539.349803925,0.0,1,0.0,10,19291.151579568595,SAT,,539.425,
50,21,162,1802.389148,0,246.09233633463384,-1,1802.389148,0.0,2,0.0,10,21093.540727568594,UNSAT,,1802.437,
51,1,140,26.2537240982,0,2000.0,-1,26.2537240982,0.0,2,0.0,11,21119.794451666792,UNSAT,,26.282,
52,22,61,1416.818434,0,702.1573451239348,-1,1416.818434,0.0,1,0.0,11,22536.612885666793,SAT,,1416.863,
53,1,9,493.016016006,0,2000.0,-1,493.016016006,0.0,2,0.0,11,23029.628901672793,UNSAT,,493.21,
54,23,93,1802.34583116,0,230.3350104842067,-1,1802.34583116,0.0,2,0.0,11,24831.974732832794,UNSAT,,1802.415,
55,1,237,209.717322826,0,2000.0,-1,209.717322826,0.0,1,0.0,12,25041.692055658794,SAT,,209.979,
56,24,177,716.957628012,0,179.0763726349652,-1,716.957628012,0.0,2,0.0,12,25758.649683670796,UNSAT,,716.981,
57,1,166,67.0259280205,0,2000.0,-1,67.0259280205,0.0,2,0.0,12,25825.675611691295,UNSAT,,67.07,
58,25,61,501.011646032,0,702.1573451239348,-1,501.011646032,0.0,1,0.0,12,26326.687257723293,SAT,,501.053,
59,25,162,112.604346037,0,474.00831383501287,-1,112.604346037,0.0,2,0.0,12,26439.29160376029,UNSAT,,112.67,
60,25,177,729.341117144,0,327.62266387079956,-1,729.341117144,0.0,2,0.0,12,27168.63272090429,UNSAT,,729.391,
61,1,157,155.073992014,0,2000.0,-1,155.073992014,0.0,2,0.0,13,27323.70671291829,UNSAT,,155.142,
62,26,193,23.8562481403,0,37.244207866835595,-1,23.8562481403,0.0,1,0.0,13,27347.56296105859,SAT,,23.951,
63,26,61,599.864841938,0,902.5255686495185,-1,599.864841938,0.0,1,0.0,13,27947.42780299659,SAT,,599.901,
64,26,154,268.48320508,0,122.70127356832029,-1,268.48320508,0.0,2,0.0,13,28215.91100807659,UNSAT,,268.542,
65,1,221,759.29280901,0,2000.0,-1,759.29280901,0.0,1,0.0,13,28975.20381708659,SAT,,759.33,
66,27,29,742.844845057,0,991.6916645955026,-1,742.844845057,0.0,2,0.0,13,29718.04866214359,UNSAT,,742.903,
67,27,130,1801.723279,0,279.5057991411269,-1,1801.723279,0.0,2,0.0,13,31519.77194114359,UNSAT,,1801.752,
68,1,186,1502.16735792,0,2000.0,-1,1502.16735792,0.0,2,0.0,14,33021.93929906359,UNSAT,,1502.206,
69,28,193,72.1906211376,0,37.244207866835595,-1,72.1906211376,0.0,1,0.0,14,33094.12992020119,SAT,,72.228,
70,1,38,94.9953107834,0,2000.0,-1,94.9953107834,0.0,1,0.0,14,33189.12523098459,SAT,,95.033,
71,29,93,1802.0394721,0,230.3350104842067,-1,1802.0394721,0.0,2,0.0,14,34991.164703084585,UNSAT,,1802.067,
72,1,253,275.756915092,0,2000.0,-1,275.756915092,0.0,1,0.0,15,35266.92161817659,SAT,,275.966,
73,30,166,12.2282700539,0,88.13630648736955,-1,12.2282700539,0.0,2,0.0,15,35279.14988823049,UNSAT,,12.371,
74,30,9,658.361240864,0,2000.0,-1,658.361240864,0.0,2,0.0,15,35937.511129094484,UNSAT,,658.386,
75,30,252,3.45609688759,0,1626.4293607216061,-1,3.45609688759,0.0,1,0.0,15,35940.96722598207,SAT,,3.499,
76,30,38,155.519674063,0,2000.0,-1,155.519674063,0.0,1,0.0,15,36096.48690004507,SAT,,155.557,
77,30,209,665.830840826,0,1844.1611835624756,-1,665.830840826,0.0,1,0.0,15,36762.31774087107,SAT,,665.895,
78,30,237,2.55740189552,0,978.5810910988331,-1,2.55740189552,0.0,1,0.0,15,36764.87514276659,SAT,,2.59,
79,30,120,624.765444994,0,975.2564690898836,-1,624.765444994,0.0,2,0.0,15,37389.640587760594,UNSAT,,624.787,
80,30,18,675.830924988,0,2000.0,-1,675.830924988,0.0,2,0.0,15,38065.47151274859,UNSAT,,675.859,
81,30,125,74.8357331753,0,1605.0595734160127,-1,74.8357331753,0.0,2,0.0,15,38140.30724592389,UNSAT,,74.894,
82,30,253,2.96438884735,0,1507.7731198522927,-1,2.96438884735,0.0,1,0.0,15,38143.27163477124,SAT,,3.003,
83,30,10,721.34059,0,1503.9194146994234,-1,721.34059,0.0,2,0.0,15,38864.61222477124,UNSAT,,721.376,
84,30,151,587.469805956,0,566.1766474958241,-1,587.469805956,0.0,2,0.0,15,39452.082030727244,UNSAT,,587.527,
85,1,198,626.570240974,0,2000.0,-1,626.570240974,0.0,1,0.0,15,40078.65227170124,SAT,,626.627,
86,31,61,1801.95440197,0,702.1573451239348,-1,1801.95440197,0.0,1,0.0,15,41880.60667367124,SAT,,1802.044,
87,1,66,129.263015985,0,2000.0,-1,129.263015985,0.0,2,0.0,16,42009.86968965624,UNSAT,,129.454,
88,32,193,20.7841329575,0,37.244207866835595,-1,20.7841329575,0.0,1,0.0,16,42030.65382261374,SAT,,20.825,
89,32,93,1805.55043006,0,949.1626667681813,-1,1805.55043006,0.0,2,0.0,16,43836.20425267374,UNSAT,,1805.588,
90,1,265,9.60300588608,0,2000.0,-1,9.60300588608,0.0,1,0.0,16,43845.80725855982,SAT,,9.784,
91,33,252,63.3609728813,0,1770.138598129499,-1,63.3609728813,0.0,1,0.0,16,43909.16823144112,SAT,,63.402,
92,33,177,931.737672091,0,1899.9755464385928,-1,931.737672091,0.0,2,0.0,16,44840.905903532126,UNSAT,,931.792,
93,33,140,32.4059770107,0,688.7165733504772,-1,32.4059770107,0.0,2,0.0,16,44873.311880542824,UNSAT,,32.471,
94,33,9,663.511195183,0,2000.0,-1,663.511195183,0.0,2,0.0,16,45536.82307572582,UNSAT,,663.552,
95,33,61,556.958498001,0,1367.9213323522092,-1,556.958498001,0.0,1,0.0,16,46093.78157372682,SAT,,557.026,
96,33,265,8.8824930191,0,643.8752855997265,-1,8.8824930191,0.0,1,0.0,16,46102.664066745914,SAT,,8.956,
97,33,93,337.625173807,0,632.3280449848354,-1,337.625173807,0.0,2,0.0,16,46440.28924055291,UNSAT,,337.656,
98,33,171,1024.64444685,0,2000.0,-1,1024.64444685,0.0,2,0.0,16,47464.93368740291,UNSAT,,1024.694,
99,33,253,296.88211298,0,2000.0,-1,296.88211298,0.0,1,0.0,16,47761.81580038291,SAT,,296.939,
100,33,162,281.787510157,0,2000.0,-1,281.787510157,0.0,2,0.0,16,48043.60331053991,UNSAT,,281.846,
101,33,97,199.834470034,0,2000.0,-1,199.834470034,0.0,2,0.0,16,48243.43778057391,UNSAT,,199.891,
102,33,237,212.673125982,0,1852.9329178746523,-1,212.673125982,0.0,1,0.0,16,48456.110906555914,SAT,,212.739,
103,33,10,942.577849865,0,1576.457854349512,-1,942.577849865,0.0,2,0.0,16,49398.68875642092,UNSAT,,942.635,
104,33,157,196.315118074,0,351.10664925386305,-1,196.315118074,0.0,2,0.0,16,49595.00387449492,UNSAT,,196.368,
105,33,230,425.575299025,0,95.89699570869209,-1,425.575299025,0.0,1,0.0,16,50020.57917351992,SAT,,425.63,
