Run Number,Run History Configuration ID,Instance ID,Response Value (y),Censored?,Cutoff Time Used,Seed,Runtime,Run Length,Run Result Code,Run Quality,SMAC Iteration,SMAC Cumulative Runtime,Run Result,Additional Algorithm Run Data,Wall Clock Time,
1,1,2,0.0183401107788,0,1.0,8765092,0.0183401107788,0.0,1,0.0,0,0.0183401107788,SAT,,0.124,
2,1,5,0.0245480537415,0,1.0,7163446,0.0245480537415,0.0,1,0.0,1,0.042888164520300004,SAT,,0.034,
3,2,2,0.0230610370636,0,1.0,8765092,0.0230610370636,0.0,1,0.0,1,0.0659492015839,SAT,,0.054,
4,1,1,0.0110068321228,0,1.0,5320365,0.0110068321228,0.0,1,0.0,1,0.0769560337067,SAT,,0.043,
5,3,2,0.00564694404602,0,1.0,8765092,0.00564694404602,0.0,1,0.0,1,0.08260297775271999,SAT,,0.04,
6,3,1,0.0094051361084,0,1.0,5320365,0.0094051361084,0.0,1,0.0,1,0.09200811386112,SAT,,0.035,
7,3,5,0.00561618804932,0,1.0,7163446,0.00561618804932,0.0,1,0.0,1,0.09762430191044,SAT,,0.033,
8,3,3,1.0,0,1.0,8435516,2.72360301018,0.0,0,0.0,1,2.82122731209044,TIMEOUT,,2.756,
9,4,1,0.013622045517,0,1.0,5320365,0.013622045517,0.0,1,0.0,1,2.8348493576074403,SAT,,0.04,
10,3,4,0.0107328891754,0,1.0,16049169,0.0107328891754,0.0,1,0.0,2,2.84558224678284,SAT,,0.035,
11,5,5,0.0111019611359,0,1.0,7163446,0.0111019611359,0.0,1,0.0,2,2.85668420791874,SAT,,0.036,
12,3,4,0.00848317146301,0,1.0,15375424,0.00848317146301,0.0,1,0.0,2,2.86516737938175,SAT,,0.037,
13,6,1,0.00592994689941,0,1.0,5320365,0.00592994689941,0.0,1,0.0,2,2.87109732628116,SAT,,0.029,
14,6,4,0.0160391330719,0,1.0,15375424,0.0160391330719,0.0,1,0.0,2,2.88713645935306,SAT,,0.034,
15,6,5,0.0127859115601,0,1.0,7163446,0.0127859115601,0.0,1,0.0,2,2.89992237091316,SAT,,0.031,
16,3,5,0.00829386711121,0,1.0,15753149,0.00829386711121,0.0,1,0.0,2,2.90821623802437,SAT,,0.033,
17,7,4,0.00872397422791,0,1.0,15375424,0.00872397422791,0.0,1,0.0,2,2.91694021225228,SAT,,0.033,
18,7,3,1.0,0,1.0,8435516,2.67025184631,0.0,0,0.0,2,5.58719205856228,TIMEOUT,,2.71,
19,7,1,0.00568985939026,0,1.0,5320365,0.00568985939026,0.0,1,0.0,2,5.59288191795254,SAT,,0.034,
20,7,5,0.00893187522888,0,1.0,15753149,0.00893187522888,0.0,1,0.0,2,5.60181379318142,SAT,,0.033,
21,7,5,0.00632214546204,0,1.0,7163446,0.00632214546204,0.0,1,0.0,2,5.60813593864346,SAT,,0.032,
22,7,2,0.00573205947876,0,1.0,8765092,0.00573205947876,0.0,1,0.0,2,5.6138679981222195,SAT,,0.033,
23,7,4,0.0150339603424,0,1.0,16049169,0.0150339603424,0.0,1,0.0,2,5.62890195846462,SAT,,0.04,
24,7,3,1.0,0,1.0,1009110,2.53976798058,0.0,0,0.0,3,8.16866993904462,TIMEOUT,,2.568,
25,8,4,0.00829911231995,0,1.0,16049169,0.00829911231995,0.0,1,0.0,3,8.17696905136457,SAT,,0.032,
26,8,1,0.0058319568634,0,1.0,5320365,0.0058319568634,0.0,1,0.0,3,8.182801008227969,SAT,,0.031,
27,8,5,0.00607204437256,0,1.0,15753149,0.00607204437256,0.0,1,0.0,3,8.18887305260053,SAT,,0.032,
28,8,5,0.0125350952148,0,1.0,7163446,0.0125350952148,0.0,1,0.0,3,8.201408147815329,SAT,,0.033,
29,8,4,0.0168550014496,0,1.0,15375424,0.0168550014496,0.0,1,0.0,3,8.218263149264928,SAT,,0.033,
30,8,3,1.0,0,1.0,1009110,2.42420196533,0.0,0,0.0,3,10.642465114594927,TIMEOUT,,2.456,
31,8,2,0.00549602508545,0,1.0,8765092,0.00549602508545,0.0,1,0.0,3,10.647961139680376,SAT,,0.032,
32,7,1,0.00547289848328,0,1.0,15686777,0.00547289848328,0.0,1,0.0,3,10.653434038163656,SAT,,0.031,
33,9,4,0.00818800926208,0,1.0,16049169,0.00818800926208,0.0,1,0.0,3,10.661622047425736,SAT,,0.033,
34,9,3,1.0,0,1.0,8435516,2.36514306068,0.0,0,0.0,3,13.026765108105735,TIMEOUT,,2.401,
35,9,5,0.00874614715576,0,1.0,15753149,0.00874614715576,0.0,1,0.0,3,13.035511255261495,SAT,,0.033,
36,9,1,0.00603795051575,0,1.0,5320365,0.00603795051575,0.0,1,0.0,3,13.041549205777246,SAT,,0.038,
37,9,2,0.0075089931488,0,1.0,8765092,0.0075089931488,0.0,1,0.0,3,13.049058198926046,SAT,,0.033,
38,9,4,0.0145690441132,0,1.0,15375424,0.0145690441132,0.0,1,0.0,3,13.063627243039246,SAT,,0.033,
39,9,5,0.009202003479,0,1.0,7163446,0.009202003479,0.0,1,0.0,3,13.072829246518246,SAT,,0.035,
40,7,2,0.0121028423309,0,1.0,14371703,0.0121028423309,0.0,1,0.0,4,13.084932088849147,SAT,,0.043,
41,10,5,0.0326850414276,0,1.0,7163446,0.0326850414276,0.0,1,0.0,4,13.117617130276747,SAT,,0.072,
42,7,3,1.0,0,1.0,13757434,2.58719205856,0.0,0,0.0,4,15.704809188836746,TIMEOUT,,2.628,
43,11,4,0.00875997543335,0,1.0,15375424,0.00875997543335,0.0,1,0.0,4,15.713569164270096,SAT,,0.031,
44,11,4,0.00844812393188,0,1.0,16049169,0.00844812393188,0.0,1,0.0,4,15.722017288201975,SAT,,0.031,
45,11,5,0.0101599693298,0,1.0,15753149,0.0101599693298,0.0,1,0.0,4,15.732177257531776,SAT,,0.032,
46,11,2,0.00525498390198,0,1.0,8765092,0.00525498390198,0.0,1,0.0,4,15.737432241433755,SAT,,0.039,
47,11,2,0.0245110988617,0,1.0,14371703,0.0245110988617,0.0,1,0.0,4,15.761943340295455,SAT,,0.054,
48,11,5,0.0103490352631,0,1.0,7163446,0.0103490352631,0.0,1,0.0,4,15.772292375558555,SAT,,0.031,
49,11,3,1.0,0,1.0,13757434,2.62945413589,0.0,0,0.0,4,18.401746511448554,TIMEOUT,,2.641,
50,7,4,0.0209050178528,0,1.0,5412823,0.0209050178528,0.0,1,0.0,5,18.422651529301355,SAT,,0.04,
51,12,1,0.0144979953766,0,1.0,5320365,0.0144979953766,0.0,1,0.0,5,18.437149524677956,SAT,,0.045,
52,7,1,0.014280796051,0,1.0,8756526,0.014280796051,0.0,1,0.0,5,18.451430320728957,SAT,,0.044,
53,13,5,0.0128440856934,0,1.0,7163446,0.0128440856934,0.0,1,0.0,5,18.464274406422355,SAT,,0.046,
54,7,2,0.00592589378357,0,1.0,12908281,0.00592589378357,0.0,1,0.0,5,18.470200300205924,SAT,,0.035,
55,14,1,0.00559997558594,0,1.0,5320365,0.00559997558594,0.0,1,0.0,5,18.475800275791865,SAT,,0.031,
56,14,2,0.00569891929626,0,1.0,12908281,0.00569891929626,0.0,1,0.0,5,18.481499195088126,SAT,,0.035,
57,14,5,0.00634217262268,0,1.0,7163446,0.00634217262268,0.0,1,0.0,5,18.487841367710807,SAT,,0.036,
58,14,3,1.0,0,1.0,13757434,2.65252399445,0.0,0,0.0,5,21.140365362160807,TIMEOUT,,2.664,
59,14,4,0.00831699371338,0,1.0,5412823,0.00831699371338,0.0,1,0.0,5,21.148682355874186,SAT,,0.033,
60,14,1,0.00512599945068,0,1.0,15686777,0.00512599945068,0.0,1,0.0,5,21.153808355324866,SAT,,0.033,
61,14,4,0.00796699523926,0,1.0,16049169,0.00796699523926,0.0,1,0.0,5,21.161775350564128,SAT,,0.033,
62,14,1,0.00480699539185,0,1.0,8756526,0.00480699539185,0.0,1,0.0,5,21.166582345955977,SAT,,0.033,
63,14,5,0.00620818138123,0,1.0,15753149,0.00620818138123,0.0,1,0.0,5,21.172790527337206,SAT,,0.032,
64,14,4,0.0149750709534,0,1.0,15375424,0.0149750709534,0.0,1,0.0,5,21.187765598290607,SAT,,0.047,
65,14,2,0.00564002990723,0,1.0,8765092,0.00564002990723,0.0,1,0.0,5,21.193405628197837,SAT,,0.033,
66,14,2,0.00541186332703,0,1.0,14371703,0.00541186332703,0.0,1,0.0,5,21.198817491524867,SAT,,0.031,
67,14,3,1.0,0,1.0,8435516,2.50045204163,0.0,0,0.0,5,23.69926953315487,TIMEOUT,,2.541,
68,14,3,1.0,0,1.0,1009110,2.43781089783,0.0,0,0.0,5,26.13708043098487,TIMEOUT,,2.472,
