Run Number,Run History Configuration ID,Instance ID,Response Value (y),Censored?,Cutoff Time Used,Seed,Runtime,Run Length,Run Result Code,Run Quality,SMAC Iteration,SMAC Cumulative Runtime,Run Result,Additional Algorithm Run Data,Wall Clock Time,
1,1,123,48.5850021839,0,2000.0,-1,48.5850021839,0.0,1,0.0,0,48.5850021839,SAT,,48.708,
2,1,90,3.95002007484,0,2000.0,-1,3.95002007484,0.0,1,0.0,1,52.53502225874,SAT,,4.066,
3,2,123,63.2854628563,0,64.16310331632495,-1,63.2854628563,0.0,1,0.0,1,115.82048511504,SAT,,63.327,
4,1,56,5.79561710358,0,2000.0,-1,5.79561710358,0.0,1,0.0,1,121.61610221862,SAT,,5.829,
5,3,123,63.2859261036,0,64.16310331632495,-1,63.2859261036,0.0,1,0.0,1,184.90202832222,SAT,,63.318,
6,1,16,5.23059988022,0,2000.0,-1,5.23059988022,0.0,2,0.0,2,190.13262820244,UNSAT,,5.256,
7,4,16,5.20000505447,0,7.802380331206322,-1,5.20000505447,0.0,2,0.0,2,195.33263325691001,UNSAT,,5.232,
8,4,90,4.24112987518,0,13.71430232037902,-1,4.24112987518,0.0,1,0.0,2,199.57376313209002,SAT,,4.271,
9,4,56,67.965031147,0,8.20083291118145,-1,67.965031147,0.0,1,0.0,2,267.53879427909004,SAT,,68.003,
10,1,64,3.70752501488,0,2000.0,-1,3.70752501488,0.0,1,0.0,2,271.24631929397003,SAT,,3.757,
11,5,90,4.09641003609,0,6.1376267004489895,-1,4.09641003609,0.0,1,0.0,2,275.34272933006,SAT,,4.124,
12,1,42,10.7804460526,0,2000.0,-1,10.7804460526,0.0,1,0.0,3,286.12317538266,SAT,,10.812,
13,6,42,11.8670599461,0,15.017180413353444,-1,11.8670599461,0.0,1,0.0,3,297.99023532876004,SAT,,11.911,
14,1,136,4.07293915749,0,2000.0,-1,4.07293915749,0.0,1,0.0,3,302.06317448625003,SAT,,4.195,
15,7,16,6.23917603493,0,7.802380331206322,-1,6.23917603493,0.0,2,0.0,3,308.30235052118,UNSAT,,6.264,
16,1,65,1775.05825114,0,2000.0,-1,1775.05825114,0.0,2,0.0,4,2083.36060166118,UNSAT,,1775.103,
17,8,64,5.96329402924,0,5.822383229035139,-1,5.96329402924,0.0,1,0.0,4,2089.32389569042,SAT,,6.03,
18,1,30,1801.85471582,0,2000.0,-1,1801.85471582,0.0,2,0.0,4,3891.17861151042,UNSAT,,1801.882,
19,9,30,1801.42806292,0,2000.0,-1,1801.42806292,0.0,2,0.0,4,5692.60667443042,UNSAT,,1801.498,
20,9,65,1801.71891713,0,2000.0,-1,1801.71891713,0.0,2,0.0,4,7494.3255915604195,UNSAT,,1801.748,
21,1,20,4.43707299232,0,2000.0,-1,4.43707299232,0.0,2,0.0,5,7498.76266455274,UNSAT,,4.503,
22,10,20,8.31047606468,0,6.770795386630297,-1,8.31047606468,0.0,2,0.0,5,7507.07314061742,UNSAT,,8.405,
23,1,138,3.40644001961,0,2000.0,-1,3.40644001961,0.0,1,0.0,5,7510.47958063703,SAT,,3.445,
24,11,56,4.52533507347,0,8.536903176802397,-1,4.52533507347,0.0,1,0.0,5,7515.0049157105,SAT,,4.573,
25,11,90,7.32098603249,0,2000.0,-1,7.32098603249,0.0,1,0.0,5,7522.32590174299,SAT,,7.364,
26,11,65,1176.536062,0,2000.0,-1,1176.536062,0.0,2,0.0,5,8698.86196374299,UNSAT,,1176.576,
27,11,16,6.22699999809,0,855.5667945075512,-1,6.22699999809,0.0,2,0.0,5,8705.08896374108,UNSAT,,6.301,
28,11,64,5.61431789398,0,847.4716949168325,-1,5.61431789398,0.0,1,0.0,5,8710.70328163506,SAT,,5.638,
29,11,123,86.5873680115,0,840.1730815771699,-1,86.5873680115,0.0,1,0.0,5,8797.29064964656,SAT,,86.623,
30,11,138,17.3601930141,0,727.6095025133073,-1,17.3601930141,0.0,1,0.0,5,8814.65084266066,SAT,,17.381,
31,11,136,8.35859894753,0,2000.0,-1,8.35859894753,0.0,1,0.0,5,8823.00944160819,SAT,,8.391,
32,11,20,4.72964596748,0,2000.0,-1,4.72964596748,0.0,2,0.0,5,8827.73908757567,UNSAT,,4.757,
33,11,42,2.84647107124,0,2000.0,-1,2.84647107124,0.0,1,0.0,5,8830.58555864691,SAT,,2.891,
34,11,30,1801.67789507,0,2000.0,-1,1801.67789507,0.0,2,0.0,5,10632.26345371691,UNSAT,,1801.75,
35,11,82,1485.86849284,0,2000.0,-1,1485.86849284,0.0,1,0.0,6,12118.13194655691,SAT,,1485.961,
36,12,64,4.22934603691,0,8.30121365224123,-1,4.22934603691,0.0,1,0.0,6,12122.36129259382,SAT,,4.303,
37,12,42,12.3793458939,0,119.06965429742934,-1,12.3793458939,0.0,1,0.0,6,12134.74063848772,SAT,,12.411,
38,12,123,66.7305240631,0,102.97650516812803,-1,66.7305240631,0.0,1,0.0,6,12201.471162550819,SAT,,66.756,
39,12,65,33.165897131,0,2000.0,-1,33.165897131,0.0,2,0.0,6,12234.63705968182,UNSAT,,33.211,
40,12,82,62.7682800293,0,2000.0,-1,62.7682800293,0.0,1,0.0,6,12297.40533971112,SAT,,62.801,
41,12,138,4.50287413597,0,2000.0,-1,4.50287413597,0.0,1,0.0,6,12301.90821384709,SAT,,4.548,
42,12,56,6.19838500023,0,2000.0,-1,6.19838500023,0.0,1,0.0,6,12308.10659884732,SAT,,6.233,
43,12,90,4.01380801201,0,2000.0,-1,4.01380801201,0.0,1,0.0,6,12312.12040685933,SAT,,4.055,
44,12,20,4.99821901321,0,2000.0,-1,4.99821901321,0.0,2,0.0,6,12317.118625872541,UNSAT,,5.025,
45,12,30,43.0080378056,0,2000.0,-1,43.0080378056,0.0,2,0.0,6,12360.12666367814,UNSAT,,43.036,
46,12,136,4.09266519547,0,2000.0,-1,4.09266519547,0.0,1,0.0,6,12364.21932887361,SAT,,4.132,
47,12,16,6.34631299973,0,2000.0,-1,6.34631299973,0.0,2,0.0,6,12370.565641873342,UNSAT,,6.39,
48,12,100,7.54966807365,0,2000.0,-1,7.54966807365,0.0,2,0.0,6,12378.115309946992,UNSAT,,7.587,
49,13,30,2000.0,0,56.91304950823188,-1,569.77485,0.0,-1,1.0E9,6,12947.890159946992,CRASHED,Run Exceeded Captime -- Treating as CRASHED;Killed Manually,599.763,
50,12,70,4.83778905869,0,2000.0,-1,4.83778905869,0.0,2,0.0,7,12952.727949005683,UNSAT,,4.878,
51,14,90,4.40302801132,0,6.220551289963723,-1,4.40302801132,0.0,1,0.0,7,12957.130977017003,SAT,,4.431,
52,12,1,5.84920096397,0,2000.0,-1,5.84920096397,0.0,2,0.0,7,12962.980177980973,UNSAT,,5.888,
53,15,16,5.67255306244,0,9.252807580280304,-1,5.67255306244,0.0,2,0.0,7,12968.652731043414,UNSAT,,5.714,
54,15,42,9.22889995575,0,23.47238789160848,-1,9.22889995575,0.0,1,0.0,7,12977.881630999163,SAT,,9.268,
55,15,64,6.0605340004,0,11.474817794162036,-1,6.0605340004,0.0,1,0.0,7,12983.942164999564,SAT,,6.103,
56,15,100,5.89185786247,0,108.47235376794936,-1,5.89185786247,0.0,2,0.0,7,12989.834022862035,UNSAT,,5.93,
57,15,138,5.18510484695,0,100.81293879856469,-1,5.18510484695,0.0,1,0.0,7,12995.019127708985,SAT,,5.228,
58,15,82,2000.0,0,94.072302420038,-1,941.412,0.0,-1,1.0E9,7,13936.431127708986,CRASHED,Run Exceeded Captime -- Treating as CRASHED;Killed Manually,990.96,
59,12,112,5.72913098335,0,2000.0,-1,5.72913098335,0.0,1,0.0,8,13942.160258692336,SAT,,5.788,
60,16,20,5.56082296371,0,7.500285271900893,-1,5.56082296371,0.0,2,0.0,8,13947.721081656045,UNSAT,,5.645,
61,12,45,6.58742117882,0,2000.0,-1,6.58742117882,0.0,1,0.0,8,13954.308502834865,SAT,,6.638,
62,17,100,5.13011908531,0,10.817169573503733,-1,5.13011908531,0.0,2,0.0,8,13959.438621920175,UNSAT,,5.159,
63,17,30,167.752577066,0,68.11896412481666,-1,167.752577066,0.0,2,0.0,8,14127.191198986175,UNSAT,,167.796,
64,12,92,4.54901790619,0,2000.0,-1,4.54901790619,0.0,1,0.0,9,14131.740216892365,SAT,,4.573,
65,18,136,4.3572280407,0,6.323065318512917,-1,4.3572280407,0.0,1,0.0,9,14136.097444933066,SAT,,4.405,
66,12,32,3.80820798874,0,2000.0,-1,3.80820798874,0.0,1,0.0,9,14139.905652921807,SAT,,3.847,
67,19,42,2.64668488503,0,17.095750652599335,-1,2.64668488503,0.0,1,0.0,9,14142.552337806837,SAT,,2.675,
68,19,56,4.21638679504,0,27.213710442531113,-1,4.21638679504,0.0,1,0.0,9,14146.768724601878,SAT,,4.249,
69,19,64,6.15444898605,0,21.73240742494464,-1,6.15444898605,0.0,1,0.0,9,14152.923173587928,SAT,,6.178,
70,19,32,5.82029509544,0,40.23701044579148,-1,5.82029509544,0.0,1,0.0,9,14158.743468683368,SAT,,5.862,
71,19,1,6.2809741497,0,32.6706271510303,-1,6.2809741497,0.0,2,0.0,9,14165.024442833068,UNSAT,,6.306,
72,19,20,4.53997802734,0,24.505360320556168,-1,4.53997802734,0.0,2,0.0,9,14169.564420860408,UNSAT,,4.573,
73,19,112,172.981379986,0,18.60338923369646,-1,172.981379986,0.0,1,0.0,9,14342.545800846408,SAT,,173.083,
74,12,129,4.62396502495,0,2000.0,-1,4.62396502495,0.0,1,0.0,10,14347.169765871358,SAT,,4.676,
75,20,123,58.886441946,0,87.75228204985262,-1,58.886441946,0.0,1,0.0,10,14406.056207817359,SAT,,58.932,
76,20,138,4.68632912636,0,25.114143908369545,-1,4.68632912636,0.0,1,0.0,10,14410.742536943719,SAT,,4.731,
77,20,56,6.1794860363,0,19.0219167511642,-1,6.1794860363,0.0,1,0.0,10,14416.92202298002,SAT,,6.204,
78,20,92,4.67536187172,0,40.82372261990905,-1,4.67536187172,0.0,1,0.0,10,14421.597384851739,SAT,,4.706,
79,20,1,4.93361210823,0,34.74575168301463,-1,4.93361210823,0.0,2,0.0,10,14426.53099695997,UNSAT,,4.96,
80,20,20,5.33762693405,0,28.332055535513167,-1,5.33762693405,0.0,2,0.0,10,14431.868623894019,UNSAT,,5.386,
81,20,100,7.21799492836,0,21.393140860247613,-1,7.21799492836,0.0,2,0.0,10,14439.086618822379,UNSAT,,7.257,
82,20,64,4.64569997787,0,112.81401634995939,-1,4.64569997787,0.0,1,0.0,10,14443.732318800248,SAT,,4.679,
83,20,45,4.91607093811,0,106.77460682426693,-1,4.91607093811,0.0,1,0.0,10,14448.648389738359,SAT,,4.952,
84,20,129,4.59506297112,0,100.3837145756662,-1,4.59506297112,0.0,1,0.0,10,14453.24345270948,SAT,,4.627,
85,20,32,3.79427313805,0,94.41013307158948,-1,3.79427313805,0.0,1,0.0,10,14457.03772584753,SAT,,3.819,
86,20,136,4.16060185432,0,89.4775777015567,-1,4.16060185432,0.0,1,0.0,10,14461.19832770185,SAT,,4.199,
87,20,70,3.77364516258,0,84.06879556213617,-1,3.77364516258,0.0,2,0.0,10,14464.97197286443,UNSAT,,3.819,
88,20,16,5.51472616196,0,79.16305641492009,-1,5.51472616196,0.0,2,0.0,10,14470.48669902639,UNSAT,,5.559,
89,20,30,60.647521019,0,71.99391255934835,-1,60.647521019,0.0,2,0.0,10,14531.134220045391,UNSAT,,60.677,
90,12,62,4.35769510269,0,2000.0,-1,4.35769510269,0.0,1,0.0,10,14535.49191514808,SAT,,4.421,
91,21,65,19.3088419437,0,44.11826672812104,-1,19.3088419437,0.0,2,0.0,10,14554.800757091782,UNSAT,,19.341,
92,21,136,6.98921513557,0,30.83752178435326,-1,6.98921513557,0.0,1,0.0,10,14561.789972227352,SAT,,7.015,
93,21,20,4.30141401291,0,21.75154163350463,-1,4.30141401291,0.0,2,0.0,10,14566.091386240263,UNSAT,,4.346,
94,21,30,2000.0,0,92.77287608792187,-1,928.54615,0.0,-1,1.0E9,10,15494.637536240263,CRASHED,Run Exceeded Captime -- Treating as CRASHED;Killed Manually,977.417,
95,12,2,155.501420021,0,2000.0,-1,155.501420021,0.0,2,0.0,11,15650.138956261264,UNSAT,,155.551,
96,22,112,2000.0,0,8.450471133339406,-1,85.13045,0.0,-1,1.0E9,11,15735.269406261265,CRASHED,Run Exceeded Captime -- Treating as CRASHED;Killed Manually,89.611,
97,12,94,4.72118115425,0,2000.0,-1,4.72118115425,0.0,1,0.0,11,15739.990587415514,SAT,,4.755,
98,23,2,6.99318289757,0,203.1544471051276,-1,6.99318289757,0.0,2,0.0,11,15746.983770313083,UNSAT,,7.04,
99,23,65,32.1535198689,0,293.0920243154943,-1,32.1535198689,0.0,2,0.0,11,15779.137290181983,UNSAT,,32.176,
100,23,30,1801.68092108,0,251.2924485731602,-1,1801.68092108,0.0,2,0.0,11,17580.818211261983,UNSAT,,1801.712,
101,12,44,4.04660797119,0,2000.0,-1,4.04660797119,0.0,1,0.0,12,17584.864819233175,SAT,,4.074,
102,24,123,64.5299220085,0,87.75228204985262,-1,64.5299220085,0.0,1,0.0,12,17649.394741241675,SAT,,64.594,
103,24,65,27.0426888466,0,52.83538549055457,-1,27.0426888466,0.0,2,0.0,12,17676.437430088274,UNSAT,,27.067,
104,24,138,3.89740490913,0,17.679890048104525,-1,3.89740490913,0.0,1,0.0,12,17680.334834997404,SAT,,3.944,
105,24,16,5.28716492653,0,43.19207853485942,-1,5.28716492653,0.0,2,0.0,12,17685.621999923933,UNSAT,,5.325,
106,24,129,4.01585793495,0,36.318764265972376,-1,4.01585793495,0.0,1,0.0,12,17689.637857858885,SAT,,4.046,
107,24,20,4.71549987793,0,31.09814849530459,-1,4.71549987793,0.0,2,0.0,12,17694.353357736814,UNSAT,,4.75,
108,24,100,7.50456404686,0,24.967999186712508,-1,7.50456404686,0.0,2,0.0,12,17701.857921783674,UNSAT,,7.547,
109,24,112,4.5481979847,0,120.25857343186738,-1,4.5481979847,0.0,1,0.0,12,17706.406119768373,SAT,,4.575,
110,24,62,3.86464500427,0,114.34591653605105,-1,3.86464500427,0.0,1,0.0,12,17710.270764772642,SAT,,3.897,
111,24,64,4.30620503426,0,109.32187800143959,-1,4.30620503426,0.0,1,0.0,12,17714.5769698069,SAT,,4.351,
112,24,56,5.88429808617,0,103.72381199930908,-1,5.88429808617,0.0,1,0.0,12,17720.46126789307,SAT,,5.912,
113,24,30,42.377519846,0,96.07422443886401,-1,42.377519846,0.0,2,0.0,12,17762.83878773907,UNSAT,,42.403,
114,24,70,4.63546705246,0,40.98344798048139,-1,4.63546705246,0.0,2,0.0,12,17767.47425479153,UNSAT,,4.677,
115,24,1,5.47708010674,0,34.957340628254414,-1,5.47708010674,0.0,2,0.0,12,17772.95133489827,UNSAT,,5.502,
116,24,45,6.16328907013,0,27.83713647012711,-1,6.16328907013,0.0,1,0.0,12,17779.1146239684,SAT,,6.207,
117,24,42,12.3888890743,0,352.48125520383115,-1,12.3888890743,0.0,1,0.0,12,17791.5035130427,SAT,,12.432,
118,24,32,3.58230495453,0,336.37569983338113,-1,3.58230495453,0.0,1,0.0,12,17795.085817997227,SAT,,3.617,
119,24,82,52.9522190094,0,331.7187029760063,-1,52.9522190094,0.0,1,0.0,12,17848.038037006627,SAT,,52.98,
120,24,44,4.6388001442,0,262.8808185349882,-1,4.6388001442,0.0,1,0.0,12,17852.676837150826,SAT,,4.674,
121,24,92,4.42284488678,0,256.8503780182183,-1,4.42284488678,0.0,1,0.0,12,17857.099682037606,SAT,,4.45,
122,24,94,4.21355700493,0,251.10068031435014,-1,4.21355700493,0.0,1,0.0,12,17861.313239042534,SAT,,4.248,
123,24,2,133.979274035,0,245.62305546213986,-1,133.979274035,0.0,2,0.0,12,17995.292513077533,UNSAT,,134.025,
124,24,136,4.74958109856,0,71.44999931414723,-1,4.74958109856,0.0,1,0.0,12,18000.042094176093,SAT,,4.801,
125,24,90,4.06561303139,0,65.27554373105168,-1,4.06561303139,0.0,1,0.0,12,18004.107707207484,SAT,,4.093,
126,24,125,5.04065489769,0,2000.0,-1,5.04065489769,0.0,1,0.0,12,18009.148362105174,SAT,,5.112,
127,25,44,4.77012991905,0,7.033040829348565,-1,4.77012991905,0.0,1,0.0,12,18013.918492024222,SAT,,4.801,
128,24,39,1801.50675702,0,2000.0,-1,1801.50675702,0.0,1,0.0,13,19815.425249044223,SAT,,1801.545,
129,26,94,4.01351904869,0,6.480225164788962,-1,4.01351904869,0.0,1,0.0,13,19819.438768092914,SAT,,4.08,
130,26,125,2000.0,0,13.844208874154091,-1,139.26334999999997,0.0,-1,1.0E9,13,19958.702118092915,CRASHED,Run Exceeded Captime -- Treating as CRASHED;Killed Manually,146.593,
131,24,97,4.40099787712,0,2000.0,-1,4.40099787712,0.0,1,0.0,13,19963.103115970036,SAT,,4.428,
132,27,1,5.81329894066,0,8.122804470705987,-1,5.81329894066,0.0,2,0.0,13,19968.916414910695,UNSAT,,5.854,
133,24,154,1797.62015104,0,2000.0,-1,1797.62015104,0.0,1,0.0,14,21766.536565950693,SAT,,1797.661,
134,28,97,4.11558413506,0,6.7238981727242475,-1,4.11558413506,0.0,1,0.0,14,21770.652150085753,SAT,,4.315,
135,28,92,3.73240089417,0,14.246141061532498,-1,3.73240089417,0.0,1,0.0,14,21774.38455097992,SAT,,3.748,
136,28,1,4.86162400246,0,9.394019831317664,-1,4.86162400246,0.0,2,0.0,14,21779.24617498238,UNSAT,,4.901,
137,28,42,2.48675394058,0,145.10237340663673,-1,2.48675394058,0.0,1,0.0,14,21781.73292892296,SAT,,2.518,
138,28,16,6.16327309608,0,141.8695929351926,-1,6.16327309608,0.0,2,0.0,14,21787.89620201904,UNSAT,,6.203,
139,28,65,995.952367067,0,133.85733802651168,-1,995.952367067,0.0,2,0.0,14,22783.84856908604,UNSAT,,995.996,
140,24,43,3.79781889915,0,2000.0,-1,3.79781889915,0.0,1,0.0,14,22787.64638798519,SAT,,3.846,
141,29,90,4.36201190948,0,6.2878975536406045,-1,4.36201190948,0.0,1,0.0,14,22792.008399894672,SAT,,4.461,
142,24,87,5.6790869236,0,2000.0,-1,5.6790869236,0.0,1,0.0,15,22797.68748681827,SAT,,5.716,
143,30,42,2.48657798767,0,17.108156893748045,-1,2.48657798767,0.0,1,0.0,15,22800.174064805942,SAT,,2.528,
144,30,30,2000.0,0,137.80686556209923,-1,1378.95255,0.0,-1,1.0E9,15,24179.126614805944,CRASHED,Run Exceeded Captime -- Treating as CRASHED;Killed Manually,1451.529,
145,24,3,5.48696708679,0,2000.0,-1,5.48696708679,0.0,2,0.0,15,24184.613581892732,UNSAT,,5.527,
146,31,30,2000.0,0,56.093376770961285,-1,561.9363999999999,0.0,-1,1.0E9,15,24746.54998189273,CRASHED,Run Exceeded Captime -- Treating as CRASHED;Killed Manually,591.512,
147,24,121,4.78830504417,0,2000.0,-1,4.78830504417,0.0,1,0.0,16,24751.3382869369,SAT,,4.827,
148,32,100,8.45533490181,0,10.758534435528517,-1,8.45533490181,0.0,2,0.0,16,24759.79362183871,UNSAT,,8.493,
149,24,91,4.5321969986,0,2000.0,-1,4.5321969986,0.0,1,0.0,16,24764.32581883731,SAT,,4.571,
150,33,43,5.78888702393,0,5.9397648911654946,-1,5.78888702393,0.0,1,0.0,16,24770.11470586124,SAT,,5.828,
