Run Number,Run History Configuration ID,Instance ID,Response Value (y),Censored?,Cutoff Time Used,Seed,Runtime,Run Length,Run Result Code,Run Quality,SMAC Iteration,SMAC Cumulative Runtime,Run Result,Additional Algorithm Run Data,Wall Clock Time,
1,1,1108,5.09960103035,0,2000.0,-1,5.09960103035,0.0,1,0.0,0,5.09960103035,SAT,,5.28,
2,1,501,189.342441082,0,2000.0,-1,189.342441082,0.0,1,0.0,1,194.44204211234998,SAT,,189.437,
3,2,1108,3.85704708099,0,7.632081758576632,-1,3.85704708099,0.0,1,0.0,1,198.29908919333997,SAT,,3.882,
4,2,501,1802.90326405,0,248.7643939334631,-1,1802.90326405,0.0,1,0.0,1,2001.20235324334,SAT,,1802.952,
5,1,1390,870.870699883,0,2000.0,-1,870.870699883,0.0,1,0.0,1,2872.07305312634,SAT,,870.924,
6,3,501,1802.73818707,0,247.14777366106512,-1,1802.73818707,0.0,1,0.0,1,4674.81124019634,SAT,,1802.869,
7,1,395,11.7217109203,0,2000.0,-1,11.7217109203,0.0,1,0.0,2,4686.53295111664,SAT,,11.759,
8,4,395,10.8957281113,0,16.24082540010214,-1,10.8957281113,0.0,1,0.0,2,4697.42867922794,SAT,,10.962,
9,4,501,139.387071848,0,254.85363303532006,-1,139.387071848,0.0,1,0.0,2,4836.81575107594,SAT,,139.429,
10,4,1108,4.63825893402,0,73.65043935214281,-1,4.63825893402,0.0,1,0.0,2,4841.45401000996,SAT,,4.686,
11,4,1390,849.210935831,0,1199.7539127137243,-1,849.210935831,0.0,1,0.0,2,5690.66494584096,SAT,,849.256,
12,4,604,407.361756086,0,2000.0,-1,407.361756086,0.0,1,0.0,2,6098.02670192696,SAT,,407.505,
13,5,604,5.52664899826,0,530.5728832151473,-1,5.52664899826,0.0,1,0.0,2,6103.55335092522,SAT,,5.611,
14,5,395,4.64214706421,0,543.585022807467,-1,4.64214706421,0.0,1,0.0,2,6108.19549798943,SAT,,4.681,
15,5,1108,3.3652369976,0,537.5502321760833,-1,3.3652369976,0.0,1,0.0,2,6111.56073498703,SAT,,3.399,
16,5,501,6.06225609779,0,1818.355433166373,-1,6.06225609779,0.0,1,0.0,2,6117.62299108482,SAT,,6.089,
17,5,1390,1280.44577885,0,1810.474501353103,-1,1280.44577885,0.0,1,0.0,2,7398.06876993482,SAT,,1280.472,
18,5,1977,100.826854944,0,2000.0,-1,100.826854944,0.0,1,0.0,3,7498.89562487882,SAT,,100.852,
19,6,1108,3.64547109604,0,5.377408758151531,-1,3.64547109604,0.0,1,0.0,3,7502.54109597486,SAT,,3.673,
20,5,218,4.15291404724,0,2000.0,-1,4.15291404724,0.0,1,0.0,3,7506.6940100221,SAT,,4.182,
21,7,501,2000.0,0,8.88353333656788,-1,89.5033,0.0,-1,1.0E9,3,7596.1973100221,CRASHED,Run Exceeded Captime -- Treating as CRASHED;Killed Manually,94.214,
22,5,2452,2121.45794106,0,2000.0,-1,2121.45794106,0.0,1,0.0,4,9717.6552510821,SAT,,2121.502,
23,6,604,6.10959100723,0,7.824239869016409,-1,6.10959100723,0.0,1,0.0,4,9723.764842089331,SAT,,6.147,
24,5,1149,46.2669460773,0,2000.0,-1,46.2669460773,0.0,1,0.0,4,9770.03178816663,SAT,,46.299,
25,8,218,2000.0,0,6.401389174509049,-1,64.67504999999998,0.0,-1,1.0E9,4,9834.70683816663,CRASHED,Run Exceeded Captime -- Treating as CRASHED;Killed Manually,68.079,
26,5,1291,1113.5878222,0,2000.0,-1,1113.5878222,0.0,1,0.0,5,10948.29466036663,SAT,,1113.624,
27,9,2452,629.690486908,0,2000.0,-1,629.690486908,0.0,1,0.0,5,11577.98514727463,SAT,,629.74,
28,9,1390,1852.25408196,0,2000.0,-1,1852.25408196,0.0,1,0.0,5,13430.23922923463,SAT,,1852.36,
29,9,1108,4.64435005188,0,2000.0,-1,4.64435005188,0.0,1,0.0,5,13434.88357928651,SAT,,4.673,
30,9,1149,48.1590590477,0,2000.0,-1,48.1590590477,0.0,1,0.0,5,13483.042638334211,SAT,,48.184,
31,9,1977,138.688766003,0,2000.0,-1,138.688766003,0.0,1,0.0,5,13621.731404337212,SAT,,138.72,
32,9,604,6.61025905609,0,2000.0,-1,6.61025905609,0.0,1,0.0,5,13628.341663393301,SAT,,6.644,
33,9,1291,2186.93142104,0,2000.0,-1,2186.93142104,0.0,1,0.0,5,15815.273084433302,SAT,,2186.969,
34,5,2487,1811.35480213,0,2000.0,-1,1811.35480213,0.0,1,0.0,5,17626.627886563303,SAT,,1811.392,
35,10,1149,46.3114039898,0,61.14963012595773,-1,46.3114039898,0.0,1,0.0,5,17672.939290553102,SAT,,46.379,
36,5,977,19.2778549194,0,2000.0,-1,19.2778549194,0.0,1,0.0,6,17692.217145472503,SAT,,19.32,
37,11,1390,1847.70757008,0,1665.5821126777412,-1,1847.70757008,0.0,1,0.0,6,19539.924715552504,SAT,,1847.731,
38,5,346,3.76594495773,0,2000.0,-1,3.76594495773,0.0,1,0.0,6,19543.690660510234,SAT,,3.89,
39,12,395,2000.0,0,7.037392154681683,-1,71.34214999999999,0.0,-1,1.0E9,6,19615.032810510234,CRASHED,Run Exceeded Captime -- Treating as CRASHED;Killed Manually,75.097,
40,5,2333,1937.19307399,0,2000.0,-1,1937.19307399,0.0,1,0.0,7,21552.225884500236,SAT,,1937.24,
41,13,2487,1494.91597295,0,2000.0,-1,1494.91597295,0.0,1,0.0,7,23047.141857450235,SAT,,1495.019,
42,13,218,591.11066699,0,477.9214967865228,-1,591.11066699,0.0,1,0.0,7,23638.252524440235,SAT,,591.171,
43,5,1147,4.59056591988,0,2000.0,-1,4.59056591988,0.0,1,0.0,7,23642.843090360115,SAT,,4.633,
44,14,1147,4.75965189934,0,6.970336463648081,-1,4.75965189934,0.0,1,0.0,7,23647.602742259456,SAT,,4.841,
45,5,1160,6.41362810135,0,2000.0,-1,6.41362810135,0.0,1,0.0,8,23654.016370360805,SAT,,6.449,
46,15,604,2000.0,0,8.187243797230721,-1,82.72505,0.0,-1,1.0E9,8,23736.741420360806,CRASHED,Run Exceeded Captime -- Treating as CRASHED;Killed Manually,87.079,
47,5,1517,1880.41030622,0,2000.0,-1,1880.41030622,0.0,2,0.0,8,25617.151726580807,UNSAT,,1880.444,
48,16,604,6.28296589851,0,8.187243797230721,-1,6.28296589851,0.0,1,0.0,8,25623.434692479317,SAT,,6.376,
49,5,921,4.05318498611,0,2000.0,-1,4.05318498611,0.0,1,0.0,9,25627.487877465428,SAT,,4.096,
50,17,1108,3.95507192612,0,5.377408758151531,-1,3.95507192612,0.0,1,0.0,9,25631.44294939155,SAT,,4.004,
51,5,1554,1813.859164,0,2000.0,-1,1813.859164,0.0,1,0.0,9,27445.30211339155,SAT,,1813.898,
52,18,1517,1911.17377996,0,2000.0,-1,1911.17377996,0.0,2,0.0,9,29356.47589335155,UNSAT,,1911.247,
53,5,2664,1843.15984392,0,2000.0,-1,1843.15984392,0.0,1,0.0,10,31199.63573727155,SAT,,1843.196,
54,19,218,5.98449587822,0,6.401389174509049,-1,5.98449587822,0.0,1,0.0,10,31205.62023314977,SAT,,6.115,
55,5,2195,1891.05970311,0,2000.0,-1,1891.05970311,0.0,1,0.0,10,33096.67993625977,SAT,,1891.099,
56,20,1517,1884.80255508,0,2000.0,-1,1884.80255508,0.0,2,0.0,10,34981.48249133977,UNSAT,,1884.89,
57,5,655,4.72481298447,0,2000.0,-1,4.72481298447,0.0,1,0.0,11,34986.207304324234,SAT,,4.781,
58,21,2195,421.816749811,0,2000.0,-1,421.816749811,0.0,1,0.0,11,35408.02405413523,SAT,,421.865,
59,21,346,5.77414989471,0,2000.0,-1,5.77414989471,0.0,1,0.0,11,35413.79820402994,SAT,,5.831,
60,21,2664,1844.64622307,0,2000.0,-1,1844.64622307,0.0,1,0.0,11,37258.44442709994,SAT,,1844.725,
61,21,395,6.30049991608,0,2000.0,-1,6.30049991608,0.0,1,0.0,11,37264.744927016014,SAT,,6.355,
62,21,1108,3.67825007439,0,2000.0,-1,3.67825007439,0.0,1,0.0,11,37268.4231770904,SAT,,3.718,
63,21,2487,1810.00205302,0,2000.0,-1,1810.00205302,0.0,1,0.0,11,39078.4252301104,SAT,,1810.038,
64,21,604,8.08202815056,0,1912.8637228984119,-1,8.08202815056,0.0,1,0.0,11,39086.50725826096,SAT,,8.142,
65,21,501,8.77464985847,0,2000.0,-1,8.77464985847,0.0,1,0.0,11,39095.281908119425,SAT,,8.798,
66,21,921,34.4345109463,0,2000.0,-1,34.4345109463,0.0,1,0.0,11,39129.71641906573,SAT,,34.494,
67,21,1147,4.22852611542,0,2000.0,-1,4.22852611542,0.0,1,0.0,11,39133.944945181145,SAT,,4.329,
68,21,218,5.53482604027,0,2000.0,-1,5.53482604027,0.0,1,0.0,11,39139.47977122141,SAT,,5.582,
69,21,1149,44.8728029728,0,2000.0,-1,44.8728029728,0.0,1,0.0,11,39184.352574194214,SAT,,44.908,
70,21,1517,678.360244989,0,2000.0,-1,678.360244989,0.0,2,0.0,11,39862.712819183216,UNSAT,,678.4,
71,21,1390,1852.45213413,0,2000.0,-1,1852.45213413,0.0,1,0.0,11,41715.164953313215,SAT,,1852.486,
72,21,1291,2180.86310816,0,2000.0,-1,2180.86310816,0.0,1,0.0,11,43896.02806147322,SAT,,2180.933,
73,5,2731,6571.58870697,0,2000.0,-1,6571.58870697,0.0,2,0.0,11,50467.616768443215,UNSAT,,6571.667,
74,22,977,2000.0,0,26.063811581927542,-1,285.3952,0.0,-1,1.0E9,11,50753.011968443214,CRASHED,Run Exceeded Captime -- Treating as CRASHED;Killed Manually,300.416,
75,5,2132,5208.7704401,0,2000.0,-1,5208.7704401,0.0,1,0.0,12,55961.782408543215,SAT,,5208.812,
76,23,921,3.55383896828,0,6.271740503954888,-1,3.55383896828,0.0,1,0.0,12,55965.33624751149,SAT,,3.641,
77,23,2731,5045.91600895,0,2000.0,-1,5045.91600895,0.0,2,0.0,12,61011.25225646149,UNSAT,,5045.952,
78,23,1291,2059.60854292,0,2000.0,-1,2059.60854292,0.0,1,0.0,12,63070.860799381495,SAT,,2059.713,
79,5,1519,1810.96279216,0,2000.0,-1,1810.96279216,0.0,2,0.0,12,64881.82359154149,UNSAT,,1811.054,
80,24,1149,43.1916739941,0,61.14963012595773,-1,43.1916739941,0.0,1,0.0,12,64925.01526553559,SAT,,43.291,
81,24,218,1803.40644908,0,2000.0,-1,1803.40644908,0.0,1,0.0,12,66728.42171461559,SAT,,1803.431,
82,24,2487,2000.0,0,20.73470203985572,-1,219.15929999999997,0.0,-1,1.0E9,12,66947.58101461559,CRASHED,Run Exceeded Captime -- Treating as CRASHED;Killed Manually,230.694,
83,5,1398,1915.00601101,0,2000.0,-1,1915.00601101,0.0,1,0.0,13,68862.58702562559,SAT,,1915.041,
84,25,2132,7321.04478598,0,2000.0,-1,7321.04478598,0.0,1,0.0,13,76183.63181160559,SAT,,7321.092,
85,5,2412,2573.67747402,0,2000.0,-1,2573.67747402,0.0,1,0.0,13,78757.3092856256,SAT,,2573.736,
86,26,501,2000.0,0,8.88353333656788,-1,89.79209999999999,0.0,-1,1.0E9,13,78847.1013856256,CRASHED,Run Exceeded Captime -- Treating as CRASHED;Killed Manually,94.518,
87,5,2082,2489.84560394,0,2000.0,-1,2489.84560394,0.0,1,0.0,14,81336.94698956561,SAT,,2489.881,
88,27,2195,2002.25409818,0,2000.0,-1,2002.25409818,0.0,1,0.0,14,83339.2010877456,SAT,,2002.324,
89,5,2057,3051.2527051,0,2000.0,-1,3051.2527051,0.0,1,0.0,14,86390.45379284561,SAT,,3051.324,
90,28,2452,2333.987643,0,2000.0,-1,2333.987643,0.0,1,0.0,14,88724.44143584561,SAT,,2334.086,
91,5,1564,4603.00402904,0,2000.0,-1,4603.00402904,0.0,1,0.0,15,93327.44546488562,SAT,,4603.066,
92,29,2731,5430.78406191,0,2000.0,-1,5430.78406191,0.0,2,0.0,15,98758.22952679562,UNSAT,,5430.86,
93,29,501,242.374539137,0,2000.0,-1,242.374539137,0.0,1,0.0,15,99000.60406593262,SAT,,242.454,
94,29,2132,5489.68203115,0,2000.0,-1,5489.68203115,0.0,1,0.0,15,104490.28609708263,SAT,,5489.8,
95,29,2664,1732.87673593,0,2000.0,-1,1732.87673593,0.0,1,0.0,15,106223.16283301263,SAT,,1732.921,
96,29,1149,46.4593729973,0,2000.0,-1,46.4593729973,0.0,1,0.0,15,106269.62220600992,SAT,,46.532,
97,29,395,10.6669049263,0,2000.0,-1,10.6669049263,0.0,1,0.0,15,106280.28911093622,SAT,,10.709,
98,29,921,4.90352916718,0,2000.0,-1,4.90352916718,0.0,1,0.0,15,106285.1926401034,SAT,,4.933,
99,29,2082,2045.953058,0,2000.0,-1,2045.953058,0.0,1,0.0,15,108331.1456981034,SAT,,2045.986,
100,29,2412,2094.2686429,0,2000.0,-1,2094.2686429,0.0,1,0.0,15,110425.4143410034,SAT,,2094.316,
101,29,1160,829.239284992,0,2000.0,-1,829.239284992,0.0,1,0.0,15,111254.6536259954,SAT,,829.313,
102,29,2333,1850.05546403,0,2000.0,-1,1850.05546403,0.0,1,0.0,15,113104.7090900254,SAT,,1850.116,
103,29,1554,1202.70894599,0,2000.0,-1,1202.70894599,0.0,1,0.0,15,114307.4180360154,SAT,,1202.78,
104,29,2452,2431.76547408,0,2000.0,-1,2431.76547408,0.0,1,0.0,15,116739.1835100954,SAT,,2431.81,
105,29,1108,5.88331007957,0,2000.0,-1,5.88331007957,0.0,1,0.0,15,116745.06682017498,SAT,,5.91,
106,29,218,61.7216868401,0,2000.0,-1,61.7216868401,0.0,1,0.0,15,116806.78850701508,SAT,,61.756,
107,29,2487,897.023845911,0,2000.0,-1,897.023845911,0.0,1,0.0,15,117703.81235292608,SAT,,897.044,
108,29,977,1813.2139039,0,2000.0,-1,1813.2139039,0.0,1,0.0,15,119517.02625682608,SAT,,1813.265,
109,29,1390,1463.68634176,0,2000.0,-1,1463.68634176,0.0,1,0.0,15,120980.71259858608,SAT,,1463.756,
110,29,1398,1344.97770905,0,2000.0,-1,1344.97770905,0.0,1,0.0,15,122325.69030763608,SAT,,1345.05,
111,29,604,1059.32096815,0,2000.0,-1,1059.32096815,0.0,1,0.0,15,123385.01127578608,SAT,,1059.373,
112,29,1519,911.847539186,0,2000.0,-1,911.847539186,0.0,2,0.0,15,124296.85881497207,UNSAT,,911.889,
113,29,1517,1952.02292204,0,2000.0,-1,1952.02292204,0.0,2,0.0,15,126248.88173701208,UNSAT,,1952.097,
114,29,346,4.59483504295,0,2000.0,-1,4.59483504295,0.0,1,0.0,15,126253.47657205503,SAT,,4.661,
115,29,2057,1395.99028206,0,2000.0,-1,1395.99028206,0.0,1,0.0,15,127649.46685411503,SAT,,1396.031,
116,29,1564,3391.26475096,0,2000.0,-1,3391.26475096,0.0,1,0.0,15,131040.73160507504,SAT,,3391.357,
117,29,1147,5.83165788651,0,2000.0,-1,5.83165788651,0.0,1,0.0,15,131046.56326296154,SAT,,5.928,
118,29,1291,1225.90507698,0,2000.0,-1,1225.90507698,0.0,1,0.0,15,132272.46833994155,SAT,,1225.948,
119,29,1977,460.894752026,0,2000.0,-1,460.894752026,0.0,1,0.0,15,132733.36309196756,SAT,,460.946,
120,29,2195,1884.24273014,0,2000.0,-1,1884.24273014,0.0,1,0.0,15,134617.60582210755,SAT,,1884.263,
121,29,655,10.0975530148,0,2000.0,-1,10.0975530148,0.0,1,0.0,15,134627.70337512236,SAT,,10.119,
122,29,1376,1804.50683498,0,2000.0,-1,1804.50683498,0.0,1,0.0,15,136432.21021010238,SAT,,1804.57,
123,30,2731,5746.80957007,0,2000.0,-1,5746.80957007,0.0,2,0.0,15,142179.01978017238,UNSAT,,5746.89,
124,29,542,4.90889906883,0,2000.0,-1,4.90889906883,0.0,1,0.0,16,142183.92867924122,SAT,,4.981,
125,31,1147,5.50281620026,0,8.583755594092608,-1,5.50281620026,0.0,1,0.0,16,142189.43149544147,SAT,,5.545,
126,31,2664,2036.06156397,0,2000.0,-1,2036.06156397,0.0,1,0.0,16,144225.49305941147,SAT,,2036.116,
127,29,464,10.0197870731,0,2000.0,-1,10.0197870731,0.0,1,0.0,16,144235.51284648458,SAT,,10.078,
128,32,2412,2449.70476294,0,2000.0,-1,2449.70476294,0.0,1,0.0,16,146685.21760942458,SAT,,2449.757,
