Run Number,Run History Configuration ID,Instance ID,Response Value (y),Censored?,Cutoff Time Used,Seed,Runtime,Run Length,Run Result Code,Run Quality,SMAC Iteration,SMAC Cumulative Runtime,Run Result,Additional Algorithm Run Data,Wall Clock Time,
1,1,216,54.5662090778,0,2000.0,-1,54.5662090778,0.0,1,0.0,0,54.5662090778,SAT,,54.691,
2,1,19,332.120646,0,2000.0,-1,332.120646,0.0,2,0.0,1,386.68685507780003,UNSAT,,332.397,
3,2,19,1802.24694204,0,432.7594398412585,-1,1802.24694204,0.0,2,0.0,1,2188.9337971178,UNSAT,,1802.342,
4,1,236,65.0630970001,0,2000.0,-1,65.0630970001,0.0,1,0.0,1,2253.9968941179,SAT,,65.16,
5,3,19,1802.97146511,0,432.7594398412585,-1,1802.97146511,0.0,2,0.0,1,4056.9683592279,UNSAT,,1803.059,
6,1,181,779.30189395,0,2000.0,-1,779.30189395,0.0,2,0.0,2,4836.2702531779,UNSAT,,779.556,
7,4,181,925.366311073,0,1014.0950623791397,-1,925.366311073,0.0,2,0.0,2,5761.6365642509,UNSAT,,925.397,
8,1,220,30.5984349251,0,2000.0,-1,30.5984349251,0.0,1,0.0,2,5792.234999176,SAT,,30.658,
9,5,216,2000.0,0,71.93867227842212,-1,720.08005,0.0,-1,1.0E9,2,6512.315049176001,CRASHED,Run Exceeded Captime -- Treating as CRASHED;Killed Manually,757.979,
10,1,60,1427.63438296,0,2000.0,-1,1427.63438296,0.0,1,0.0,3,7939.949432136001,SAT,,1427.73,
11,6,236,10.6411728859,0,85.58462708105446,-1,10.6411728859,0.0,1,0.0,3,7950.590605021901,SAT,,10.696,
12,6,60,1802.03083491,0,2000.0,-1,1802.03083491,0.0,1,0.0,3,9752.621439931901,SAT,,1802.063,
13,6,181,4.82112407684,0,598.1307770017266,-1,4.82112407684,0.0,2,0.0,3,9757.442564008741,UNSAT,,4.863,
14,6,216,1801.7908051,0,1134.3380926068603,-1,1801.7908051,0.0,1,0.0,3,11559.23336910874,SAT,,1801.832,
15,1,96,148.009748936,0,2000.0,-1,148.009748936,0.0,2,0.0,3,11707.24311804474,UNSAT,,148.045,
16,7,220,2000.0,0,40.78056652878523,-1,408.57695,0.0,-1,1.0E9,3,12115.82006804474,CRASHED,Run Exceeded Captime -- Treating as CRASHED;Killed Manually,430.081,
17,1,38,94.9953107834,0,2000.0,-1,94.9953107834,0.0,1,0.0,4,12210.815378828142,SAT,,95.033,
18,8,60,429.980467081,0,1856.9272989298881,-1,429.980467081,0.0,1,0.0,4,12640.795845909142,SAT,,430.062,
19,8,216,309.083939075,0,1492.3852668035508,-1,309.083939075,0.0,1,0.0,4,12949.879784984143,SAT,,309.134,
20,8,38,94.8472020626,0,1090.576146625328,-1,94.8472020626,0.0,1,0.0,4,13044.726987046743,SAT,,94.877,
21,8,220,32.982831955,0,2000.0,-1,32.982831955,0.0,1,0.0,4,13077.709819001742,SAT,,33.018,
22,8,96,169.45409894,0,2000.0,-1,169.45409894,0.0,2,0.0,4,13247.163917941742,UNSAT,,169.5,
23,8,181,1084.75102901,0,2000.0,-1,1084.75102901,0.0,2,0.0,4,14331.914946951742,UNSAT,,1084.796,
24,8,236,65.550454855,0,623.8007633838535,-1,65.550454855,0.0,1,0.0,4,14397.465401806741,SAT,,65.621,
25,8,19,1592.72365689,0,970.3433118652284,-1,1592.72365689,0.0,2,0.0,4,15990.189058696742,UNSAT,,1592.747,
26,1,74,90.9425239563,0,2000.0,-1,90.9425239563,0.0,2,0.0,4,16081.131582653043,UNSAT,,90.982,
27,9,60,1802.06363511,0,1856.9272989298881,-1,1802.06363511,0.0,1,0.0,4,17883.19521776304,SAT,,1802.153,
28,1,84,84.4271230698,0,2000.0,-1,84.4271230698,0.0,2,0.0,5,17967.62234083284,UNSAT,,84.461,
29,10,84,63.1377739906,0,110.75786015798451,-1,63.1377739906,0.0,2,0.0,5,18030.76011482344,UNSAT,,63.187,
30,10,236,70.1901528835,0,305.6760535467148,-1,70.1901528835,0.0,1,0.0,5,18100.95026770694,SAT,,70.233,
31,10,96,125.317686081,0,214.4288557473302,-1,125.317686081,0.0,2,0.0,5,18226.26795378794,UNSAT,,125.356,
32,10,74,124.981149912,0,1377.268783085394,-1,124.981149912,0.0,2,0.0,5,18351.24910369994,UNSAT,,125.042,
33,10,216,88.6310350895,0,1214.793288044977,-1,88.6310350895,0.0,1,0.0,5,18439.880138789442,SAT,,88.697,
34,10,181,983.555045128,0,1099.5729415569185,-1,983.555045128,0.0,2,0.0,5,19423.43518391744,UNSAT,,983.591,
35,1,191,179.829059839,0,2000.0,-1,179.829059839,0.0,1,0.0,5,19603.264243756443,SAT,,179.865,
36,11,74,105.659038067,0,119.22788199816944,-1,105.659038067,0.0,2,0.0,5,19708.92328182344,UNSAT,,105.716,
37,1,23,151.94646287,0,2000.0,-1,151.94646287,0.0,2,0.0,6,19860.869744693442,UNSAT,,152.203,
38,12,216,168.708423853,0,71.93867227842212,-1,168.708423853,0.0,1,0.0,6,20029.578168546443,SAT,,168.762,
39,1,117,64.1028339863,0,2000.0,-1,64.1028339863,0.0,2,0.0,6,20093.681002532743,UNSAT,,64.135,
40,13,74,34.2304809093,0,119.22788199816944,-1,34.2304809093,0.0,2,0.0,6,20127.911483442043,UNSAT,,34.276,
41,13,216,927.601130009,0,1158.7593902725457,-1,927.601130009,0.0,1,0.0,6,21055.512613451043,SAT,,927.646,
42,1,211,15.4506649971,0,2000.0,-1,15.4506649971,0.0,1,0.0,7,21070.963278448144,SAT,,15.524,
43,12,23,116.344851017,0,50.149422780025006,-1,116.344851017,0.0,2,0.0,7,21187.308129465142,UNSAT,,116.389,
44,1,186,1502.16735792,0,2000.0,-1,1502.16735792,0.0,2,0.0,7,22689.47548738514,UNSAT,,1502.206,
45,14,74,329.283472776,0,119.22788199816944,-1,329.283472776,0.0,2,0.0,7,23018.75896016114,UNSAT,,329.351,
46,1,54,715.248194933,0,2000.0,-1,715.248194933,0.0,1,0.0,8,23734.00715509414,SAT,,715.288,
47,15,19,1038.80076313,0,432.7594398412585,-1,1038.80076313,0.0,2,0.0,8,24772.807918224138,UNSAT,,1038.838,
48,1,22,253.378908873,0,2000.0,-1,253.378908873,0.0,2,0.0,8,25026.18682709714,UNSAT,,253.434,
49,16,117,2000.0,0,84.33628463034631,-1,845.57125,0.0,-1,1.0E9,8,25871.75807709714,CRASHED,Run Exceeded Captime -- Treating as CRASHED;Killed Manually,890.075,
50,1,256,1802.06341887,0,2000.0,-1,1802.06341887,0.0,2,0.0,9,27673.82149596714,UNSAT,,1802.115,
51,17,216,69.5066399574,0,71.93867227842212,-1,69.5066399574,0.0,1,0.0,9,27743.328135924537,SAT,,70.193,
52,1,55,928.37095499,0,2000.0,-1,928.37095499,0.0,1,0.0,9,28671.69909091454,SAT,,928.46,
53,18,216,2000.0,0,71.93867227842212,-1,721.4585,0.0,-1,1.0E9,9,29393.15759091454,CRASHED,Run Exceeded Captime -- Treating as CRASHED;Killed Manually,759.43,
54,1,85,71.3526601791,0,2000.0,-1,71.3526601791,0.0,2,0.0,10,29464.51025109364,UNSAT,,71.442,
55,19,23,136.58980608,0,198.533001810658,-1,136.58980608,0.0,2,0.0,10,29601.10005717364,UNSAT,,136.671,
56,19,85,466.249799013,0,1126.819774870175,-1,466.249799013,0.0,2,0.0,10,30067.34985618664,UNSAT,,466.318,
57,19,181,4.60160493851,0,520.6950357075513,-1,4.60160493851,0.0,2,0.0,10,30071.95146112515,UNSAT,,4.625,
58,19,54,1103.11735702,0,2000.0,-1,1103.11735702,0.0,1,0.0,10,31175.06881814515,SAT,,1103.142,
59,19,186,3.69566011429,0,2000.0,-1,3.69566011429,0.0,2,0.0,10,31178.76447825944,UNSAT,,3.751,
60,19,216,1801.50398493,0,2000.0,-1,1801.50398493,0.0,1,0.0,10,32980.26846318944,SAT,,1801.531,
61,1,163,174.399520874,0,2000.0,-1,174.399520874,0.0,2,0.0,10,33154.66798406344,UNSAT,,174.437,
62,20,84,2000.0,0,110.75786015798451,-1,1108.4695,0.0,-1,1.0E9,10,34263.13748406344,CRASHED,Run Exceeded Captime -- Treating as CRASHED;Killed Manually,1166.81,
63,1,31,1538.50217795,0,2000.0,-1,1538.50217795,0.0,2,0.0,11,35801.63966201344,UNSAT,,1538.704,
64,21,85,2000.0,0,93.76105916534664,-1,959.4145,0.0,-1,1.0E9,11,36761.05416201344,CRASHED,Run Exceeded Captime -- Treating as CRASHED;Killed Manually,1009.91,
65,1,58,110.067511797,0,2000.0,-1,110.067511797,0.0,1,0.0,11,36871.12167381044,SAT,,110.302,
66,22,186,1803.09383702,0,1953.8201657946886,-1,1803.09383702,0.0,2,0.0,11,38674.21551083044,UNSAT,,1803.158,
67,1,28,707.769812822,0,2000.0,-1,707.769812822,0.0,2,0.0,12,39381.98532365244,UNSAT,,707.969,
68,23,22,290.837074041,0,330.3951821181655,-1,290.837074041,0.0,2,0.0,12,39672.822397693446,UNSAT,,290.884,
69,1,101,243.049788952,0,2000.0,-1,243.049788952,0.0,2,0.0,12,39915.87218664544,UNSAT,,243.084,
70,24,236,64.4662501812,0,85.58462708105446,-1,64.4662501812,0.0,1,0.0,12,39980.33843682664,SAT,,64.516,
71,24,19,1038.41637993,0,631.0683435652137,-1,1038.41637993,0.0,2,0.0,12,41018.75481675664,UNSAT,,1038.451,
72,1,165,168.729040146,0,2000.0,-1,168.729040146,0.0,2,0.0,13,41187.48385690264,UNSAT,,168.781,
73,25,54,1184.33904099,0,930.8252544034004,-1,1184.33904099,0.0,1,0.0,13,42371.82289789264,SAT,,1184.46,
74,1,41,689.149610996,0,2000.0,-1,689.149610996,0.0,1,0.0,13,43060.97250888864,SAT,,689.326,
75,26,163,3.76510095596,0,227.72197787498237,-1,3.76510095596,0.0,2,0.0,13,43064.737609844604,UNSAT,,3.831,
76,26,38,223.17799592,0,1242.2183452997087,-1,223.17799592,0.0,1,0.0,13,43287.9156057646,SAT,,223.203,
77,26,41,1801.78079605,0,952.0869498964131,-1,1801.78079605,0.0,1,0.0,13,45089.6964018146,SAT,,1801.812,
78,1,87,60.2549300194,0,2000.0,-1,60.2549300194,0.0,2,0.0,14,45149.951331834,UNSAT,,60.3,
79,27,54,1281.34725285,0,930.8252544034004,-1,1281.34725285,0.0,1,0.0,14,46431.298584684,SAT,,1281.407,
80,1,43,814.742334843,0,2000.0,-1,814.742334843,0.0,1,0.0,14,47246.040919527004,SAT,,814.817,
81,28,22,7.97661185265,0,330.3951821181655,-1,7.97661185265,0.0,2,0.0,14,47254.01753137966,UNSAT,,8.08,
82,28,85,1802.02792597,0,1308.6811398047685,-1,1802.02792597,0.0,2,0.0,14,49056.04545734965,UNSAT,,1802.073,
83,1,192,84.1471619606,0,2000.0,-1,84.1471619606,0.0,1,0.0,15,49140.192619310255,SAT,,84.813,
84,29,96,213.450221777,0,193.41527418081762,-1,213.450221777,0.0,2,0.0,15,49353.642841087254,UNSAT,,213.553,
85,1,133,74.7468290329,0,2000.0,-1,74.7468290329,0.0,2,0.0,15,49428.38967012015,UNSAT,,74.802,
86,30,216,2000.0,0,71.93867227842212,-1,719.7561,0.0,-1,1.0E9,15,50148.14577012015,CRASHED,Run Exceeded Captime -- Treating as CRASHED;Killed Manually,757.638,
87,1,66,129.263015985,0,2000.0,-1,129.263015985,0.0,2,0.0,16,50277.40878610515,UNSAT,,129.454,
88,31,43,472.218200207,0,1060.167635966438,-1,472.218200207,0.0,1,0.0,16,50749.62698631215,SAT,,472.265,
89,31,236,194.088083029,0,728.3990029137314,-1,194.088083029,0.0,1,0.0,16,50943.715069341146,SAT,,194.14,
90,31,23,294.062623024,0,476.08449532498713,-1,294.062623024,0.0,2,0.0,16,51237.77769236515,UNSAT,,294.092,
91,31,165,154.379043102,0,1747.6548715386273,-1,154.379043102,0.0,2,0.0,16,51392.15673546715,UNSAT,,154.41,
92,31,55,1250.55189514,0,1546.9621146920801,-1,1250.55189514,0.0,1,0.0,16,52642.70863060715,SAT,,1250.61,
93,1,231,415.175359011,0,2000.0,-1,415.175359011,0.0,1,0.0,16,53057.88398961815,SAT,,415.217,
94,32,74,157.265489817,0,119.22788199816944,-1,157.265489817,0.0,2,0.0,16,53215.14947943515,UNSAT,,157.378,
95,1,129,26.8220219612,0,2000.0,-1,26.8220219612,0.0,2,0.0,17,53241.97150139635,UNSAT,,26.933,
96,33,41,889.477620125,0,896.8970954309881,-1,889.477620125,0.0,1,0.0,17,54131.44912152135,SAT,,889.538,
97,1,271,73.4283220768,0,2000.0,-1,73.4283220768,0.0,1,0.0,17,54204.87744359815,SAT,,73.537,
98,34,74,512.635725021,0,119.22788199816944,-1,512.635725021,0.0,2,0.0,17,54717.513168619145,UNSAT,,512.683,
99,1,182,630.822493076,0,2000.0,-1,630.822493076,0.0,2,0.0,18,55348.33566169514,UNSAT,,630.86,
100,35,31,1804.55528092,0,2000.0,-1,1804.55528092,0.0,2,0.0,18,57152.890942615144,UNSAT,,1804.59,
101,1,121,16.6975231171,0,2000.0,-1,16.6975231171,0.0,2,0.0,18,57169.588465732246,UNSAT,,16.806,
102,36,58,2000.0,0,144.0903657939017,-1,1475.1875499999999,0.0,-1,1.0E9,18,58644.77601573225,CRASHED,Run Exceeded Captime -- Treating as CRASHED;Killed Manually,1552.829,
103,1,65,127.487042904,0,2000.0,-1,127.487042904,0.0,2,0.0,19,58772.26305863625,UNSAT,,127.554,
104,37,84,58.6182639599,0,110.75786015798451,-1,58.6182639599,0.0,2,0.0,19,58830.88132259615,UNSAT,,58.684,
105,37,236,83.4428889751,0,1132.2312060635268,-1,83.4428889751,0.0,1,0.0,19,58914.32421157125,SAT,,83.469,
106,37,181,1805.42383003,0,1023.7554501633823,-1,1805.42383003,0.0,2,0.0,19,60719.74804160125,UNSAT,,1805.452,
107,1,168,149.093178034,0,2000.0,-1,149.093178034,0.0,2,0.0,19,60868.84121963525,UNSAT,,149.141,
108,38,43,648.146348,0,1060.167635966438,-1,648.146348,0.0,1,0.0,19,61516.98756763525,SAT,,648.362,
109,38,41,629.86056304,0,1210.6453550871192,-1,629.86056304,0.0,1,0.0,19,62146.84813067525,SAT,,629.903,
110,38,133,1156.65831709,0,391.8266241330385,-1,1156.65831709,0.0,2,0.0,19,63303.50644776525,UNSAT,,1156.714,
111,1,30,1802.64060593,0,2000.0,-1,1802.64060593,0.0,2,0.0,20,65106.14705369525,UNSAT,,1802.715,
112,39,101,1805.10385203,0,316.9673262987018,-1,1805.10385203,0.0,2,0.0,20,66911.25090572525,UNSAT,,1805.312,
113,1,221,759.29280901,0,2000.0,-1,759.29280901,0.0,1,0.0,20,67670.54371473525,SAT,,759.33,
114,40,216,2000.0,0,71.93867227842212,-1,882.4759,0.0,-1,1.0E9,20,68553.01961473525,CRASHED,Run Exceeded Captime -- Treating as CRASHED;Killed Manually,928.922,
115,1,104,16.7340519428,0,2000.0,-1,16.7340519428,0.0,2,0.0,21,68569.75366667805,UNSAT,,16.87,
116,41,23,261.539505959,0,198.533001810658,-1,261.539505959,0.0,2,0.0,21,68831.29317263704,UNSAT,,261.585,
117,1,145,69.2245500088,0,2000.0,-1,69.2245500088,0.0,2,0.0,21,68900.51772264585,UNSAT,,69.341,
118,42,121,2000.0,0,22.709380451935534,-1,227.15925,0.0,-1,1.0E9,21,69127.67697264584,CRASHED,Run Exceeded Captime -- Treating as CRASHED;Killed Manually,239.115,
119,1,99,1554.29014206,0,2000.0,-1,1554.29014206,0.0,2,0.0,22,70681.96711470584,UNSAT,,1554.336,
120,43,22,238.9620049,0,330.3951821181655,-1,238.9620049,0.0,2,0.0,22,70920.92911960583,UNSAT,,238.998,
121,43,182,811.033832073,0,932.5748746175051,-1,811.033832073,0.0,2,0.0,22,71731.96295167883,UNSAT,,811.104,
122,1,124,21.6780269146,0,2000.0,-1,21.6780269146,0.0,2,0.0,22,71753.64097859342,UNSAT,,21.796,
123,44,31,1804.78873491,0,2000.0,-1,1804.78873491,0.0,2,0.0,22,73558.42971350343,UNSAT,,1804.837,
124,1,24,152.78105998,0,2000.0,-1,152.78105998,0.0,2,0.0,23,73711.21077348343,UNSAT,,152.819,
125,45,87,101.116281033,0,79.33400998671651,-1,101.116281033,0.0,2,0.0,23,73812.32705451643,UNSAT,,101.189,
126,1,199,11.3086340427,0,2000.0,-1,11.3086340427,0.0,1,0.0,23,73823.63568855912,SAT,,11.344,
127,46,96,1802.77785516,0,193.41527418081762,-1,1802.77785516,0.0,2,0.0,23,75626.41354371913,UNSAT,,1802.81,
128,1,270,24.3307189941,0,2000.0,-1,24.3307189941,0.0,1,0.0,24,75650.74426271323,SAT,,24.439,
129,47,43,622.765039921,0,1060.167635966438,-1,622.765039921,0.0,1,0.0,24,76273.50930263422,SAT,,622.853,
130,47,231,1146.86862087,0,874.8856765109778,-1,1146.86862087,0.0,1,0.0,24,77420.37792350422,SAT,,1146.93,
131,1,205,67.8795061111,0,2000.0,-1,67.8795061111,0.0,1,0.0,24,77488.25742961532,SAT,,67.932,
132,48,191,184.995801926,0,234.78037844260336,-1,184.995801926,0.0,1,0.0,24,77673.25323154131,SAT,,185.078,
133,1,46,818.091357946,0,2000.0,-1,818.091357946,0.0,1,0.0,25,78491.34458948731,SAT,,818.298,
134,49,192,250.653679132,0,110.39391065796019,-1,250.653679132,0.0,1,0.0,25,78741.99826861931,SAT,,250.72,
135,1,120,10.4805781841,0,2000.0,-1,10.4805781841,0.0,2,0.0,25,78752.47884680341,UNSAT,,10.535,
136,50,104,77.727930069,0,22.75686849688292,-1,77.727930069,0.0,2,0.0,25,78830.20677687241,UNSAT,,77.78,
137,1,8,255.399919987,0,2000.0,-1,255.399919987,0.0,2,0.0,26,79085.60669685941,UNSAT,,255.628,
138,51,24,319.000281811,0,199.61797826771738,-1,319.000281811,0.0,2,0.0,26,79404.6069786704,UNSAT,,319.07,
139,1,48,355.433604956,0,2000.0,-1,355.433604956,0.0,1,0.0,26,79760.0405836264,SAT,,355.468,
140,52,48,713.212713003,0,463.06628760730024,-1,713.212713003,0.0,1,0.0,26,80473.2532966294,SAT,,713.278,
141,1,79,32.0392878056,0,2000.0,-1,32.0392878056,0.0,2,0.0,27,80505.292584435,UNSAT,,32.168,
142,53,55,1805.71300006,0,1207.8848423327981,-1,1805.71300006,0.0,1,0.0,27,82311.005584495,SAT,,1805.773,
143,1,127,36.0608940125,0,2000.0,-1,36.0608940125,0.0,2,0.0,27,82347.06647850749,UNSAT,,36.112,
144,54,96,839.805549145,0,193.41527418081762,-1,839.805549145,0.0,2,0.0,27,83186.8720276525,UNSAT,,839.878,
145,1,106,20.614828825,0,2000.0,-1,20.614828825,0.0,2,0.0,28,83207.4868564775,UNSAT,,20.655,
146,55,74,72.3035168648,0,119.22788199816944,-1,72.3035168648,0.0,2,0.0,28,83279.7903733423,UNSAT,,72.491,
147,55,58,1801.69517803,0,183.02489890565278,-1,1801.69517803,0.0,1,0.0,28,85081.4855513723,SAT,,1801.729,
148,1,178,525.396928072,0,2000.0,-1,525.396928072,0.0,2,0.0,28,85606.8824794443,UNSAT,,525.657,
149,56,182,5.24241709709,0,821.0718421157181,-1,5.24241709709,0.0,2,0.0,28,85612.1248965414,UNSAT,,5.321,
150,56,48,1801.66168499,0,1394.5482664633275,-1,1801.66168499,0.0,1,0.0,28,87413.7865815314,SAT,,1801.752,
151,1,155,269.136756182,0,2000.0,-1,269.136756182,0.0,2,0.0,29,87682.9233377134,UNSAT,,269.341,
152,57,96,223.026332855,0,193.41527418081762,-1,223.026332855,0.0,2,0.0,29,87905.9496705684,UNSAT,,223.105,
153,1,225,162.258651018,0,2000.0,-1,162.258651018,0.0,1,0.0,29,88068.2083215864,SAT,,162.447,
154,58,31,1802.19116783,0,2000.0,-1,1802.19116783,0.0,2,0.0,29,89870.39948941639,UNSAT,,1802.327,
155,1,247,381.858628988,0,2000.0,-1,381.858628988,0.0,1,0.0,30,90252.2581184044,SAT,,381.943,
156,59,205,187.547353029,0,89.24595861544014,-1,187.547353029,0.0,1,0.0,30,90439.8054714334,SAT,,187.576,
157,1,218,170.797007084,0,2000.0,-1,170.797007084,0.0,1,0.0,30,90610.6024785174,SAT,,170.841,
158,60,120,2000.0,0,14.627351787286997,-1,146.71705,0.0,-1,1.0E9,30,90757.3195285174,CRASHED,Run Exceeded Captime -- Treating as CRASHED;Killed Manually,154.439,
159,1,269,261.495296955,0,2000.0,-1,261.495296955,0.0,1,0.0,31,91018.81482547241,SAT,,261.537,
160,61,145,148.193056107,0,90.99451581795813,-1,148.193056107,0.0,2,0.0,31,91167.00788157941,UNSAT,,148.242,
161,1,254,1803.62160516,0,2000.0,-1,1803.62160516,0.0,1,0.0,31,92970.62948673942,SAT,,1803.764,
162,62,218,1801.67751002,0,223.0387096184969,-1,1801.67751002,0.0,1,0.0,31,94772.30699675942,SAT,,1801.713,
163,1,102,14.0903890133,0,2000.0,-1,14.0903890133,0.0,2,0.0,32,94786.39738577273,UNSAT,,14.236,
164,63,28,823.364061117,0,921.1033572334528,-1,823.364061117,0.0,2,0.0,32,95609.76144688972,UNSAT,,823.485,
165,1,207,10.2566640377,0,2000.0,-1,10.2566640377,0.0,1,0.0,32,95620.01811092743,SAT,,10.286,
166,64,163,218.599156141,0,227.72197787498237,-1,218.599156141,0.0,2,0.0,32,95838.61726706843,UNSAT,,218.648,
