Run Number,Run History Configuration ID,Instance ID,Response Value (y),Censored?,Cutoff Time Used,Seed,Runtime,Run Length,Run Result Code,Run Quality,SMAC Iteration,SMAC Cumulative Runtime,Run Result,Additional Algorithm Run Data,Wall Clock Time,
1,1,23,9.05727601051,0,2000.0,-1,9.05727601051,0.0,2,0.0,0,9.05727601051,UNSAT,,9.151,
2,1,141,4.18560218811,0,2000.0,-1,4.18560218811,0.0,1,0.0,1,13.24287819862,SAT,,4.324,
3,2,141,3.53930997849,0,6.443883002150059,-1,3.53930997849,0.0,1,0.0,1,16.78218817711,SAT,,3.577,
4,2,23,6.28827810287,0,13.618539262908698,-1,6.28827810287,0.0,2,0.0,1,23.07046627998,UNSAT,,6.313,
5,2,93,7.44607210159,0,2000.0,-1,7.44607210159,0.0,1,0.0,1,30.51653838157,SAT,,7.491,
6,3,141,3.87350797653,0,5.603703100579977,-1,3.87350797653,0.0,1,0.0,1,34.3900463581,SAT,,3.898,
7,2,45,12.0095460415,0,2000.0,-1,12.0095460415,0.0,1,0.0,2,46.3995923996,SAT,,12.036,
8,4,45,2000.0,0,16.615010321485997,-1,166.87699999999998,0.0,-1,1.0E9,2,213.2765923996,CRASHED,Run Exceeded Captime -- Treating as CRASHED;Killed Manually,175.66,
9,2,79,4.84863686562,0,2000.0,-1,4.84863686562,0.0,2,0.0,2,218.12522926521999,UNSAT,,4.885,
10,5,141,24.079570055,0,5.603703100579977,-1,24.079570055,0.0,1,0.0,2,242.20479932022,SAT,,24.115,
11,2,17,6.5670337677,0,2000.0,-1,6.5670337677,0.0,2,0.0,3,248.77183308792,UNSAT,,6.595,
12,6,93,49.8138928413,0,10.682493996220828,-1,49.8138928413,0.0,1,0.0,3,298.58572592921996,SAT,,49.86,
13,2,72,4.25737905502,0,2000.0,-1,4.25737905502,0.0,2,0.0,3,302.84310498424,UNSAT,,4.301,
14,7,141,5.18587684631,0,5.603703100579977,-1,5.18587684631,0.0,1,0.0,3,308.02898183055,SAT,,5.231,
15,2,89,4.82961821556,0,2000.0,-1,4.82961821556,0.0,1,0.0,4,312.85860004611,SAT,,4.874,
16,8,89,4.56234312057,0,7.281103905636073,-1,4.56234312057,0.0,1,0.0,4,317.42094316668,SAT,,4.597,
17,8,72,4.31869101524,0,15.062012140053511,-1,4.31869101524,0.0,2,0.0,4,321.73963418192,UNSAT,,4.349,
18,8,23,7.88107800484,0,9.447714023637772,-1,7.88107800484,0.0,2,0.0,4,329.62071218676,UNSAT,,7.913,
19,2,132,4.88229894638,0,2000.0,-1,4.88229894638,0.0,1,0.0,4,334.50301113314,SAT,,4.92,
20,9,72,4.88046097755,0,6.537193142223359,-1,4.88046097755,0.0,2,0.0,4,339.38347211069,UNSAT,,4.917,
21,2,4,35.7503700256,0,2000.0,-1,35.7503700256,0.0,2,0.0,5,375.13384213628996,UNSAT,,35.793,
22,10,72,4.35973596573,0,6.537193142223359,-1,4.35973596573,0.0,2,0.0,5,379.49357810201997,UNSAT,,4.408,
23,2,156,1098.21553707,0,2000.0,-1,1098.21553707,0.0,2,0.0,5,1477.70911517202,UNSAT,,1098.253,
24,11,93,10.9999918938,0,10.682493996220828,-1,10.9999918938,0.0,1,0.0,5,1488.7091070658198,SAT,,11.156,
25,2,92,5.06618189812,0,2000.0,-1,5.06618189812,0.0,1,0.0,6,1493.7752889639398,SAT,,5.101,
26,12,17,5.63088202477,0,9.539744433361292,-1,5.63088202477,0.0,2,0.0,6,1499.4061709887098,UNSAT,,5.666,
27,12,23,5.12292981148,0,16.74394829978347,-1,5.12292981148,0.0,2,0.0,6,1504.5291008001898,UNSAT,,5.176,
28,12,132,6.17576098442,0,10.08413954486251,-1,6.17576098442,0.0,1,0.0,6,1510.7048617846099,SAT,,6.21,
29,12,45,2000.0,0,79.36322706599832,-1,794.53155,0.0,-1,1.0E9,6,2305.23641178461,CRASHED,Run Exceeded Captime -- Treating as CRASHED;Killed Manually,836.349,
30,2,94,4.68143892288,0,2000.0,-1,4.68143892288,0.0,1,0.0,6,2309.91785070749,SAT,,4.726,
31,13,94,4.10822796822,0,7.088471193212271,-1,4.10822796822,0.0,1,0.0,6,2314.02607867571,SAT,,4.177,
32,13,4,135.943027973,0,1475.9060543853523,-1,135.943027973,0.0,2,0.0,6,2449.96910664871,UNSAT,,135.986,
33,13,156,1901.36697292,0,1299.180117797452,-1,1901.36697292,0.0,2,0.0,6,4351.3360795687095,UNSAT,,1901.412,
34,2,54,6.95877289772,0,2000.0,-1,6.95877289772,0.0,1,0.0,7,4358.29485246643,SAT,,6.99,
35,14,4,33.5704128742,0,47.47808192704916,-1,33.5704128742,0.0,2,0.0,7,4391.86526534063,UNSAT,,33.721,
36,14,72,4.48518109322,0,13.974840648818017,-1,4.48518109322,0.0,2,0.0,7,4396.350446433849,UNSAT,,4.502,
37,14,141,5.09900593758,0,8.14410465617776,-1,5.09900593758,0.0,1,0.0,7,4401.449452371429,SAT,,5.126,
38,14,93,9.40379190445,0,41.290890787142516,-1,9.40379190445,0.0,1,0.0,7,4410.85324427588,SAT,,9.445,
39,14,45,13.834856987,0,29.06596091424227,-1,13.834856987,0.0,1,0.0,7,4424.68810126288,SAT,,13.862,
40,14,79,4.72933316231,0,11.080647528517247,-1,4.72933316231,0.0,2,0.0,7,4429.41743442519,UNSAT,,4.773,
41,14,23,8.329007864,0,4.932514194744826,-1,8.329007864,0.0,2,0.0,7,4437.74644228919,UNSAT,,8.363,
42,2,145,15.9029700756,0,2000.0,-1,15.9029700756,0.0,1,0.0,7,4453.64941236479,SAT,,15.928,
43,15,141,22.0631318092,0,5.603703100579977,-1,22.0631318092,0.0,1,0.0,7,4475.71254417399,SAT,,22.101,
44,2,12,4.93052792549,0,2000.0,-1,4.93052792549,0.0,2,0.0,8,4480.64307209948,UNSAT,,4.959,
45,16,145,2000.0,0,21.67646129463911,-1,217.66305,0.0,-1,1.0E9,8,4698.3061220994805,CRASHED,Run Exceeded Captime -- Treating as CRASHED;Killed Manually,229.119,
46,2,41,22.4889369011,0,2000.0,-1,22.4889369011,0.0,1,0.0,8,4720.79505900058,SAT,,22.525,
47,17,12,4.67815089226,0,7.412286557602883,-1,4.67815089226,0.0,2,0.0,8,4725.473209892841,UNSAT,,4.704,
48,17,145,14.9581451416,0,31.68704601784349,-1,14.9581451416,0.0,1,0.0,8,4740.4313550344405,SAT,,14.999,
49,17,93,6.43051195145,0,12.241457391875983,-1,6.43051195145,0.0,1,0.0,8,4746.861866985891,SAT,,6.464,
50,17,17,5.7847430706,0,52.539359767335654,-1,5.7847430706,0.0,2,0.0,8,4752.64661005649,UNSAT,,5.83,
51,17,141,4.53323602676,0,45.019194472926856,-1,4.53323602676,0.0,1,0.0,8,4757.179846083251,SAT,,4.579,
52,17,89,3.97554993629,0,39.12598657270074,-1,3.97554993629,0.0,1,0.0,8,4761.155396019541,SAT,,4.02,
53,17,41,20.5524590015,0,33.95777194609046,-1,20.5524590015,0.0,1,0.0,8,4781.707855021041,SAT,,20.587,
54,17,156,1001.065979,0,1530.3351497169317,-1,1001.065979,0.0,2,0.0,8,5782.773834021041,UNSAT,,1001.103,
55,17,54,7.07591891289,0,228.94937609170677,-1,7.07591891289,0.0,1,0.0,8,5789.849752933931,SAT,,7.113,
56,17,94,4.19307398796,0,219.75068160181047,-1,4.19307398796,0.0,1,0.0,8,5794.042826921891,SAT,,4.23,
57,17,72,4.20978498459,0,214.2996853109181,-1,4.20978498459,0.0,2,0.0,8,5798.252611906481,UNSAT,,4.249,
58,17,45,14.2047259808,0,208.82696508278252,-1,14.2047259808,0.0,1,0.0,8,5812.457337887281,SAT,,14.231,
59,17,79,4.85745501518,0,190.36082177271248,-1,4.85745501518,0.0,2,0.0,8,5817.314792902461,UNSAT,,4.88,
60,17,132,4.59871196747,0,184.04612977837326,-1,4.59871196747,0.0,1,0.0,8,5821.913504869931,SAT,,4.628,
61,17,4,30.9114849567,0,178.067804675895,-1,30.9114849567,0.0,2,0.0,8,5852.824989826631,UNSAT,,30.952,
62,17,92,4.24341702461,0,152.64627243240477,-1,4.24341702461,0.0,1,0.0,8,5857.068406851241,SAT,,4.273,
63,17,23,7.18044495583,0,147.12982949649097,-1,7.18044495583,0.0,2,0.0,8,5864.248851807071,UNSAT,,7.217,
64,17,22,4.59059095383,0,2000.0,-1,4.59059095383,0.0,2,0.0,9,5868.839442760901,UNSAT,,4.667,
65,18,145,2000.0,0,20.44818893854618,-1,205.31875,0.0,-1,1.0E9,9,6074.158192760901,CRASHED,Run Exceeded Captime -- Treating as CRASHED;Killed Manually,216.125,
66,17,129,4.51960206032,0,2000.0,-1,4.51960206032,0.0,1,0.0,9,6078.677794821221,SAT,,4.561,
67,19,89,5.13459706306,0,6.170814939188957,-1,5.13459706306,0.0,1,0.0,9,6083.812391884281,SAT,,5.182,
68,17,117,5.29052519798,0,2000.0,-1,5.29052519798,0.0,1,0.0,10,6089.102917082261,SAT,,5.326,
69,20,12,2000.0,0,7.084197353917361,-1,71.80765,0.0,-1,1.0E9,10,6160.910567082261,CRASHED,Run Exceeded Captime -- Treating as CRASHED;Killed Manually,75.587,
70,17,122,4.10963797569,0,2000.0,-1,4.10963797569,0.0,1,0.0,10,6165.020205057951,SAT,,4.149,
71,21,132,4.11229586601,0,6.980926625776291,-1,4.11229586601,0.0,1,0.0,10,6169.132500923961,SAT,,4.151,
72,21,12,5.18552899361,0,13.061666477817298,-1,5.18552899361,0.0,2,0.0,10,6174.318029917571,UNSAT,,5.228,
73,21,122,4.02843093872,0,6.320479221987725,-1,4.02843093872,0.0,1,0.0,10,6178.346460856291,SAT,,4.069,
74,21,4,2000.0,0,61.07380398397446,-1,611.57865,0.0,-1,1.0E9,10,6789.925110856291,CRASHED,Run Exceeded Captime -- Treating as CRASHED;Killed Manually,643.767,
75,17,107,5.0375521183,0,2000.0,-1,5.0375521183,0.0,1,0.0,11,6794.962662974591,SAT,,5.082,
76,22,132,4.01182293892,0,6.980926625776291,-1,4.01182293892,0.0,1,0.0,11,6798.974485913511,SAT,,4.055,
77,22,93,8.62916207314,0,19.32651678879857,-1,8.62916207314,0.0,1,0.0,11,6807.603647986651,SAT,,8.672,
78,22,54,6.19743108749,0,8.108606364923716,-1,6.19743108749,0.0,1,0.0,11,6813.801079074141,SAT,,6.227,
79,17,133,9.32126188278,0,2000.0,-1,9.32126188278,0.0,1,0.0,11,6823.122340956921,SAT,,9.348,
80,23,122,4.4450378418,0,6.345129467892647,-1,4.4450378418,0.0,1,0.0,11,6827.567378798721,SAT,,4.472,
81,17,148,4.8166680336,0,2000.0,-1,4.8166680336,0.0,1,0.0,12,6832.384046832321,SAT,,4.85,
82,24,107,15.5017418861,0,7.551418792802096,-1,15.5017418861,0.0,1,0.0,12,6847.88578871842,SAT,,15.526,
83,17,86,4.71259403229,0,2000.0,-1,4.71259403229,0.0,1,0.0,12,6852.598382750711,SAT,,4.754,
84,25,93,7.09022498131,0,9.362266295003892,-1,7.09022498131,0.0,1,0.0,12,6859.6886077320205,SAT,,7.138,
85,17,130,4.22955799103,0,2000.0,-1,4.22955799103,0.0,1,0.0,13,6863.91816572305,SAT,,4.27,
86,26,22,4.9434838295,0,6.97036915307045,-1,4.9434838295,0.0,2,0.0,13,6868.86164955255,UNSAT,,4.978,
87,17,65,25.9851880074,0,2000.0,-1,25.9851880074,0.0,2,0.0,13,6894.8468375599505,UNSAT,,26.031,
88,27,122,4.24040699005,0,6.345129467892647,-1,4.24040699005,0.0,1,0.0,13,6899.087244550001,SAT,,4.28,
89,17,37,4.39235115051,0,2000.0,-1,4.39235115051,0.0,1,0.0,14,6903.479595700511,SAT,,4.424,
90,28,117,5.12920689583,0,7.880282856869698,-1,5.12920689583,0.0,1,0.0,14,6908.608802596341,SAT,,5.162,
91,28,22,6.05726003647,0,13.161008421677352,-1,6.05726003647,0.0,2,0.0,14,6914.666062632811,UNSAT,,6.083,
92,28,132,4.87344408035,0,5.286569696265459,-1,4.87344408035,0.0,1,0.0,14,6919.539506713161,SAT,,4.898,
93,17,134,8.14376592636,0,2000.0,-1,8.14376592636,0.0,2,0.0,14,6927.683272639521,UNSAT,,8.19,
94,29,54,7.07257986069,0,10.201294802474976,-1,7.07257986069,0.0,1,0.0,14,6934.755852500211,SAT,,7.112,
95,29,122,4.18463611603,0,12.330396835106612,-1,4.18463611603,0.0,1,0.0,14,6938.940488616241,SAT,,4.225,
96,29,132,4.47132706642,0,6.89036966149807,-1,4.47132706642,0.0,1,0.0,14,6943.411815682661,SAT,,4.498,
97,29,72,4.16951107979,0,35.34169680287242,-1,4.16951107979,0.0,2,0.0,14,6947.581326762451,UNSAT,,4.196,
98,29,12,2000.0,0,29.92133292217851,-1,299.8827,0.0,-1,1.0E9,14,7247.464026762451,CRASHED,Run Exceeded Captime -- Treating as CRASHED;Killed Manually,315.666,
99,17,42,12.1640350819,0,2000.0,-1,12.1640350819,0.0,1,0.0,15,7259.628061844351,SAT,,12.187,
100,30,79,4.54306483269,0,7.317292306917906,-1,4.54306483269,0.0,2,0.0,15,7264.171126677041,UNSAT,,4.67,
101,30,129,5.07413697243,0,13.370987110185624,-1,5.07413697243,0.0,1,0.0,15,7269.245263649471,SAT,,5.099,
102,30,12,5.67679810524,0,6.774609152573348,-1,5.67679810524,0.0,2,0.0,15,7274.922061754711,UNSAT,,5.703,
103,17,88,4.78383421898,0,2000.0,-1,4.78383421898,0.0,1,0.0,15,7279.7058959736905,SAT,,4.825,
104,31,72,7.99783086777,0,6.475320540714264,-1,7.99783086777,0.0,2,0.0,15,7287.703726841461,UNSAT,,8.036,
105,17,125,6.13857412338,0,2000.0,-1,6.13857412338,0.0,1,0.0,16,7293.84230096484,SAT,,6.178,
106,30,37,5.63524079323,0,5.1061277169466015,-1,5.63524079323,0.0,1,0.0,16,7299.47754175807,SAT,,5.68,
107,17,18,6.61755299568,0,2000.0,-1,6.61755299568,0.0,2,0.0,16,7306.09509475375,UNSAT,,6.662,
108,32,93,10.3097710609,0,9.362266295003892,-1,10.3097710609,0.0,1,0.0,16,7316.40486581465,SAT,,10.356,
