Run Number,Run History Configuration ID,Instance ID,Response Value (y),Censored?,Cutoff Time Used,Seed,Runtime,Run Length,Run Result Code,Run Quality,SMAC Iteration,SMAC Cumulative Runtime,Run Result,Additional Algorithm Run Data,Wall Clock Time,
1,1,34,4.30663895607,0,2000.0,-1,4.30663895607,0.0,1,0.0,0,4.30663895607,SAT,,4.456,
2,1,64,3.70752501488,0,2000.0,-1,3.70752501488,0.0,1,0.0,1,8.01416397095,SAT,,3.757,
3,2,34,3.86004114151,0,6.601231720644236,-1,3.86004114151,0.0,1,0.0,1,11.87420511246,SAT,,3.883,
4,2,64,4.36940193176,0,6.404259790080786,-1,4.36940193176,0.0,1,0.0,1,16.24360704422,SAT,,4.401,
5,1,14,55.5637948513,0,2000.0,-1,55.5637948513,0.0,2,0.0,1,71.80740189552,UNSAT,,55.588,
6,3,64,3.6042470932,0,5.822383229035139,-1,3.6042470932,0.0,1,0.0,1,75.41164898872,SAT,,3.636,
7,3,14,54.0056409836,0,78.97102543001175,-1,54.0056409836,0.0,2,0.0,1,129.41728997232002,UNSAT,,54.046,
8,3,34,4.22963404655,0,8.763692703443766,-1,4.22963404655,0.0,1,0.0,1,133.64692401887,SAT,,4.248,
9,3,134,4.56780195236,0,2000.0,-1,4.56780195236,0.0,2,0.0,2,138.21472597123,UNSAT,,4.604,
10,4,134,7.08285093307,0,6.940742850649357,-1,7.08285093307,0.0,2,0.0,2,145.2975769043,UNSAT,,7.115,
11,3,31,4.14870405197,0,2000.0,-1,4.14870405197,0.0,2,0.0,2,149.44628095627002,UNSAT,,4.181,
12,5,34,4.05953812599,0,6.501124602156878,-1,4.05953812599,0.0,1,0.0,2,153.50581908226002,SAT,,4.104,
13,5,31,4.79042601585,0,76.82697343488336,-1,4.79042601585,0.0,2,0.0,2,158.29624509811,UNSAT,,4.826,
14,5,14,2000.0,0,70.59942054410577,-1,706.5606,0.0,-1,1.0E9,2,864.85684509811,CRASHED,Run Exceeded Captime -- Treating as CRASHED;Killed Manually,743.748,
15,3,15,6.70707798004,0,2000.0,-1,6.70707798004,0.0,2,0.0,3,871.5639230781501,UNSAT,,6.743,
16,6,15,14.9784228802,0,9.721801512289048,-1,14.9784228802,0.0,2,0.0,3,886.5423459583501,UNSAT,,15.038,
17,3,8,39.0039231777,0,2000.0,-1,39.0039231777,0.0,2,0.0,3,925.5462691360501,UNSAT,,39.038,
18,7,64,4.849629879,0,5.688121717768907,-1,4.849629879,0.0,1,0.0,3,930.3958990150501,SAT,,4.888,
19,3,44,6.8386619091,0,2000.0,-1,6.8386619091,0.0,1,0.0,4,937.2345609241501,SAT,,6.877,
20,8,64,6.33686494827,0,5.688121717768907,-1,6.33686494827,0.0,1,0.0,4,943.57142587242,SAT,,6.362,
21,3,26,5.71308088303,0,2000.0,-1,5.71308088303,0.0,2,0.0,4,949.28450675545,UNSAT,,5.754,
22,9,44,20.7533791065,0,9.892861627388001,-1,20.7533791065,0.0,1,0.0,4,970.03788586195,SAT,,20.778,
23,3,132,5.724640131,0,2000.0,-1,5.724640131,0.0,1,0.0,5,975.76252599295,SAT,,5.762,
24,10,26,5.60790586472,0,8.429605596113205,-1,5.60790586472,0.0,2,0.0,5,981.37043185767,UNSAT,,5.649,
25,10,132,5.78896784782,0,13.26948161085248,-1,5.78896784782,0.0,1,0.0,5,987.15939970549,SAT,,5.83,
26,10,64,5.73693990707,0,5.743823282766342,-1,5.73693990707,0.0,1,0.0,5,992.89633961256,SAT,,5.783,
27,3,133,18.4134960175,0,2000.0,-1,18.4134960175,0.0,1,0.0,5,1011.3098356300601,SAT,,18.459,
28,11,14,2000.0,0,71.20993424986601,-1,712.9028,0.0,-1,1.0E9,5,1724.21263563006,CRASHED,Run Exceeded Captime -- Treating as CRASHED;Killed Manually,750.424,
29,3,5,8.69184994698,0,2000.0,-1,8.69184994698,0.0,2,0.0,6,1732.90448557704,UNSAT,,8.731,
30,12,34,6.95334911346,0,6.501124602156878,-1,6.95334911346,0.0,1,0.0,6,1739.8578346905,SAT,,7.039,
31,3,59,15.1940541267,0,2000.0,-1,15.1940541267,0.0,1,0.0,6,1755.0518888172,SAT,,15.263,
32,13,132,19.6428999901,0,8.444633044648171,-1,19.6428999901,0.0,1,0.0,6,1774.6947888073,SAT,,19.731,
33,3,109,157.836303949,0,2000.0,-1,157.836303949,0.0,1,0.0,7,1932.5310927563,SAT,,157.889,
34,14,59,2000.0,0,20.754871413457394,-1,208.202,0.0,-1,1.0E9,7,2140.7330927563,CRASHED,Run Exceeded Captime -- Treating as CRASHED;Killed Manually,219.16,
35,3,38,5.79646992683,0,2000.0,-1,5.79646992683,0.0,1,0.0,7,2146.52956268313,SAT,,5.826,
36,15,15,23.2795329094,0,9.721801512289048,-1,23.2795329094,0.0,2,0.0,7,2169.80909559253,UNSAT,,23.327,
37,3,54,6.43482303619,0,2000.0,-1,6.43482303619,0.0,1,0.0,8,2176.24391862872,SAT,,6.496,
38,16,8,54.2830379009,0,51.70770090852976,-1,54.2830379009,0.0,2,0.0,8,2230.5269565296203,UNSAT,,54.327,
39,3,1,6.20835494995,0,2000.0,-1,6.20835494995,0.0,2,0.0,8,2236.73531147957,UNSAT,,6.261,
40,17,1,7.43992590904,0,9.07346251268983,-1,7.43992590904,0.0,2,0.0,8,2244.17523738861,UNSAT,,7.516,
41,3,124,7.83053779602,0,2000.0,-1,7.83053779602,0.0,1,0.0,9,2252.0057751846302,SAT,,7.89,
42,18,59,10.6544880867,0,20.754871413457394,-1,10.6544880867,0.0,1,0.0,9,2262.66026327133,SAT,,10.704,
43,18,26,13.990347147,0,38.271186024296284,-1,13.990347147,0.0,2,0.0,9,2276.6506104183304,UNSAT,,14.075,
44,18,133,2000.0,0,20.083734568554164,-1,201.5767,0.0,-1,1.0E9,9,2478.2273104183305,CRASHED,Run Exceeded Captime -- Treating as CRASHED;Killed Manually,212.186,
45,3,129,5.52027106285,0,2000.0,-1,5.52027106285,0.0,1,0.0,9,2483.7475814811805,SAT,,5.575,
46,19,129,5.59545898438,0,8.178952791142464,-1,5.59545898438,0.0,1,0.0,9,2489.3430404655605,SAT,,5.638,
47,3,128,5.8161611557,0,2000.0,-1,5.8161611557,0.0,1,0.0,10,2495.1592016212603,SAT,,5.853,
48,20,134,6.25617313385,0,6.940742850649357,-1,6.25617313385,0.0,2,0.0,10,2501.4153747551104,UNSAT,,6.301,
49,3,118,8.11146402359,0,2000.0,-1,8.11146402359,0.0,1,0.0,10,2509.5268387787005,SAT,,8.152,
50,21,64,7.61617183685,0,5.688121717768907,-1,7.61617183685,0.0,1,0.0,10,2517.1430106155503,SAT,,7.649,
51,3,24,5.87320113182,0,2000.0,-1,5.87320113182,0.0,2,0.0,11,2523.0162117473706,UNSAT,,5.922,
52,22,132,6.225908041,0,8.444633044648171,-1,6.225908041,0.0,1,0.0,11,2529.2421197883705,SAT,,6.29,
53,3,119,6.56788706779,0,2000.0,-1,6.56788706779,0.0,1,0.0,11,2535.8100068561603,SAT,,6.598,
54,23,8,9.60206389427,0,51.70770090852976,-1,9.60206389427,0.0,2,0.0,11,2545.4120707504303,UNSAT,,9.665,
55,23,119,6.29464101791,0,55.326880038130284,-1,6.29464101791,0.0,1,0.0,11,2551.7067117683405,SAT,,6.338,
56,23,128,5.3452808857,0,47.143847111958266,-1,5.3452808857,0.0,1,0.0,11,2557.0519926540405,SAT,,5.391,
57,23,5,7.84165501595,0,88.25745227594973,-1,7.84165501595,0.0,2,0.0,11,2564.8936476699905,UNSAT,,7.878,
58,23,133,2000.0,0,78.06330070679188,-1,781.2752499999999,0.0,-1,1.0E9,11,3346.1688976699907,CRASHED,Run Exceeded Captime -- Treating as CRASHED;Killed Manually,822.395,
59,3,86,10.6392371655,0,2000.0,-1,10.6392371655,0.0,1,0.0,12,3356.808134835491,SAT,,10.68,
60,24,15,5.93542408943,0,9.721801512289048,-1,5.93542408943,0.0,2,0.0,12,3362.7435589249208,UNSAT,,6.007,
61,24,8,44.7085220814,0,62.89314952527285,-1,44.7085220814,0.0,2,0.0,12,3407.452081006321,UNSAT,,44.742,
62,24,124,5.59557199478,0,4.772070877599717,-1,5.59557199478,0.0,1,0.0,12,3413.047653001101,SAT,,5.631,
63,3,151,1802.11991715,0,2000.0,-1,1802.11991715,0.0,1,0.0,12,5215.167570151101,SAT,,1802.166,
64,25,38,4.14232802391,0,8.538010985004902,-1,4.14232802391,0.0,1,0.0,12,5219.309898175011,SAT,,4.209,
65,25,59,2000.0,0,30.084207363772396,-1,301.777,0.0,-1,1.0E9,12,5521.086898175011,CRASHED,Run Exceeded Captime -- Treating as CRASHED;Killed Manually,317.66,
66,3,94,4.14407896996,0,2000.0,-1,4.14407896996,0.0,1,0.0,13,5525.230977144971,SAT,,4.177,
67,26,5,6.78243303299,0,12.302005466419459,-1,6.78243303299,0.0,2,0.0,13,5532.013410177961,UNSAT,,6.809,
68,26,64,4.01476097107,0,13.560266130018235,-1,4.01476097107,0.0,1,0.0,13,5536.028171149032,SAT,,4.045,
69,26,94,3.96614909172,0,8.341077797460557,-1,3.96614909172,0.0,1,0.0,13,5539.994320240751,SAT,,3.998,
70,26,31,5.43308091164,0,29.78814531897307,-1,5.43308091164,0.0,2,0.0,13,5545.427401152391,UNSAT,,5.48,
71,26,1,4.82874202728,0,22.725140385675434,-1,4.82874202728,0.0,2,0.0,13,5550.256143179671,UNSAT,,4.873,
72,26,34,4.11970496178,0,16.447776079523564,-1,4.11970496178,0.0,1,0.0,13,5554.375848141452,SAT,,4.148,
73,26,24,5.3096818924,0,11.092159048068524,-1,5.3096818924,0.0,2,0.0,13,5559.685530033851,UNSAT,,5.349,
74,26,26,6.27863407135,0,2000.0,-1,6.27863407135,0.0,2,0.0,13,5565.964164105201,UNSAT,,6.311,
75,26,14,475.039512157,0,2000.0,-1,475.039512157,0.0,2,0.0,13,6041.003676262201,UNSAT,,475.071,
76,26,151,271.033367872,0,2000.0,-1,271.033367872,0.0,1,0.0,13,6312.037044134201,SAT,,271.073,
77,26,132,4.41559696198,0,1679.8123691122712,-1,4.41559696198,0.0,1,0.0,13,6316.452641096181,SAT,,4.45,
78,26,109,1801.32118011,0,1674.072092015642,-1,1801.32118011,0.0,1,0.0,13,8117.77382120618,SAT,,1801.369,
79,3,144,1801.907166,0,2000.0,-1,1801.907166,0.0,1,0.0,13,9919.68098720618,SAT,,1801.949,
80,27,34,5.95464491844,0,6.501124602156878,-1,5.95464491844,0.0,1,0.0,13,9925.63563212462,SAT,,5.989,
81,3,105,31.6341919899,0,2000.0,-1,31.6341919899,0.0,1,0.0,14,9957.26982411452,SAT,,31.672,
82,28,128,5.10552000999,0,8.563610434877873,-1,5.10552000999,0.0,1,0.0,14,9962.375344124512,SAT,,5.131,
83,28,38,5.40931105614,0,18.354705058383942,-1,5.40931105614,0.0,1,0.0,14,9967.784655180652,SAT,,5.454,
84,28,44,6.23180294037,0,11.322601314979792,-1,6.23180294037,0.0,1,0.0,14,9974.016458121023,SAT,,6.272,
85,28,15,14.5431540012,0,95.53316606988312,-1,14.5431540012,0.0,2,0.0,14,9988.559612122222,UNSAT,,14.567,
86,28,14,2000.0,0,76.62706672062278,-1,766.96825,0.0,-1,1.0E9,14,10755.527862122222,CRASHED,Run Exceeded Captime -- Treating as CRASHED;Killed Manually,807.335,
87,3,142,1461.4912591,0,2000.0,-1,1461.4912591,0.0,1,0.0,14,12217.019121222222,SAT,,1461.526,
88,29,8,7.94351601601,0,51.70770090852976,-1,7.94351601601,0.0,2,0.0,14,12224.962637238232,UNSAT,,8.002,
89,29,124,5.36526322365,0,256.75062442978026,-1,5.36526322365,0.0,1,0.0,14,12230.327900461882,SAT,,5.404,
90,29,109,749.622952938,0,249.77578165789248,-1,749.622952938,0.0,1,0.0,14,12979.950853399881,SAT,,749.648,
91,3,99,9.60542702675,0,2000.0,-1,9.60542702675,0.0,1,0.0,15,12989.556280426632,SAT,,9.646,
92,30,34,4.62024092674,0,6.501124602156878,-1,4.62024092674,0.0,1,0.0,15,12994.176521353373,SAT,,4.662,
93,3,97,4.65915989876,0,2000.0,-1,4.65915989876,0.0,1,0.0,15,12998.835681252132,SAT,,4.698,
94,31,97,4.44237089157,0,7.059508364993334,-1,4.44237089157,0.0,1,0.0,15,13003.278052143702,SAT,,4.485,
95,31,44,5.30964398384,0,15.675810527402163,-1,5.30964398384,0.0,1,0.0,15,13008.58769612754,SAT,,5.332,
96,31,34,5.30688095093,0,8.773274336355925,-1,5.30688095093,0.0,1,0.0,15,13013.89457707847,SAT,,5.332,
97,31,14,1802.13100195,0,289.135931048888,-1,1802.13100195,0.0,2,0.0,15,14816.02557902847,UNSAT,,1802.158,
98,3,73,5.25531578064,0,2000.0,-1,5.25531578064,0.0,2,0.0,16,14821.28089480911,UNSAT,,5.382,
99,32,97,4.81774115562,0,7.059508364993334,-1,4.81774115562,0.0,1,0.0,16,14826.09863596473,SAT,,4.89,
100,3,150,1802.02996802,0,2000.0,-1,1802.02996802,0.0,1,0.0,16,16628.12860398473,SAT,,1802.068,
101,33,134,7.84020495415,0,6.940742850649357,-1,7.84020495415,0.0,2,0.0,16,16635.96880893888,UNSAT,,7.93,
