Run Number,Run History Configuration ID,Instance ID,Response Value (y),Censored?,Cutoff Time Used,Seed,Runtime,Run Length,Run Result Code,Run Quality,SMAC Iteration,SMAC Cumulative Runtime,Run Result,Additional Algorithm Run Data,Wall Clock Time,
1,1,2006,2585.36628199,0,2000.0,-1,2585.36628199,0.0,1,0.0,0,2585.36628199,SAT,,2588.136,
2,1,1441,1850.62714505,0,2000.0,-1,1850.62714505,0.0,2,0.0,1,4435.99342704,UNSAT,,1851.746,
3,2,1441,1845.32753706,0,2000.0,-1,1845.32753706,0.0,2,0.0,1,6281.320964099999,UNSAT,,1846.492,
4,2,2006,2687.07009077,0,2000.0,-1,2687.07009077,0.0,1,0.0,1,8968.39105487,SAT,,2687.261,
5,1,446,96.3879220486,0,2000.0,-1,96.3879220486,0.0,1,0.0,1,9064.7789769186,SAT,,97.056,
6,3,2006,2670.66646099,0,2000.0,-1,2670.66646099,0.0,1,0.0,1,11735.4454379086,SAT,,2671.143,
7,1,1123,71.9336409569,0,2000.0,-1,71.9336409569,0.0,1,0.0,2,11807.3790788655,SAT,,72.664,
8,4,1123,2000.0,0,94.5163337405503,-1,945.9225999999999,0.0,-1,1.0E9,2,12753.3016788655,CRASHED,Run Exceeded Captime -- Treating as CRASHED;Killed Manually,995.708,
9,1,225,74.2642469406,0,2000.0,-1,74.2642469406,0.0,1,0.0,2,12827.5659258061,SAT,,74.532,
10,5,225,2000.0,0,97.54612137411834,-1,976.2314,0.0,-1,1.0E9,2,13803.797325806101,CRASHED,Run Exceeded Captime -- Treating as CRASHED;Killed Manually,1027.612,
11,1,2752,12520.256582,0,2000.0,-1,12520.256582,0.0,2,0.0,3,26324.0539078061,UNSAT,,12521.154,
12,6,1123,2000.0,0,94.5163337405503,-1,945.31935,0.0,-1,1.0E9,3,27269.373257806103,CRASHED,Run Exceeded Captime -- Treating as CRASHED;Killed Manually,995.073,
13,1,315,43.7678768635,0,2000.0,-1,43.7678768635,0.0,1,0.0,3,27313.141134669604,SAT,,44.683,
14,7,2006,2726.61002898,0,2000.0,-1,2726.61002898,0.0,1,0.0,3,30039.751163649606,SAT,,2726.687,
15,1,1030,43.631788969,0,2000.0,-1,43.631788969,0.0,1,0.0,4,30083.382952618605,SAT,,43.703,
16,8,1441,464.276937008,0,2000.0,-1,464.276937008,0.0,2,0.0,4,30547.659889626604,UNSAT,,465.235,
17,8,446,45.3619339466,0,2000.0,-1,45.3619339466,0.0,1,0.0,4,30593.021823573203,SAT,,46.204,
18,8,1123,43.7002570629,0,1963.1079886000337,-1,43.7002570629,0.0,1,0.0,4,30636.722080636104,SAT,,44.099,
19,8,225,41.9408829212,0,2000.0,-1,41.9408829212,0.0,1,0.0,4,30678.662963557304,SAT,,42.004,
20,8,315,34.311909914,0,2000.0,-1,34.311909914,0.0,1,0.0,4,30712.974873471303,SAT,,34.699,
21,8,2752,12668.265698,0,2000.0,-1,12668.265698,0.0,2,0.0,4,43381.2405714713,UNSAT,,12670.519,
22,8,1030,34.3161430359,0,93.21880218421222,-1,34.3161430359,0.0,1,0.0,4,43415.556714507205,SAT,,34.796,
23,8,2006,2605.1690309,0,2000.0,-1,2605.1690309,0.0,1,0.0,4,46020.7257454072,SAT,,2605.611,
24,1,473,51.4083898067,0,2000.0,-1,51.4083898067,0.0,1,0.0,4,46072.1341352139,SAT,,51.544,
25,9,473,2000.0,0,67.8335067707777,-1,679.4931999999999,0.0,-1,1.0E9,4,46751.627335213896,CRASHED,Run Exceeded Captime -- Treating as CRASHED;Killed Manually,715.256,
26,1,2380,4510.11411095,0,2000.0,-1,4510.11411095,0.0,1,0.0,5,51261.7414461639,SAT,,4511.226,
27,10,2006,2645.25743508,0,2000.0,-1,2645.25743508,0.0,1,0.0,5,53906.9988812439,SAT,,2645.599,
28,1,1580,2198.42579579,0,2000.0,-1,2198.42579579,0.0,1,0.0,5,56105.424677033894,SAT,,2198.776,
29,11,225,2000.0,0,97.54612137411834,-1,976.4650999999999,0.0,-1,1.0E9,5,57081.889777033895,CRASHED,Run Exceeded Captime -- Treating as CRASHED;Killed Manually,1027.858,
30,1,106,1843.12231994,0,2000.0,-1,1843.12231994,0.0,1,0.0,6,58925.01209697389,SAT,,1844.157,
31,12,1123,61.788864851,0,94.5163337405503,-1,61.788864851,0.0,1,0.0,6,58986.80096182489,SAT,,63.404,
32,12,2380,4772.25970984,0,2000.0,-1,4772.25970984,0.0,1,0.0,6,63759.06067166489,SAT,,4772.55,
33,12,2006,2859.77467394,0,2000.0,-1,2859.77467394,0.0,1,0.0,6,66618.8353456049,SAT,,2860.431,
34,1,276,216.15030098,0,2000.0,-1,216.15030098,0.0,1,0.0,6,66834.9856465849,SAT,,216.871,
35,13,1030,48.9033610821,0,57.72392636944652,-1,48.9033610821,0.0,1,0.0,6,66883.889007667,SAT,,49.435,
36,1,2052,7414.30669117,0,2000.0,-1,7414.30669117,0.0,1,0.0,7,74298.19569883701,SAT,,7414.814,
37,14,315,50.655703783,0,57.900840312588215,-1,50.655703783,0.0,1,0.0,7,74348.85140262001,SAT,,53.051,
38,1,29,1017.90586185,0,2000.0,-1,1017.90586185,0.0,1,0.0,7,75366.75726447001,SAT,,1018.328,
39,15,106,1842.85971308,0,2000.0,-1,1842.85971308,0.0,1,0.0,7,77209.61697755002,SAT,,1844.382,
40,15,473,87.8483190536,0,124.89882240851523,-1,87.8483190536,0.0,1,0.0,7,77297.46529660362,SAT,,88.507,
41,15,1030,42.7841689587,0,10.696006834852696,-1,42.7841689587,0.0,1,0.0,7,77340.24946556232,SAT,,43.689,
42,1,1474,1864.51076293,0,2000.0,-1,1864.51076293,0.0,1,0.0,8,79204.76022849232,SAT,,1865.09,
43,14,1474,916.907095909,0,2000.0,-1,916.907095909,0.0,1,0.0,8,80121.66732440132,SAT,,918.239,
44,14,2006,2627.56974292,0,2000.0,-1,2627.56974292,0.0,1,0.0,8,82749.23706732132,SAT,,2628.258,
45,14,1441,1189.72758794,0,2000.0,-1,1189.72758794,0.0,2,0.0,8,83938.96465526131,UNSAT,,1190.386,
46,14,2052,5768.8220818,0,2000.0,-1,5768.8220818,0.0,1,0.0,8,89707.78673706131,SAT,,5769.454,
