Run Number,Run History Configuration ID,Instance ID,Response Value (y),Censored?,Cutoff Time Used,Seed,Runtime,Run Length,Run Result Code,Run Quality,SMAC Iteration,SMAC Cumulative Runtime,Run Result,Additional Algorithm Run Data,Wall Clock Time,
1,1,225,162.258651018,0,2000.0,-1,162.258651018,0.0,1,0.0,0,162.258651018,SAT,,162.447,
2,1,97,136.123364925,0,2000.0,-1,136.123364925,0.0,2,0.0,1,298.382015943,UNSAT,,136.205,
3,2,225,1802.55258203,0,211.93884675239326,-1,1802.55258203,0.0,1,0.0,1,2100.934597973,SAT,,1802.61,
4,1,69,125.533087969,0,2000.0,-1,125.533087969,0.0,2,0.0,1,2226.467685942,UNSAT,,125.774,
5,3,225,3.09485983849,0,211.93884675239326,-1,3.09485983849,0.0,1,0.0,1,2229.56254578049,SAT,,3.129,
6,3,97,1803.12443209,0,548.0715176913619,-1,1803.12443209,0.0,2,0.0,1,4032.68697787049,UNSAT,,1803.217,
7,1,26,395.268845081,0,2000.0,-1,395.268845081,0.0,2,0.0,2,4427.95582295149,UNSAT,,395.312,
8,4,225,154.845973969,0,211.93884675239326,-1,154.845973969,0.0,1,0.0,2,4582.801796920489,SAT,,154.901,
9,4,26,383.750653982,0,687.6841941740096,-1,383.750653982,0.0,2,0.0,2,4966.552450902489,UNSAT,,383.806,
10,4,69,121.479966879,0,188.80834298987986,-1,121.479966879,0.0,2,0.0,2,5088.032417781489,UNSAT,,121.51,
11,4,97,114.895684004,0,207.84606085007192,-1,114.895684004,0.0,2,0.0,2,5202.928101785489,UNSAT,,114.96,
12,4,149,68.8950829506,0,2000.0,-1,68.8950829506,0.0,2,0.0,2,5271.823184736089,UNSAT,,68.927,
13,5,69,1193.96067595,0,158.9265569936216,-1,1193.96067595,0.0,2,0.0,2,6465.78386068609,UNSAT,,1194.047,
14,4,48,490.289439917,0,2000.0,-1,490.289439917,0.0,1,0.0,3,6956.07330060309,SAT,,490.325,
15,6,26,56.4637858868,0,499.878450285989,-1,56.4637858868,0.0,2,0.0,3,7012.53708648989,UNSAT,,56.526,
16,6,69,188.779345989,0,733.7664753090322,-1,188.779345989,0.0,2,0.0,3,7201.3164324788895,UNSAT,,188.816,
17,6,97,1051.75074291,0,488.3533258814096,-1,1051.75074291,0.0,2,0.0,3,8253.06717538889,UNSAT,,1051.784,
18,4,237,147.773234129,0,2000.0,-1,147.773234129,0.0,1,0.0,3,8400.840409517888,SAT,,147.809,
19,7,69,133.331778049,0,158.9265569936216,-1,133.331778049,0.0,2,0.0,3,8534.172187566888,UNSAT,,133.391,
20,4,246,248.697533131,0,2000.0,-1,248.697533131,0.0,1,0.0,4,8782.869720697889,SAT,,248.767,
21,8,26,263.034130812,0,499.878450285989,-1,263.034130812,0.0,2,0.0,4,9045.90385150989,UNSAT,,263.104,
22,8,69,113.829737186,0,405.4242458086192,-1,113.829737186,0.0,2,0.0,4,9159.73358869589,UNSAT,,113.894,
23,8,149,58.0296580791,0,257.4455870207131,-1,58.0296580791,0.0,2,0.0,4,9217.76324677499,UNSAT,,58.1,
24,8,246,290.082165003,0,1048.0883846882462,-1,290.082165003,0.0,1,0.0,4,9507.84541177799,SAT,,290.12,
25,8,225,89.9088928699,0,670.9815701361478,-1,89.9088928699,0.0,1,0.0,4,9597.75430464789,SAT,,89.961,
26,8,97,84.5527939796,0,554.1000089499831,-1,84.5527939796,0.0,2,0.0,4,9682.307098627489,UNSAT,,84.608,
27,8,237,151.740448952,0,444.18137705733176,-1,151.740448952,0.0,1,0.0,4,9834.047547579488,SAT,,151.795,
28,8,48,166.961700916,0,884.2963655370951,-1,166.961700916,0.0,1,0.0,4,10001.009248495488,SAT,,167.041,
29,8,61,342.644837141,0,2000.0,-1,342.644837141,0.0,1,0.0,4,10343.654085636488,SAT,,342.712,
30,9,69,115.591069937,0,148.98125910048486,-1,115.591069937,0.0,2,0.0,4,10459.245155573488,UNSAT,,115.652,
31,8,165,128.055526972,0,2000.0,-1,128.055526972,0.0,2,0.0,5,10587.300682545489,UNSAT,,128.108,
32,10,97,201.384286165,0,110.92123220523001,-1,201.384286165,0.0,2,0.0,5,10788.684968710488,UNSAT,,201.443,
33,8,182,378.967280865,0,2000.0,-1,378.967280865,0.0,2,0.0,5,11167.652249575487,UNSAT,,379.022,
34,11,246,264.069233894,0,378.10941486467715,-1,264.069233894,0.0,1,0.0,5,11431.721483469488,SAT,,264.127,
35,11,237,93.0813868046,0,677.5228833671391,-1,93.0813868046,0.0,1,0.0,5,11524.802870274088,SAT,,93.142,
36,11,61,245.742024899,0,556.5170805792987,-1,245.742024899,0.0,1,0.0,5,11770.544895173089,SAT,,245.812,
37,11,26,277.529072046,0,1405.5912545773865,-1,277.529072046,0.0,2,0.0,5,12048.073967219088,UNSAT,,277.574,
38,11,182,456.771669865,0,1044.8034609559654,-1,456.771669865,0.0,2,0.0,5,12504.845637084089,UNSAT,,456.839,
39,11,225,274.572251081,0,451.00029007380004,-1,274.572251081,0.0,1,0.0,5,12779.417888165088,SAT,,274.639,
40,11,48,371.406376123,0,94.05636451055409,-1,371.406376123,0.0,1,0.0,5,13150.824264288087,SAT,,371.463,
41,8,102,14.1968169212,0,2000.0,-1,14.1968169212,0.0,2,0.0,6,13165.021081209286,UNSAT,,14.268,
42,12,246,760.843096972,0,378.10941486467715,-1,760.843096972,0.0,1,0.0,6,13925.864178181286,SAT,,760.87,
43,8,194,59.7931940556,0,2000.0,-1,59.7931940556,0.0,1,0.0,6,13985.657372236885,SAT,,59.858,
44,13,225,2.96106386185,0,117.88416149874331,-1,2.96106386185,0.0,1,0.0,6,13988.618436098735,SAT,,3.003,
45,13,165,3.14225792885,0,390.4281960691988,-1,3.14225792885,0.0,2,0.0,6,13991.760694027585,UNSAT,,3.175,
46,13,97,118.98953104,0,386.3432604711234,-1,118.98953104,0.0,2,0.0,6,14110.750225067586,UNSAT,,119.016,
47,13,69,106.984519005,0,1514.9990658167483,-1,106.984519005,0.0,2,0.0,6,14217.734744072586,UNSAT,,107.036,
48,13,61,338.036648989,0,1375.919190597135,-1,338.036648989,0.0,1,0.0,6,14555.771393061586,SAT,,338.102,
49,13,182,3.98867297173,0,936.47154698928,-1,3.98867297173,0.0,2,0.0,6,14559.760066033316,UNSAT,,4.06,
50,13,237,2.57843112946,0,931.2862721163511,-1,2.57843112946,0.0,1,0.0,6,14562.338497162775,SAT,,2.615,
51,13,149,440.835871935,0,2000.0,-1,440.835871935,0.0,2,0.0,6,15003.174369097775,UNSAT,,440.859,
52,13,102,47.7003650665,0,1462.582443923104,-1,47.7003650665,0.0,2,0.0,6,15050.874734164274,UNSAT,,47.738,
53,13,26,224.919292927,0,1400.5719693269314,-1,224.919292927,0.0,2,0.0,6,15275.794027091273,UNSAT,,224.948,
54,13,194,316.804248095,0,1108.1768883283912,-1,316.804248095,0.0,1,0.0,6,15592.598275186274,SAT,,316.865,
55,13,48,1084.60825586,0,696.3313660476089,-1,1084.60825586,0.0,1,0.0,6,16677.206531046275,SAT,,1084.655,
56,8,212,15.4843130112,0,2000.0,-1,15.4843130112,0.0,1,0.0,7,16692.690844057473,SAT,,15.55,
57,14,102,7.8787009716,0,19.45846219395399,-1,7.8787009716,0.0,2,0.0,7,16700.569545029073,UNSAT,,7.959,
58,14,212,84.6633629799,0,139.2669906731427,-1,84.6633629799,0.0,1,0.0,7,16785.232908008973,SAT,,84.705,
59,14,97,2000.0,0,29.20461854745746,-1,292.74535000000003,0.0,-1,1.0E9,7,17077.978258008974,CRASHED,Run Exceeded Captime -- Treating as CRASHED;Killed Manually,308.153,
60,8,110,32.2931478024,0,2000.0,-1,32.2931478024,0.0,2,0.0,7,17110.271405811374,UNSAT,,32.336,
61,15,48,1801.48065996,0,218.052812375474,-1,1801.48065996,0.0,1,0.0,7,18911.752065771376,SAT,,1801.509,
62,8,108,23.7999768257,0,2000.0,-1,23.7999768257,0.0,2,0.0,8,18935.552042597075,UNSAT,,23.863,
63,16,237,3.48362183571,0,198.26518463750483,-1,3.48362183571,0.0,1,0.0,8,18939.035664432784,SAT,,3.527,
64,16,149,339.486166,0,417.156289413917,-1,339.486166,0.0,2,0.0,8,19278.521830432783,UNSAT,,339.516,
65,8,45,89.9775140285,0,2000.0,-1,89.9775140285,0.0,1,0.0,8,19368.49934446128,SAT,,90.038,
66,17,110,330.491802931,0,42.9836931530118,-1,330.491802931,0.0,2,0.0,8,19698.99114739228,UNSAT,,330.541,
67,8,73,133.050348043,0,2000.0,-1,133.050348043,0.0,2,0.0,9,19832.041495435282,UNSAT,,133.088,
68,18,194,2000.0,0,78.7337522845447,-1,787.83025,0.0,-1,1.0E9,9,20619.87174543528,CRASHED,Run Exceeded Captime -- Treating as CRASHED;Killed Manually,829.295,
69,8,83,25.0809390545,0,2000.0,-1,25.0809390545,0.0,2,0.0,9,20644.95268448978,UNSAT,,25.126,
70,19,212,15.4740259647,0,21.132207837301493,-1,15.4740259647,0.0,1,0.0,9,20660.42671045448,SAT,,15.53,
71,19,110,67.6248838902,0,420.10648072545524,-1,67.6248838902,0.0,2,0.0,9,20728.05159434468,UNSAT,,67.651,
72,19,246,1374.8105011,0,332.19413188134433,-1,1374.8105011,0.0,1,0.0,9,22102.86209544468,SAT,,1374.857,
73,8,53,915.375861168,0,2000.0,-1,915.375861168,0.0,1,0.0,10,23018.23795661268,SAT,,915.402,
74,20,212,14.7538950443,0,21.132207837301493,-1,14.7538950443,0.0,1,0.0,10,23032.99185165698,SAT,,14.932,
75,20,165,170.77500701,0,661.0843947048962,-1,170.77500701,0.0,2,0.0,10,23203.766858666982,UNSAT,,170.796,
76,20,182,971.135915041,0,439.0768850113928,-1,971.135915041,0.0,2,0.0,10,24174.90277370798,UNSAT,,971.221,
77,8,232,94.3188230991,0,2000.0,-1,94.3188230991,0.0,1,0.0,10,24269.22159680708,SAT,,94.387,
78,21,102,56.5552179813,0,19.45846219395399,-1,56.5552179813,0.0,2,0.0,10,24325.77681478838,UNSAT,,56.595,
79,8,193,22.1025238037,0,2000.0,-1,22.1025238037,0.0,1,0.0,11,24347.87933859208,SAT,,22.135,
80,22,83,26.5735020638,0,33.60782078315616,-1,26.5735020638,0.0,2,0.0,11,24374.45284065588,UNSAT,,26.599,
81,8,187,303.512247801,0,2000.0,-1,303.512247801,0.0,2,0.0,11,24677.96508845688,UNSAT,,303.549,
82,23,182,5.09201097488,0,493.66006617282625,-1,5.09201097488,0.0,2,0.0,11,24683.05709943176,UNSAT,,5.164,
83,23,246,1803.43852592,0,939.5884216654778,-1,1803.43852592,0.0,1,0.0,11,26486.49562535176,SAT,,1803.5,
84,8,37,1429.4984858,0,2000.0,-1,1429.4984858,0.0,2,0.0,12,27915.99411115176,UNSAT,,1429.562,
85,24,187,1803.51458311,0,395.5685229863703,-1,1803.51458311,0.0,2,0.0,12,29719.50869426176,UNSAT,,1803.539,
86,8,29,1407.09833503,0,2000.0,-1,1407.09833503,0.0,2,0.0,12,31126.60702929176,UNSAT,,1407.222,
87,25,48,751.225518227,0,218.052812375474,-1,751.225518227,0.0,1,0.0,12,31877.83254751876,SAT,,751.287,
88,8,124,38.4587721825,0,2000.0,-1,38.4587721825,0.0,2,0.0,13,31916.29131970126,UNSAT,,38.521,
89,26,26,363.663193941,0,342.94697110389467,-1,363.663193941,0.0,2,0.0,13,32279.95451364226,UNSAT,,363.691,
90,8,56,1802.4570179,0,2000.0,-1,1802.4570179,0.0,1,0.0,13,34082.41153154226,SAT,,1802.521,
91,27,69,151.96273303,0,148.98125910048486,-1,151.96273303,0.0,2,0.0,13,34234.37426457226,UNSAT,,152.295,
92,8,196,1801.78780603,0,2000.0,-1,1801.78780603,0.0,1,0.0,14,36036.16207060226,SAT,,1801.83,
93,28,110,2000.0,0,42.9836931530118,-1,430.75944999999996,0.0,-1,1.0E9,14,36466.921520602256,CRASHED,Run Exceeded Captime -- Treating as CRASHED;Killed Manually,453.431,
94,8,228,127.636137962,0,2000.0,-1,127.636137962,0.0,1,0.0,14,36594.557658564256,SAT,,127.693,
95,29,246,1411.96342897,0,378.10941486467715,-1,1411.96342897,0.0,1,0.0,14,38006.52108753425,SAT,,1411.993,
96,8,89,60.7887589931,0,2000.0,-1,60.7887589931,0.0,2,0.0,15,38067.30984652735,UNSAT,,60.819,
97,30,73,213.992439985,0,173.96805350517036,-1,213.992439985,0.0,2,0.0,15,38281.30228651235,UNSAT,,214.065,
98,8,82,26.9739751816,0,2000.0,-1,26.9739751816,0.0,2,0.0,15,38308.27626169395,UNSAT,,27.036,
99,31,69,414.790213108,0,148.98125910048486,-1,414.790213108,0.0,2,0.0,15,38723.06647480195,UNSAT,,414.819,
100,8,153,1802.06768799,0,2000.0,-1,1802.06768799,0.0,2,0.0,16,40525.13416279195,UNSAT,,1802.097,
101,32,89,211.977823019,0,80.0279870521009,-1,211.977823019,0.0,2,0.0,16,40737.111985810945,UNSAT,,212.055,
102,8,34,541.408277035,0,2000.0,-1,541.408277035,0.0,2,0.0,16,41278.520262845945,UNSAT,,541.471,
103,33,237,3.22906494141,0,198.26518463750483,-1,3.22906494141,0.0,1,0.0,16,41281.74932778736,SAT,,3.273,
104,33,73,134.951050997,0,489.6499227624118,-1,134.951050997,0.0,2,0.0,16,41416.70037878436,UNSAT,,134.986,
105,33,232,120.186072111,0,314.2135560404241,-1,120.186072111,0.0,1,0.0,16,41536.886450895356,SAT,,120.235,
106,33,83,1802.1194818,0,2000.0,-1,1802.1194818,0.0,2,0.0,16,43339.005932695356,UNSAT,,1802.156,
107,33,37,907.77137804,0,90.10025066171886,-1,907.77137804,0.0,2,0.0,16,44246.77731073536,UNSAT,,907.803,
