Run Number,Run History Configuration ID,Instance ID,Response Value (y),Censored?,Cutoff Time Used,Seed,Runtime,Run Length,Run Result Code,Run Quality,SMAC Iteration,SMAC Cumulative Runtime,Run Result,Additional Algorithm Run Data,Wall Clock Time,
1,1,114,4.11174798012,0,2000.0,-1,4.11174798012,0.0,1,0.0,0,4.11174798012,SAT,,4.244,
2,1,23,9.05727601051,0,2000.0,-1,9.05727601051,0.0,2,0.0,1,13.169023990629999,UNSAT,,9.151,
3,2,23,5.98385119438,0,12.777059048759938,-1,5.98385119438,0.0,2,0.0,1,19.152875185009997,UNSAT,,6.015,
4,2,114,4.34425806999,0,10.344625812369586,-1,4.34425806999,0.0,1,0.0,1,23.497133254999998,SAT,,4.374,
5,2,19,5.05991816521,0,2000.0,-1,5.05991816521,0.0,2,0.0,1,28.557051420209998,UNSAT,,5.101,
6,3,23,3.8200199604,0,8.781607717621327,-1,3.8200199604,0.0,2,0.0,1,32.37707138061,UNSAT,,3.866,
7,3,114,2000.0,0,16.043610114949942,-1,161.1428,0.0,-1,1.0E9,1,193.51987138061,CRASHED,Run Exceeded Captime -- Treating as CRASHED;Killed Manually,169.624,
8,2,56,5.43269205093,0,2000.0,-1,5.43269205093,0.0,1,0.0,2,198.95256343154,SAT,,5.452,
9,2,26,5.4997780323,0,2000.0,-1,5.4997780323,0.0,2,0.0,2,204.45234146384,UNSAT,,5.544,
10,4,19,9.81265687943,0,7.580494217920304,-1,9.81265687943,0.0,2,0.0,2,214.26499834327,UNSAT,,9.857,
11,2,43,4.18840909004,0,2000.0,-1,4.18840909004,0.0,1,0.0,3,218.45340743331002,SAT,,4.225,
12,5,19,6.53869605064,0,7.580494217920304,-1,6.53869605064,0.0,2,0.0,3,224.99210348395002,UNSAT,,6.585,
13,2,117,5.9611389637,0,2000.0,-1,5.9611389637,0.0,1,0.0,3,230.95324244765,SAT,,5.983,
14,6,117,42.8587110043,0,8.752080694186688,-1,42.8587110043,0.0,1,0.0,3,273.81195345195,SAT,,42.891,
15,2,103,1801.67344689,0,2000.0,-1,1801.67344689,0.0,1,0.0,4,2075.48540034195,SAT,,1801.713,
16,7,23,5.99884915352,0,8.781607717621327,-1,5.99884915352,0.0,2,0.0,4,2081.48424949547,UNSAT,,6.074,
17,2,33,6.60049414635,0,2000.0,-1,6.60049414635,0.0,1,0.0,4,2088.08474364182,SAT,,6.636,
18,8,56,6.57126998901,0,8.065100375908614,-1,6.57126998901,0.0,1,0.0,4,2094.65601363083,SAT,,6.608,
19,2,71,5.91554999352,0,2000.0,-1,5.91554999352,0.0,2,0.0,5,2100.57156362435,UNSAT,,5.955,
20,9,71,4.71372699738,0,8.692815982151032,-1,4.71372699738,0.0,2,0.0,5,2105.28529062173,UNSAT,,4.756,
21,9,19,10.7859117985,0,14.590395789939166,-1,10.7859117985,0.0,2,0.0,5,2116.07120242023,UNSAT,,10.824,
22,2,130,23.85582304,0,2000.0,-1,23.85582304,0.0,1,0.0,5,2139.9270254602297,SAT,,23.895,
23,10,33,5.16414093971,0,9.583243158060313,-1,5.16414093971,0.0,1,0.0,5,2145.0911663999395,SAT,,5.213,
24,10,43,3.85486912727,0,16.096398689198494,-1,3.85486912727,0.0,1,0.0,5,2148.9460355272095,SAT,,3.895,
25,10,23,5.27050209045,0,11.085067864853144,-1,5.27050209045,0.0,2,0.0,5,2154.2165376176595,UNSAT,,5.299,
26,10,103,1801.76132607,0,2000.0,-1,1801.76132607,0.0,1,0.0,5,3955.9778636876595,SAT,,1801.805,
27,10,19,8.91598916054,0,26.141962305057053,-1,8.91598916054,0.0,2,0.0,5,3964.8938528481995,UNSAT,,8.94,
28,10,71,5.10061407089,0,14.551175747412444,-1,5.10061407089,0.0,2,0.0,5,3969.9944669190895,UNSAT,,5.122,
29,10,117,14.5006580353,0,7.920378249484301,-1,14.5006580353,0.0,1,0.0,5,3984.4951249543897,SAT,,14.544,
30,2,135,3.65129113197,0,2000.0,-1,3.65129113197,0.0,1,0.0,6,3988.1464160863597,SAT,,3.679,
31,11,130,22.8867759705,0,32.01517033239007,-1,22.8867759705,0.0,1,0.0,6,4011.0331920568597,SAT,,22.955,
32,11,43,3.99836206436,0,14.287787385630608,-1,3.99836206436,0.0,1,0.0,6,4015.03155412122,SAT,,4.051,
33,11,19,6.31954312325,0,9.089916188615561,-1,6.31954312325,0.0,2,0.0,6,4021.3510972444697,UNSAT,,6.354,
34,2,12,9.91658711433,0,2000.0,-1,9.91658711433,0.0,2,0.0,6,4031.2676843587997,UNSAT,,9.944,
35,12,26,6.3141310215,0,8.152312122631074,-1,6.3141310215,0.0,2,0.0,6,4037.5818153802998,UNSAT,,6.359,
36,2,61,1801.72493792,0,2000.0,-1,1801.72493792,0.0,1,0.0,7,5839.3067533002995,SAT,,1801.754,
37,13,23,6.18367195129,0,8.781607717621327,-1,6.18367195129,0.0,2,0.0,7,5845.49042525159,UNSAT,,6.254,
38,2,2,1804.47954106,0,2000.0,-1,1804.47954106,0.0,2,0.0,7,7649.96996631159,UNSAT,,1804.524,
39,14,56,6.31259393692,0,8.065100375908614,-1,6.31259393692,0.0,1,0.0,7,7656.28256024851,SAT,,6.363,
40,2,36,7.67416286469,0,2000.0,-1,7.67416286469,0.0,1,0.0,8,7663.9567231132,SAT,,7.711,
41,4,36,21.8494429588,0,4.801751662391425,-1,21.8494429588,0.0,1,0.0,8,7685.8061660719995,SAT,,21.882,
42,2,35,211.971235991,0,2000.0,-1,211.971235991,0.0,1,0.0,8,7897.7774020629995,SAT,,212.005,
43,15,35,1802.1670289,0,276.56520762329103,-1,1802.1670289,0.0,1,0.0,8,9699.944430963,SAT,,1802.273,
44,2,77,5.74320912361,0,2000.0,-1,5.74320912361,0.0,2,0.0,9,9705.68764008661,UNSAT,,5.787,
45,16,117,5.36931800842,0,8.752080694186688,-1,5.36931800842,0.0,1,0.0,9,9711.056958095029,SAT,,5.433,
46,16,77,6.21742916107,0,15.818633035171032,-1,6.21742916107,0.0,2,0.0,9,9717.274387256099,UNSAT,,6.254,
47,16,19,6.48602581024,0,7.7359760071814065,-1,6.48602581024,0.0,2,0.0,9,9723.760413066339,UNSAT,,6.518,
48,2,57,5.49212813377,0,2000.0,-1,5.49212813377,0.0,1,0.0,9,9729.252541200109,SAT,,5.534,
49,17,2,448.198672056,0,2000.0,-1,448.198672056,0.0,2,0.0,9,10177.451213256109,UNSAT,,448.228,
50,17,130,4.26140499115,0,1800.627832290131,-1,4.26140499115,0.0,1,0.0,9,10181.712618247258,SAT,,4.297,
51,17,43,3.72619891167,0,1795.0880055207492,-1,3.72619891167,0.0,1,0.0,9,10185.438817158929,SAT,,3.769,
52,17,56,6.24237418175,0,1821.4207759950043,-1,6.24237418175,0.0,1,0.0,9,10191.681191340678,SAT,,6.28,
53,17,117,4.55148983002,0,1813.3056898493053,-1,4.55148983002,0.0,1,0.0,9,10196.232681170699,SAT,,4.596,
54,17,23,8.00564098358,0,1807.3887530605973,-1,8.00564098358,0.0,2,0.0,9,10204.238322154279,UNSAT,,8.034,
55,17,33,5.31975293159,0,1796.981419239539,-1,5.31975293159,0.0,1,0.0,9,10209.558075085868,SAT,,5.365,
56,17,71,6.14333701134,0,2000.0,-1,6.14333701134,0.0,2,0.0,9,10215.701412097207,UNSAT,,6.18,
57,17,36,5.51250910759,0,2000.0,-1,5.51250910759,0.0,1,0.0,9,10221.213921204797,SAT,,5.55,
58,17,61,7.26206588745,0,2000.0,-1,7.26206588745,0.0,1,0.0,9,10228.475987092246,SAT,,7.287,
59,17,12,5.50676321983,0,2000.0,-1,5.50676321983,0.0,2,0.0,9,10233.982750312076,UNSAT,,5.55,
60,17,19,6.3883972168,0,2000.0,-1,6.3883972168,0.0,2,0.0,9,10240.371147528876,UNSAT,,6.431,
61,17,35,121.896211147,0,2000.0,-1,121.896211147,0.0,1,0.0,9,10362.267358675876,SAT,,121.934,
62,17,77,4.97115516663,0,2000.0,-1,4.97115516663,0.0,2,0.0,9,10367.238513842505,UNSAT,,5.003,
63,17,57,4.36875009537,0,2000.0,-1,4.36875009537,0.0,1,0.0,9,10371.607263937874,SAT,,4.402,
64,17,103,7.46907877922,0,2000.0,-1,7.46907877922,0.0,1,0.0,9,10379.076342717095,SAT,,7.51,
65,17,26,5.27787518501,0,2000.0,-1,5.27787518501,0.0,2,0.0,9,10384.354217902104,UNSAT,,5.302,
66,17,114,4.86003613472,0,2000.0,-1,4.86003613472,0.0,1,0.0,9,10389.214254036824,SAT,,4.898,
67,17,135,3.33393383026,0,2000.0,-1,3.33393383026,0.0,1,0.0,9,10392.548187867083,SAT,,3.369,
68,17,67,83.8281488419,0,2000.0,-1,83.8281488419,0.0,2,0.0,10,10476.376336708983,UNSAT,,83.855,
69,13,19,6.46578502655,0,11.677377194511891,-1,6.46578502655,0.0,2,0.0,10,10482.842121735534,UNSAT,,6.511,
70,13,77,5.52409505844,0,17.723295547413827,-1,5.52409505844,0.0,2,0.0,10,10488.366216793973,UNSAT,,5.556,
71,13,71,5.36771297455,0,10.541971855211258,-1,5.36771297455,0.0,2,0.0,10,10493.733929768523,UNSAT,,5.401,
72,13,43,4.35396695137,0,29.103682086217407,-1,4.35396695137,0.0,1,0.0,10,10498.087896719893,SAT,,4.397,
73,13,135,4.35211801529,0,23.443525553095345,-1,4.35211801529,0.0,1,0.0,10,10502.440014735183,SAT,,4.515,
74,13,33,6.44584512711,0,17.785772297877074,-1,6.44584512711,0.0,1,0.0,10,10508.885859862292,SAT,,6.487,
75,13,61,2000.0,0,9.406173032122851,-1,94.59149999999998,0.0,-1,1.0E9,10,10603.477359862292,CRASHED,Run Exceeded Captime -- Treating as CRASHED;Killed Manually,99.57,
76,17,149,253.966176033,0,2000.0,-1,253.966176033,0.0,1,0.0,10,10857.443535895292,SAT,,253.996,
77,18,103,2000.0,0,10.712403606969119,-1,107.90765,0.0,-1,1.0E9,10,10965.351185895292,CRASHED,Run Exceeded Captime -- Treating as CRASHED;Killed Manually,113.587,
78,17,3,6.040361166,0,2000.0,-1,6.040361166,0.0,2,0.0,11,10971.391547061292,UNSAT,,6.082,
79,19,36,6.87916612625,0,8.168862656104565,-1,6.87916612625,0.0,1,0.0,11,10978.270713187541,SAT,,6.928,
80,17,127,5.14486312866,0,2000.0,-1,5.14486312866,0.0,1,0.0,11,10983.415576316202,SAT,,5.183,
81,20,130,4.80515217781,0,6.54242708196044,-1,4.80515217781,0.0,1,0.0,11,10988.220728494012,SAT,,4.834,
82,17,128,4.74016094208,0,2000.0,-1,4.74016094208,0.0,1,0.0,12,10992.960889436092,SAT,,4.778,
83,21,19,6.68706297874,0,9.307517566132546,-1,6.68706297874,0.0,2,0.0,12,10999.647952414833,UNSAT,,6.72,
84,17,30,1801.56143212,0,2000.0,-1,1801.56143212,0.0,2,0.0,12,12801.209384534832,UNSAT,,1801.608,
85,22,57,4.81795406342,0,6.681975804615021,-1,4.81795406342,0.0,1,0.0,12,12806.027338598251,SAT,,4.852,
86,17,146,13.6319878101,0,2000.0,-1,13.6319878101,0.0,1,0.0,13,12819.659326408351,SAT,,13.658,
87,23,57,3.70189094543,0,6.681975804615021,-1,3.70189094543,0.0,1,0.0,13,12823.36121735378,SAT,,3.748,
88,23,114,35.7910118103,0,18.59749787335396,-1,35.7910118103,0.0,1,0.0,13,12859.15222916408,SAT,,35.815,
89,17,83,81.2043299675,0,2000.0,-1,81.2043299675,0.0,1,0.0,13,12940.35655913158,SAT,,81.238,
90,24,56,4.12062311172,0,9.117686458277703,-1,4.12062311172,0.0,1,0.0,13,12944.4771822433,SAT,,4.149,
91,24,146,2000.0,0,27.02488786389232,-1,270.91625,0.0,-1,1.0E9,13,13215.3934322433,CRASHED,Run Exceeded Captime -- Treating as CRASHED;Killed Manually,285.175,
92,17,87,5.3894469738,0,2000.0,-1,5.3894469738,0.0,1,0.0,14,13220.7828792171,SAT,,5.426,
93,25,127,30.6683149338,0,7.690922718840838,-1,30.6683149338,0.0,1,0.0,14,13251.4511941509,SAT,,30.7,
94,17,65,1757.52536607,0,2000.0,-1,1757.52536607,0.0,2,0.0,14,15008.9765602209,UNSAT,,1757.568,
95,26,36,4.86991882324,0,8.168862656104565,-1,4.86991882324,0.0,1,0.0,14,15013.846479044141,SAT,,4.9,
96,26,135,3.10997700691,0,14.2897681224823,-1,3.10997700691,0.0,1,0.0,14,15016.956456051052,SAT,,3.145,
97,26,56,5.52998399734,0,10.246798478412629,-1,5.52998399734,0.0,1,0.0,14,15022.486440048391,SAT,,5.549,
98,26,77,4.34218907356,0,353.9859347868442,-1,4.34218907356,0.0,2,0.0,14,15026.828629121952,UNSAT,,4.36,
99,26,71,4.56589794159,0,348.3410890105843,-1,4.56589794159,0.0,2,0.0,14,15031.394527063541,UNSAT,,4.6,
100,26,149,166.268785954,0,342.4054211828589,-1,166.268785954,0.0,1,0.0,14,15197.663313017541,SAT,,166.297,
101,26,114,4.24923586845,0,126.25600005348326,-1,4.24923586845,0.0,1,0.0,14,15201.912548885992,SAT,,4.273,
102,26,35,104.561320066,0,2000.0,-1,104.561320066,0.0,1,0.0,14,15306.47386895199,SAT,,104.596,
103,26,26,5.66243696213,0,2000.0,-1,5.66243696213,0.0,2,0.0,14,15312.13630591412,UNSAT,,5.703,
104,26,83,81.426402092,0,2000.0,-1,81.426402092,0.0,1,0.0,14,15393.56270800612,SAT,,81.449,
105,26,3,4.3456659317,0,2000.0,-1,4.3456659317,0.0,2,0.0,14,15397.90837393782,UNSAT,,4.371,
106,26,2,119.426187992,0,2000.0,-1,119.426187992,0.0,2,0.0,14,15517.33456192982,UNSAT,,119.46,
107,26,61,11.0044269562,0,2000.0,-1,11.0044269562,0.0,1,0.0,14,15528.33898888602,SAT,,11.058,
108,26,117,3.68824911118,0,2000.0,-1,3.68824911118,0.0,1,0.0,14,15532.0272379972,SAT,,3.72,
109,26,65,16.030905962,0,2000.0,-1,16.030905962,0.0,2,0.0,14,15548.058143959199,UNSAT,,16.075,
110,26,57,3.47845506668,0,2000.0,-1,3.47845506668,0.0,1,0.0,14,15551.53659902588,SAT,,3.497,
111,26,67,62.3491799831,0,2000.0,-1,62.3491799831,0.0,2,0.0,14,15613.88577900898,UNSAT,,62.372,
112,26,33,5.4787170887,0,2000.0,-1,5.4787170887,0.0,1,0.0,14,15619.36449609768,SAT,,5.509,
113,26,30,56.0378360748,0,2000.0,-1,56.0378360748,0.0,2,0.0,14,15675.40233217248,UNSAT,,56.073,
114,26,128,4.19092488289,0,2000.0,-1,4.19092488289,0.0,1,0.0,14,15679.59325705537,SAT,,4.224,
115,26,43,3.58966493607,0,2000.0,-1,3.58966493607,0.0,1,0.0,14,15683.18292199144,SAT,,3.618,
116,26,146,20.1254138947,0,2000.0,-1,20.1254138947,0.0,1,0.0,14,15703.30833588614,SAT,,20.172,
117,26,23,6.63036394119,0,2000.0,-1,6.63036394119,0.0,2,0.0,14,15709.938699827331,UNSAT,,6.652,
118,26,130,4.3748049736,0,2000.0,-1,4.3748049736,0.0,1,0.0,14,15714.313504800932,SAT,,4.401,
119,26,19,6.40734004974,0,2000.0,-1,6.40734004974,0.0,2,0.0,14,15720.720844850672,UNSAT,,6.432,
120,26,12,5.4369828701,0,2000.0,-1,5.4369828701,0.0,2,0.0,14,15726.157827720772,UNSAT,,5.476,
121,26,87,5.24888515472,0,2000.0,-1,5.24888515472,0.0,1,0.0,14,15731.406712875492,SAT,,5.281,
122,26,127,4.84024405479,0,2000.0,-1,4.84024405479,0.0,1,0.0,14,15736.246956930283,SAT,,4.878,
123,26,103,438.746606827,0,2000.0,-1,438.746606827,0.0,1,0.0,14,16174.993563757283,SAT,,438.781,
124,26,129,4.54413199425,0,2000.0,-1,4.54413199425,0.0,1,0.0,15,16179.537695751533,SAT,,4.576,
125,22,117,6.33360099792,0,4.057275493043662,-1,6.33360099792,0.0,1,0.0,15,16185.871296749452,SAT,,6.369,
126,26,106,4.49384784698,0,2000.0,-1,4.49384784698,0.0,1,0.0,15,16190.365144596431,SAT,,4.528,
127,27,43,3.69528198242,0,5.669165484952926,-1,3.69528198242,0.0,1,0.0,15,16194.060426578852,SAT,,3.738,
128,26,144,522.510138988,0,2000.0,-1,522.510138988,0.0,1,0.0,16,16716.57056556685,SAT,,522.545,
129,28,146,13.843280077,0,27.165638830858473,-1,13.843280077,0.0,1,0.0,16,16730.41384564385,SAT,,13.93,
130,28,43,6.94937086105,0,20.960871678191424,-1,6.94937086105,0.0,1,0.0,16,16737.3632165049,SAT,,6.989,
131,28,33,12.6784808636,0,11.926688522446156,-1,12.6784808636,0.0,1,0.0,16,16750.0416973685,SAT,,12.698,
132,26,90,4.26835489273,0,2000.0,-1,4.26835489273,0.0,1,0.0,16,16754.31005226123,SAT,,4.305,
133,29,19,10.5503787994,0,9.332142386931181,-1,10.5503787994,0.0,2,0.0,16,16764.860431060628,UNSAT,,10.589,
