Run Number,Run History Configuration ID,Instance ID,Response Value (y),Censored?,Cutoff Time Used,Seed,Runtime,Run Length,Run Result Code,Run Quality,SMAC Iteration,SMAC Cumulative Runtime,Run Result,Additional Algorithm Run Data,Wall Clock Time,
1,1,1793,908.169570923,0,2000.0,-1,908.169570923,0.0,1,0.0,0,908.169570923,SAT,,908.347,
2,1,2242,1361.97160721,0,2000.0,-1,1361.97160721,0.0,1,0.0,1,2270.141178133,SAT,,1362.071,
3,2,2242,1921.51998281,0,1771.565689973879,-1,1921.51998281,0.0,1,0.0,1,4191.661160943,SAT,,1921.595,
4,1,720,7.01884794235,0,2000.0,-1,7.01884794235,0.0,1,0.0,1,4198.68000888535,SAT,,7.066,
5,3,2242,1283.35964012,0,1771.565689973879,-1,1283.35964012,0.0,1,0.0,1,5482.03964900535,SAT,,1283.407,
6,3,720,6.71773695946,0,1292.9457025494157,-1,6.71773695946,0.0,1,0.0,1,5488.75738596481,SAT,,6.783,
7,3,1793,769.21599102,0,1284.212644666779,-1,769.21599102,0.0,1,0.0,1,6257.97337698481,SAT,,769.254,
8,3,2663,461.360857964,0,2000.0,-1,461.360857964,0.0,1,0.0,2,6719.33423494881,SAT,,461.631,
9,4,2663,1815.17013907,0,600.77171548118,-1,1815.17013907,0.0,1,0.0,2,8534.50437401881,SAT,,1815.233,
10,3,2418,992.549324989,0,2000.0,-1,992.549324989,0.0,1,0.0,2,9527.05369900781,SAT,,992.587,
11,5,2242,1385.96947384,0,1669.3701326738776,-1,1385.96947384,0.0,1,0.0,2,10913.02317284781,SAT,,1386.072,
12,3,1006,5.06495499611,0,2000.0,-1,5.06495499611,0.0,1,0.0,3,10918.088127843921,SAT,,5.13,
13,6,2418,1811.53900003,0,1291.3167232539236,-1,1811.53900003,0.0,1,0.0,3,12729.62712787392,SAT,,1811.598,
14,3,277,330.490138054,0,2000.0,-1,330.490138054,0.0,1,0.0,3,13060.11726592792,SAT,,330.523,
15,7,2418,1812.40478396,0,1291.3167232539236,-1,1812.40478396,0.0,1,0.0,3,14872.52204988792,SAT,,1812.586,
16,3,2271,1436.03418708,0,2000.0,-1,1436.03418708,0.0,1,0.0,4,16308.556236967921,SAT,,1436.125,
17,8,2663,1815.51643205,0,600.77171548118,-1,1815.51643205,0.0,1,0.0,4,18124.07266901792,SAT,,1815.612,
18,3,639,24.7775731087,0,2000.0,-1,24.7775731087,0.0,1,0.0,4,18148.85024212662,SAT,,24.848,
19,9,2418,1810.5354929,0,1291.3167232539236,-1,1810.5354929,0.0,1,0.0,4,19959.38573502662,SAT,,1810.585,
20,3,2068,1852.91347599,0,2000.0,-1,1852.91347599,0.0,1,0.0,5,21812.29921101662,SAT,,1852.959,
21,10,720,4.99368977547,0,9.735658195215464,-1,4.99368977547,0.0,1,0.0,5,21817.29290079209,SAT,,5.049,
22,10,2068,1849.4904511,0,2000.0,-1,1849.4904511,0.0,1,0.0,5,23666.78335189209,SAT,,1849.538,
23,10,1006,3.89379906654,0,14.280835435140133,-1,3.89379906654,0.0,1,0.0,5,23670.67715095863,SAT,,3.993,
24,10,2418,1812.11949396,0,2000.0,-1,1812.11949396,0.0,1,0.0,5,25482.796644918628,SAT,,1812.156,
25,10,2663,1816.33730888,0,575.743625861007,-1,1816.33730888,0.0,1,0.0,5,27299.133953798628,SAT,,1816.414,
26,3,406,1258.26546788,0,2000.0,-1,1258.26546788,0.0,1,0.0,5,28557.399421678627,SAT,,1258.321,
27,11,639,5.62091493607,0,33.213445905941725,-1,5.62091493607,0.0,1,0.0,5,28563.020336614696,SAT,,5.716,
28,11,277,20.8302381039,0,1745.8601580824436,-1,20.8302381039,0.0,1,0.0,5,28583.850574718595,SAT,,20.853,
29,11,2418,1815.25292301,0,1718.7808483730735,-1,1815.25292301,0.0,1,0.0,5,30399.103497728596,SAT,,1815.301,
30,3,2106,1304.25837898,0,2000.0,-1,1304.25837898,0.0,1,0.0,6,31703.361876708597,SAT,,1304.333,
31,12,2106,1806.17210388,0,1696.5384932126583,-1,1806.17210388,0.0,1,0.0,6,33509.533980588596,SAT,,1806.373,
32,3,1365,1228.09238505,0,2000.0,-1,1228.09238505,0.0,1,0.0,6,34737.62636563859,SAT,,1228.13,
33,13,1793,1315.98712993,0,1000.9833883385837,-1,1315.98712993,0.0,1,0.0,6,36053.61349556859,SAT,,1316.093,
34,3,2084,1304.67411399,0,2000.0,-1,1304.67411399,0.0,1,0.0,7,37358.28760955859,SAT,,1304.772,
35,14,2106,1806.13164306,0,1696.5384932126583,-1,1806.13164306,0.0,1,0.0,7,39164.41925261859,SAT,,1806.243,
36,3,2601,1014.73916793,0,2000.0,-1,1014.73916793,0.0,1,0.0,7,40179.158420548585,SAT,,1014.824,
37,15,2242,1914.58427286,0,1669.3701326738776,-1,1914.58427286,0.0,1,0.0,7,42093.74269340858,SAT,,1914.663,
38,3,559,5.60622692108,0,2000.0,-1,5.60622692108,0.0,1,0.0,8,42099.34892032966,SAT,,5.644,
39,16,559,2000.0,0,8.29069613327384,-1,165.9745,0.0,-1,1.0E9,8,42265.32342032966,CRASHED,Run Exceeded Captime -- Treating as CRASHED;Killed Manually,174.71,
40,3,2498,2523.81709814,0,2000.0,-1,2523.81709814,0.0,1,0.0,8,44789.14051846966,SAT,,2524.024,
41,17,2084,1851.33744192,0,1697.0789486434044,-1,1851.33744192,0.0,1,0.0,8,46640.47796038966,SAT,,1851.429,
42,3,95,348.557070971,0,2000.0,-1,348.557070971,0.0,1,0.0,9,46989.03503136066,SAT,,348.653,
43,18,1006,4.45940494537,0,7.5870417881488805,-1,4.45940494537,0.0,1,0.0,9,46993.494436306035,SAT,,4.565,
44,18,406,1573.34197402,0,2000.0,-1,1573.34197402,0.0,1,0.0,9,48566.83641032603,SAT,,1573.387,
45,18,2068,1849.23796892,0,2000.0,-1,1849.23796892,0.0,1,0.0,9,50416.074379246034,SAT,,1849.295,
46,3,2446,1014.52600098,0,2000.0,-1,1014.52600098,0.0,1,0.0,9,51430.60038022603,SAT,,1014.574,
47,19,406,1805.13056302,0,1636.7477090920986,-1,1805.13056302,0.0,1,0.0,9,53235.73094324603,SAT,,1805.24,
48,3,266,1078.8735671,0,2000.0,-1,1078.8735671,0.0,1,0.0,10,54314.604510346035,SAT,,1078.933,
49,20,406,7.78070998192,0,1636.7477090920986,-1,7.78070998192,0.0,1,0.0,10,54322.38522032795,SAT,,7.835,
50,20,2663,1814.27900815,0,2000.0,-1,1814.27900815,0.0,1,0.0,10,56136.66422847795,SAT,,1814.321,
51,20,2271,274.886212111,0,1734.6862343031646,-1,274.886212111,0.0,1,0.0,10,56411.55044058895,SAT,,274.942,
52,20,2418,1813.97627401,0,2000.0,-1,1813.97627401,0.0,1,0.0,10,58225.52671459895,SAT,,1814.005,
53,20,1793,524.114528894,0,2000.0,-1,524.114528894,0.0,1,0.0,10,58749.64124349295,SAT,,524.321,
54,20,2446,1948.2641902,0,2000.0,-1,1948.2641902,0.0,1,0.0,10,60697.905433692955,SAT,,1948.306,
55,20,2242,2152.36082387,0,1082.6241116862475,-1,2152.36082387,0.0,1,0.0,10,62850.26625756295,SAT,,2152.443,
56,3,2728,1100.3072021,0,2000.0,-1,1100.3072021,0.0,2,0.0,10,63950.57345966295,UNSAT,,1100.368,
57,21,720,2000.0,0,9.735658195215464,-1,97.84334999999999,0.0,-1,1.0E9,10,64048.41680966295,CRASHED,Run Exceeded Captime -- Treating as CRASHED;Killed Manually,102.993,
58,3,1341,6436.21652412,0,2000.0,-1,6436.21652412,0.0,1,0.0,11,70484.63333378296,SAT,,6436.263,
59,22,2728,1379.68138504,0,1431.4019628692151,-1,1379.68138504,0.0,2,0.0,11,71864.31471882296,UNSAT,,1379.766,
60,3,563,1810.83854008,0,2000.0,-1,1810.83854008,0.0,1,0.0,11,73675.15325890297,SAT,,1810.907,
61,23,2498,2202.96731496,0,2000.0,-1,2202.96731496,0.0,1,0.0,11,75878.12057386297,SAT,,2203.052,
62,23,2601,1765.75791812,0,2000.0,-1,1765.75791812,0.0,1,0.0,11,77643.87849198296,SAT,,1765.784,
63,23,1341,7363.09758401,0,2000.0,-1,7363.09758401,0.0,1,0.0,11,85006.97607599296,SAT,,7363.175,
64,3,225,8.20572113991,0,2000.0,-1,8.20572113991,0.0,1,0.0,12,85015.18179713287,SAT,,8.276,
65,24,2728,293.269723892,0,1431.4019628692151,-1,293.269723892,0.0,2,0.0,12,85308.45152102486,UNSAT,,293.357,
66,24,2084,1846.533602,0,2000.0,-1,1846.533602,0.0,1,0.0,12,87154.98512302486,SAT,,1846.573,
67,24,277,14.5445299149,0,775.3737670261145,-1,14.5445299149,0.0,1,0.0,12,87169.52965293976,SAT,,14.601,
68,24,720,5.16508293152,0,2000.0,-1,5.16508293152,0.0,1,0.0,12,87174.69473587128,SAT,,5.187,
69,24,639,4.74268388748,0,2000.0,-1,4.74268388748,0.0,1,0.0,12,87179.43741975876,SAT,,4.775,
70,24,95,55.0339460373,0,2000.0,-1,55.0339460373,0.0,1,0.0,12,87234.47136579607,SAT,,55.069,
71,24,2068,1853.25023007,0,2000.0,-1,1853.25023007,0.0,1,0.0,12,89087.72159586607,SAT,,1853.288,
72,24,2242,2591.19664097,0,2000.0,-1,2591.19664097,0.0,1,0.0,12,91678.91823683606,SAT,,2591.31,
73,24,2418,1813.42926407,0,2000.0,-1,1813.42926407,0.0,1,0.0,12,93492.34750090606,SAT,,1813.503,
74,24,2663,1918.06500602,0,2000.0,-1,1918.06500602,0.0,1,0.0,12,95410.41250692606,SAT,,1918.136,
75,24,1365,1808.13258696,0,2000.0,-1,1808.13258696,0.0,1,0.0,12,97218.54509388606,SAT,,1808.207,
76,24,559,6.07017612457,0,1581.778562710035,-1,6.07017612457,0.0,1,0.0,12,97224.61527001063,SAT,,6.107,
77,24,2106,1806.77259684,0,1573.8873337287189,-1,1806.77259684,0.0,1,0.0,12,99031.38786685064,SAT,,1806.802,
78,3,2474,1503.32043815,0,2000.0,-1,1503.32043815,0.0,1,0.0,12,100534.70830500063,SAT,,1503.364,
79,25,2728,1015.52028298,0,1431.4019628692151,-1,1015.52028298,0.0,2,0.0,12,101550.22858798063,UNSAT,,1015.629,
80,25,277,305.349478006,0,548.153470073241,-1,305.349478006,0.0,1,0.0,12,101855.57806598663,SAT,,305.398,
81,25,559,5.90272903442,0,151.1991480257094,-1,5.90272903442,0.0,1,0.0,12,101861.48079502105,SAT,,5.963,
82,25,95,732.49947691,0,2000.0,-1,732.49947691,0.0,1,0.0,12,102593.98027193105,SAT,,732.527,
83,25,1006,4.47242498398,0,1351.5684911872925,-1,4.47242498398,0.0,1,0.0,12,102598.45269691503,SAT,,4.533,
84,25,2242,1914.288311,0,1345.7543396282674,-1,1914.288311,0.0,1,0.0,12,104512.74100791503,SAT,,1914.315,
85,3,804,484.902761936,0,2000.0,-1,484.902761936,0.0,1,0.0,13,104997.64376985103,SAT,,484.941,
86,26,2446,1138.11278105,0,1319.8864018436252,-1,1138.11278105,0.0,1,0.0,13,106135.75655090103,SAT,,1138.204,
87,3,458,1805.67076802,0,2000.0,-1,1805.67076802,0.0,1,0.0,13,107941.42731892104,SAT,,1805.733,
88,27,2663,1815.63381505,0,600.77171548118,-1,1815.63381505,0.0,1,0.0,13,109757.06113397103,SAT,,1815.704,
89,3,2544,1161.60223198,0,2000.0,-1,1161.60223198,0.0,1,0.0,14,110918.66336595103,SAT,,1161.664,
90,28,1341,6463.00905299,0,2000.0,-1,6463.00905299,0.0,1,0.0,14,117381.67241894103,SAT,,6463.165,
91,3,135,278.759168863,0,2000.0,-1,278.759168863,0.0,1,0.0,14,117660.43158780404,SAT,,278.798,
92,29,266,30.6976900101,0,1403.5382377806784,-1,30.6976900101,0.0,1,0.0,14,117691.12927781414,SAT,,30.77,
93,29,559,19.1392889023,0,2000.0,-1,19.1392889023,0.0,1,0.0,14,117710.26856671643,SAT,,19.178,
94,29,2446,1862.00767803,0,2000.0,-1,1862.00767803,0.0,1,0.0,14,119572.27624474643,SAT,,1862.051,
95,29,2084,1974.06911588,0,2000.0,-1,1974.06911588,0.0,1,0.0,14,121546.34536062644,SAT,,1974.109,
96,29,2242,1921.65747809,0,2000.0,-1,1921.65747809,0.0,1,0.0,14,123468.00283871643,SAT,,1921.735,
97,29,2474,1851.07975197,0,2000.0,-1,1851.07975197,0.0,1,0.0,14,125319.08259068643,SAT,,1851.177,
98,29,1341,7828.03078699,0,2000.0,-1,7828.03078699,0.0,1,0.0,14,133147.11337767643,SAT,,7828.16,
99,3,42,2309.76689005,0,2000.0,-1,2309.76689005,0.0,2,0.0,15,135456.88026772643,UNSAT,,2309.892,
100,30,135,659.575742006,0,363.3895205225527,-1,659.575742006,0.0,1,0.0,15,136116.45600973244,SAT,,659.696,
101,3,1304,1588.31662512,0,2000.0,-1,1588.31662512,0.0,1,0.0,15,137704.77263485244,SAT,,1588.39,
102,31,2728,1823.71432209,0,1431.4019628692151,-1,1823.71432209,0.0,2,0.0,15,139528.48695694245,UNSAT,,1823.818,
103,3,1970,1819.2332561,0,2000.0,-1,1819.2332561,0.0,1,0.0,16,141347.72021304246,SAT,,1819.27,
104,32,804,422.547008991,0,631.3761907521367,-1,422.547008991,0.0,1,0.0,16,141770.26722203346,SAT,,422.635,
105,32,1970,1818.69737411,0,2000.0,-1,1818.69737411,0.0,1,0.0,16,143588.96459614346,SAT,,1818.766,
106,32,266,1004.62543297,0,1485.2999628413202,-1,1004.62543297,0.0,1,0.0,16,144593.59002911346,SAT,,1004.663,
107,32,95,711.31851387,0,1940.6859481598915,-1,711.31851387,0.0,1,0.0,16,145304.90854298347,SAT,,711.36,
108,32,559,5.94718599319,0,1015.9718795571208,-1,5.94718599319,0.0,1,0.0,16,145310.85572897666,SAT,,6.03,
109,32,225,6.51493692398,0,1008.2405381727696,-1,6.51493692398,0.0,1,0.0,16,145317.37066590064,SAT,,6.534,
110,32,2418,1813.76900387,0,999.7711192708194,-1,1813.76900387,0.0,1,0.0,16,147131.13966977064,SAT,,1813.81,
111,3,1886,10490.1706841,0,2000.0,-1,10490.1706841,0.0,1,0.0,16,157621.31035387065,SAT,,10490.252,
112,33,458,10.4360239506,0,2000.0,-1,10.4360239506,0.0,1,0.0,16,157631.74637782126,SAT,,10.57,
113,33,135,5.54166293144,0,2000.0,-1,5.54166293144,0.0,1,0.0,16,157637.2880407527,SAT,,5.581,
114,33,2106,1806.85610795,0,2000.0,-1,1806.85610795,0.0,1,0.0,16,159444.1441487027,SAT,,1806.874,
115,33,277,16.9934408665,0,2000.0,-1,16.9934408665,0.0,1,0.0,16,159461.1375895692,SAT,,17.037,
116,33,559,5.27132081985,0,2000.0,-1,5.27132081985,0.0,1,0.0,16,159466.40891038906,SAT,,5.304,
117,33,2084,582.128496885,0,2000.0,-1,582.128496885,0.0,1,0.0,16,160048.53740727407,SAT,,582.159,
118,33,2544,1813.17793703,0,2000.0,-1,1813.17793703,0.0,1,0.0,16,161861.71534430407,SAT,,1813.229,
119,33,2601,1814.76502395,0,2000.0,-1,1814.76502395,0.0,1,0.0,16,163676.48036825407,SAT,,1814.942,
120,33,2446,2296.40488887,0,2000.0,-1,2296.40488887,0.0,1,0.0,16,165972.88525712406,SAT,,2296.462,
