Run Number,Run History Configuration ID,Instance ID,Response Value (y),Censored?,Cutoff Time Used,Seed,Runtime,Run Length,Run Result Code,Run Quality,SMAC Iteration,SMAC Cumulative Runtime,Run Result,Additional Algorithm Run Data,Wall Clock Time,
1,1,2206,2536.65601802,0,2000.0,-1,2536.65601802,0.0,1,0.0,0,2536.65601802,SAT,,2544.687,
2,1,1230,1840.69828391,0,2000.0,-1,1840.69828391,0.0,2,0.0,1,4377.35430193,UNSAT,,1840.753,
3,2,2206,2635.72371602,0,2000.0,-1,2635.72371602,0.0,1,0.0,1,7013.07801795,SAT,,2636.764,
4,1,2134,1901.75841403,0,2000.0,-1,1901.75841403,0.0,1,0.0,1,8914.83643198,SAT,,1902.765,
5,3,2134,1896.57218313,0,2000.0,-1,1896.57218313,0.0,1,0.0,1,10811.40861511,SAT,,1896.733,
6,3,2206,2640.19241691,0,2000.0,-1,2640.19241691,0.0,1,0.0,1,13451.60103202,SAT,,2646.988,
7,3,1230,557.818258047,0,1054.6818847659706,-1,557.818258047,0.0,2,0.0,1,14009.419290067,UNSAT,,558.027,
8,3,509,55.4636659622,0,2000.0,-1,55.4636659622,0.0,1,0.0,2,14064.8829560292,SAT,,56.912,
9,4,2206,2660.28001213,0,2000.0,-1,2660.28001213,0.0,1,0.0,2,16725.1629681592,SAT,,2661.053,
10,3,2265,5340.72217798,0,2000.0,-1,5340.72217798,0.0,1,0.0,2,22065.885146139197,SAT,,5345.316,
11,5,509,2000.0,0,73.10536623780727,-1,732.2486,0.0,-1,1.0E9,2,22798.133746139196,CRASHED,Run Exceeded Captime -- Treating as CRASHED;Killed Manually,770.788,
12,3,896,38.1136689186,0,2000.0,-1,38.1136689186,0.0,1,0.0,3,22836.247415057795,SAT,,38.822,
13,6,2134,1906.68491602,0,2000.0,-1,1906.68491602,0.0,1,0.0,3,24742.932331077795,SAT,,1907.781,
14,3,1022,57.5882411003,0,2000.0,-1,57.5882411003,0.0,1,0.0,3,24800.520572178095,SAT,,58.796,
15,7,1230,1844.40330696,0,726.1663359481573,-1,1844.40330696,0.0,2,0.0,3,26644.923879138096,UNSAT,,1845.906,
16,3,535,56.8858261108,0,2000.0,-1,56.8858261108,0.0,1,0.0,4,26701.809705248896,SAT,,57.127,
17,8,2134,1911.93415213,0,2000.0,-1,1911.93415213,0.0,1,0.0,4,28613.743857378897,SAT,,1912.299,
18,3,727,41.9369430542,0,2000.0,-1,41.9369430542,0.0,1,0.0,4,28655.680800433096,SAT,,42.501,
19,9,1022,2000.0,0,75.86731369455457,-1,759.4072,0.0,-1,1.0E9,4,29415.088000433097,CRASHED,Run Exceeded Captime -- Treating as CRASHED;Killed Manually,799.376,
20,3,285,52.1952190399,0,2000.0,-1,52.1952190399,0.0,1,0.0,5,29467.283219472996,SAT,,52.819,
21,10,2206,2750.05873394,0,2000.0,-1,2750.05873394,0.0,1,0.0,5,32217.341953412997,SAT,,2750.366,
22,3,1805,512.391058922,0,2000.0,-1,512.391058922,0.0,1,0.0,5,32729.733012334997,SAT,,513.217,
23,11,727,39.9248321056,0,55.520626612353325,-1,39.9248321056,0.0,1,0.0,5,32769.6578444406,SAT,,40.588,
24,11,1805,1905.33930397,0,2000.0,-1,1905.33930397,0.0,1,0.0,5,34674.9971484106,SAT,,1905.771,
25,11,2134,1905.64959216,0,658.3320639919222,-1,1905.64959216,0.0,1,0.0,5,36580.6467405706,SAT,,1905.845,
26,3,2024,7070.42708397,0,2000.0,-1,7070.42708397,0.0,1,0.0,6,43651.073824540596,SAT,,7078.615,
27,12,2134,1907.74498391,0,2000.0,-1,1907.74498391,0.0,1,0.0,6,45558.8188084506,SAT,,1909.364,
28,3,1710,445.375205994,0,2000.0,-1,445.375205994,0.0,2,0.0,6,46004.1940144446,UNSAT,,446.64,
29,13,285,45.5182728767,0,68.85638543252945,-1,45.5182728767,0.0,1,0.0,6,46049.7122873213,SAT,,46.043,
30,13,1710,1842.06825304,0,663.537711639303,-1,1842.06825304,0.0,2,0.0,6,47891.7805403613,UNSAT,,1845.51,
31,3,743,67.9174530506,0,2000.0,-1,67.9174530506,0.0,1,0.0,7,47959.6979934119,SAT,,68.719,
32,14,2265,6614.01346803,0,2000.0,-1,6614.01346803,0.0,1,0.0,7,54573.7114614419,SAT,,6614.973,
33,3,2357,1907.00237703,0,2000.0,-1,1907.00237703,0.0,1,0.0,7,56480.7138384719,SAT,,1908.077,
34,15,2357,1904.62715101,0,2000.0,-1,1904.62715101,0.0,1,0.0,7,58385.3409894819,SAT,,1905.152,
35,15,535,59.5456650257,0,145.89835357700588,-1,59.5456650257,0.0,1,0.0,7,58444.886654507594,SAT,,60.582,
36,15,285,42.5106930733,0,68.48898901452422,-1,42.5106930733,0.0,1,0.0,7,58487.397347580896,SAT,,42.899,
37,15,727,132.115063906,0,2000.0,-1,132.115063906,0.0,1,0.0,7,58619.512411486896,SAT,,132.367,
38,15,2134,1912.80363297,0,2000.0,-1,1912.80363297,0.0,1,0.0,7,60532.31604445689,SAT,,1913.037,
39,15,509,112.462529898,0,2000.0,-1,112.462529898,0.0,1,0.0,7,60644.778574354896,SAT,,112.536,
40,15,2265,6234.39254594,0,2000.0,-1,6234.39254594,0.0,1,0.0,7,66879.1711202949,SAT,,6234.687,
41,3,2034,1943.56364393,0,2000.0,-1,1943.56364393,0.0,1,0.0,8,68822.7347642249,SAT,,1944.716,
42,16,2357,1904.25889492,0,2000.0,-1,1904.25889492,0.0,1,0.0,8,70726.9936591449,SAT,,1904.601,
43,16,896,39.1377909184,0,2000.0,-1,39.1377909184,0.0,1,0.0,8,70766.13145006329,SAT,,39.827,
44,16,2134,1921.81533694,0,2000.0,-1,1921.81533694,0.0,1,0.0,8,72687.94678700328,SAT,,1922.951,
45,3,2641,929.218240976,0,2000.0,-1,929.218240976,0.0,1,0.0,8,73617.16502797928,SAT,,936.818,
46,17,285,67.2425889969,0,68.85638543252945,-1,67.2425889969,0.0,1,0.0,8,73684.40761697618,SAT,,68.459,
