Run Number,Run History Configuration ID,Instance ID,Response Value (y),Censored?,Cutoff Time Used,Seed,Runtime,Run Length,Run Result Code,Run Quality,SMAC Iteration,SMAC Cumulative Runtime,Run Result,Additional Algorithm Run Data,Wall Clock Time,
1,1,29,9.35403895378,0,2000.0,-1,9.35403895378,0.0,2,0.0,0,9.35403895378,UNSAT,,9.461,
2,1,73,4.21695709229,0,2000.0,-1,4.21695709229,0.0,2,0.0,1,13.57099604607,UNSAT,,4.325,
3,2,29,2000.0,0,13.162851136523486,-1,132.15925000000001,0.0,-1,1.0E9,1,145.73024604607002,CRASHED,Run Exceeded Captime -- Treating as CRASHED;Killed Manually,139.115,
4,1,1,4.62633395195,0,2000.0,-1,4.62633395195,0.0,2,0.0,1,150.35657999802,UNSAT,,4.67,
5,3,73,4.21750283241,0,6.484644290405512,-1,4.21750283241,0.0,2,0.0,1,154.57408283043,UNSAT,,4.276,
6,1,72,4.1487159729,0,2000.0,-1,4.1487159729,0.0,2,0.0,2,158.72279880333,UNSAT,,4.238,
7,4,73,5.32238984108,0,6.484644290405512,-1,5.32238984108,0.0,2,0.0,2,164.04518864441,UNSAT,,5.354,
8,1,48,4.3556098938,0,2000.0,-1,4.3556098938,0.0,1,0.0,2,168.40079853820998,SAT,,4.455,
9,5,48,18.3246309757,0,6.6648937653481966,-1,18.3246309757,0.0,1,0.0,2,186.72542951390997,SAT,,18.375,
10,1,156,1898.91805482,0,2000.0,-1,1898.91805482,0.0,2,0.0,3,2085.64348433391,UNSAT,,1898.946,
11,6,72,4.79704189301,0,6.395931251692772,-1,4.79704189301,0.0,2,0.0,3,2090.4405262269197,UNSAT,,4.997,
12,1,35,101.700182915,0,2000.0,-1,101.700182915,0.0,1,0.0,3,2192.1407091419196,SAT,,101.741,
13,7,29,51.7881579399,0,13.162851136523486,-1,51.7881579399,0.0,2,0.0,3,2243.9288670818196,UNSAT,,51.832,
14,1,25,7.7638399601,0,2000.0,-1,7.7638399601,0.0,2,0.0,4,2251.6927070419197,UNSAT,,7.845,
15,8,73,4.57794618607,0,6.484644290405512,-1,4.57794618607,0.0,2,0.0,4,2256.27065322799,UNSAT,,4.624,
16,1,22,6.45220303535,0,2000.0,-1,6.45220303535,0.0,2,0.0,4,2262.72285626334,UNSAT,,6.491,
17,9,29,12.4772839546,0,13.162851136523486,-1,12.4772839546,0.0,2,0.0,4,2275.20014021794,UNSAT,,12.523,
18,1,84,65.724063158,0,2000.0,-1,65.724063158,0.0,1,0.0,5,2340.9242033759397,SAT,,65.762,
19,10,29,13.3983039856,0,13.162851136523486,-1,13.3983039856,0.0,2,0.0,5,2354.3225073615395,UNSAT,,13.43,
20,1,16,5.23059988022,0,2000.0,-1,5.23059988022,0.0,2,0.0,5,2359.5531072417593,UNSAT,,5.256,
21,11,1,7.40376901627,0,7.016834140169621,-1,7.40376901627,0.0,2,0.0,5,2366.9568762580293,UNSAT,,7.438,
22,1,122,3.79133892059,0,2000.0,-1,3.79133892059,0.0,1,0.0,6,2370.7482151786194,SAT,,3.943,
23,12,1,4.95295882225,0,7.016834140169621,-1,4.95295882225,0.0,2,0.0,6,2375.7011740008693,UNSAT,,4.979,
24,1,31,5.28613305092,0,2000.0,-1,5.28613305092,0.0,2,0.0,6,2380.9873070517892,UNSAT,,5.334,
25,13,22,5.94094800949,0,9.390463948595524,-1,5.94094800949,0.0,2,0.0,6,2386.9282550612793,UNSAT,,5.987,
26,13,25,11.4629340172,0,23.923074536371235,-1,11.4629340172,0.0,2,0.0,6,2398.3911890784793,UNSAT,,11.498,
27,13,29,2000.0,0,9.021259926605225,-1,90.81145,0.0,-1,1.0E9,6,2489.2026390784795,CRASHED,Run Exceeded Captime -- Treating as CRASHED;Killed Manually,95.591,
28,1,111,4.33766007423,0,2000.0,-1,4.33766007423,0.0,1,0.0,7,2493.5402991527094,SAT,,4.377,
29,14,22,6.64223313332,0,9.390463948595524,-1,6.64223313332,0.0,2,0.0,7,2500.1825322860295,UNSAT,,6.684,
30,1,61,6.91170597076,0,2000.0,-1,6.91170597076,0.0,1,0.0,7,2507.0942382567896,SAT,,7.047,
31,15,72,4.59436202049,0,6.395931251692772,-1,4.59436202049,0.0,2,0.0,7,2511.6886002772794,UNSAT,,4.631,
32,1,121,3.86605000496,0,2000.0,-1,3.86605000496,0.0,1,0.0,8,2515.5546502822394,SAT,,3.983,
33,16,111,5.60723495483,0,6.641558360654116,-1,5.60723495483,0.0,1,0.0,8,2521.1618852370693,SAT,,5.656,
34,1,28,5.33134388924,0,2000.0,-1,5.33134388924,0.0,2,0.0,8,2526.4932291263094,UNSAT,,5.445,
35,17,29,2000.0,0,13.162851136523486,-1,132.1412,0.0,-1,1.0E9,8,2658.6344291263094,CRASHED,Run Exceeded Captime -- Treating as CRASHED;Killed Manually,139.096,
36,1,60,8.61069703102,0,2000.0,-1,8.61069703102,0.0,1,0.0,9,2667.2451261573297,SAT,,8.668,
37,18,121,4.66770601273,0,6.0284658226847645,-1,4.66770601273,0.0,1,0.0,9,2671.9128321700596,SAT,,4.707,
38,1,126,3.68307995796,0,2000.0,-1,3.68307995796,0.0,1,0.0,9,2675.59591212802,SAT,,3.706,
39,19,25,5.73873400688,0,11.095592648136616,-1,5.73873400688,0.0,2,0.0,9,2681.3346461348997,UNSAT,,5.782,
40,19,73,10.1963610649,0,14.513213642287255,-1,10.1963610649,0.0,2,0.0,9,2691.5310071997997,UNSAT,,10.235,
41,19,72,7.19554686546,0,1.257943444299698,-1,7.19554686546,0.0,2,0.0,9,2698.7265540652597,UNSAT,,7.239,
42,1,114,4.78248381615,0,2000.0,-1,4.78248381615,0.0,1,0.0,10,2703.5090378814098,SAT,,4.892,
43,20,31,6.03875017166,0,7.8745731044292455,-1,6.03875017166,0.0,2,0.0,10,2709.54778805307,UNSAT,,6.083,
44,1,66,1812.19259501,0,2000.0,-1,1812.19259501,0.0,2,0.0,10,4521.74038306307,UNSAT,,1812.331,
45,21,60,5.44415187836,0,12.19650701467991,-1,5.44415187836,0.0,1,0.0,10,4527.18453494143,SAT,,5.481,
46,21,73,4.88450598717,0,16.820982739675046,-1,4.88450598717,0.0,2,0.0,10,4532.0690409286,UNSAT,,4.931,
47,21,114,6.12908101082,0,10.471124191182852,-1,6.12908101082,0.0,1,0.0,10,4538.19812193942,SAT,,6.16,
48,21,121,4.56684088707,0,2000.0,-1,4.56684088707,0.0,1,0.0,10,4542.76496282649,SAT,,4.602,
49,21,156,1917.5967381,0,2000.0,-1,1917.5967381,0.0,2,0.0,10,6460.36170092649,UNSAT,,1917.618,
50,1,40,4.59916615486,0,2000.0,-1,4.59916615486,0.0,1,0.0,11,6464.9608670813495,SAT,,4.754,
51,22,29,8.68319201469,0,13.162851136523486,-1,8.68319201469,0.0,2,0.0,11,6473.644059096039,UNSAT,,8.74,
52,22,28,5.54665994644,0,14.47034207020998,-1,5.54665994644,0.0,2,0.0,11,6479.190719042479,UNSAT,,5.58,
53,22,48,3.79911494255,0,7.2596838589489465,-1,3.79911494255,0.0,1,0.0,11,6482.989833985029,SAT,,3.825,
54,22,60,4.38673591614,0,33.708517521965504,-1,4.38673591614,0.0,1,0.0,11,6487.376569901169,SAT,,4.419,
55,22,122,4.34531116486,0,28.0057606178999,-1,4.34531116486,0.0,1,0.0,11,6491.721881066029,SAT,,4.374,
56,22,31,5.03461003304,0,22.356856510388855,-1,5.03461003304,0.0,2,0.0,11,6496.756491099069,UNSAT,,5.062,
57,22,22,5.54865789413,0,15.811863903301955,-1,5.54865789413,0.0,2,0.0,11,6502.305148993199,UNSAT,,5.584,
58,22,73,3.75461602211,0,2000.0,-1,3.75461602211,0.0,2,0.0,11,6506.059765015309,UNSAT,,3.793,
59,22,35,98.2266688347,0,2000.0,-1,98.2266688347,0.0,1,0.0,11,6604.2864338500085,SAT,,98.271,
60,22,66,1812.03764987,0,2000.0,-1,1812.03764987,0.0,2,0.0,11,8416.324083720008,UNSAT,,1812.071,
61,22,126,4.33374810219,0,2000.0,-1,4.33374810219,0.0,1,0.0,11,8420.657831822198,SAT,,4.373,
62,22,16,6.18396306038,0,2000.0,-1,6.18396306038,0.0,2,0.0,11,8426.841794882579,UNSAT,,6.229,
63,22,25,8.26132893562,0,2000.0,-1,8.26132893562,0.0,2,0.0,11,8435.103123818199,UNSAT,,8.289,
64,22,111,4.69356393814,0,2000.0,-1,4.69356393814,0.0,1,0.0,11,8439.79668775634,SAT,,4.905,
65,22,156,1792.11281395,0,2000.0,-1,1792.11281395,0.0,2,0.0,11,10231.90950170634,UNSAT,,1792.15,
66,22,1,5.45275092125,0,272.6443850327015,-1,5.45275092125,0.0,2,0.0,11,10237.362252627589,UNSAT,,5.507,
67,22,121,4.68801021576,0,265.5558084960759,-1,4.68801021576,0.0,1,0.0,11,10242.050262843348,SAT,,4.731,
68,22,40,4.84043693542,0,259.4613959904492,-1,4.84043693542,0.0,1,0.0,11,10246.890699778767,SAT,,4.879,
69,22,72,3.85787701607,0,253.1688274707377,-1,3.85787701607,0.0,2,0.0,11,10250.748576794836,UNSAT,,3.895,
70,22,61,7.66227698326,0,248.1535872336209,-1,7.66227698326,0.0,1,0.0,11,10258.410853778096,SAT,,7.689,
71,22,114,5.07771587372,0,238.19262747501136,-1,5.07771587372,0.0,1,0.0,11,10263.488569651816,SAT,,5.102,
72,22,84,78.9766931534,0,231.59159672294857,-1,78.9766931534,0.0,1,0.0,11,10342.465262805215,SAT,,79.006,
73,22,100,7.44585800171,0,2000.0,-1,7.44585800171,0.0,2,0.0,11,10349.911120806926,UNSAT,,7.634,
74,23,48,4.2301659584,0,5.941450212496519,-1,4.2301659584,0.0,1,0.0,11,10354.141286765327,SAT,,4.274,
75,22,95,4.54415798187,0,2000.0,-1,4.54415798187,0.0,1,0.0,12,10358.685444747198,SAT,,4.586,
76,24,16,6.19615507126,0,9.04175256227255,-1,6.19615507126,0.0,2,0.0,12,10364.881599818458,UNSAT,,6.229,
77,22,69,5.12250494957,0,2000.0,-1,5.12250494957,0.0,2,0.0,12,10370.004104768028,UNSAT,,5.163,
78,25,29,6.3918299675,0,12.290750619369746,-1,6.3918299675,0.0,2,0.0,12,10376.395934735528,UNSAT,,6.44,
79,25,122,4.97268891335,0,14.571725286889077,-1,4.97268891335,0.0,1,0.0,12,10381.36862364888,SAT,,4.996,
80,25,48,4.72615695,0,8.107229777026177,-1,4.72615695,0.0,1,0.0,12,10386.09478059888,SAT,,4.754,
81,25,100,5.18483996391,0,2000.0,-1,5.18483996391,0.0,2,0.0,12,10391.27962056279,UNSAT,,5.208,
82,25,156,1598.3471179,0,2000.0,-1,1598.3471179,0.0,2,0.0,12,11989.62673846279,UNSAT,,1598.378,
83,25,31,4.77906703949,0,269.44977975298764,-1,4.77906703949,0.0,2,0.0,12,11994.40580550228,UNSAT,,4.827,
84,25,111,4.34368801117,0,263.23699279536606,-1,4.34368801117,0.0,1,0.0,12,11998.74949351345,SAT,,4.375,
85,25,66,1811.82491994,0,2000.0,-1,1811.82491994,0.0,2,0.0,12,13810.574413453449,UNSAT,,1811.864,
86,25,73,4.86610293388,0,518.2069808136404,-1,4.86610293388,0.0,2,0.0,12,13815.440516387329,UNSAT,,4.945,
87,25,60,4.85690999031,0,511.88104729016425,-1,4.85690999031,0.0,1,0.0,12,13820.29742637764,SAT,,4.88,
88,25,126,4.85029697418,0,505.567063566643,-1,4.85029697418,0.0,1,0.0,12,13825.14772335182,SAT,,4.876,
89,25,84,1801.982023,0,499.2616783719241,-1,1801.982023,0.0,1,0.0,12,15627.12974635182,SAT,,1802.02,
90,22,3,6.33974409103,0,2000.0,-1,6.33974409103,0.0,2,0.0,13,15633.46949044285,UNSAT,,6.397,
91,26,1,4.88051795959,0,8.091176849204302,-1,4.88051795959,0.0,2,0.0,13,15638.35000840244,UNSAT,,4.934,
92,26,122,19.812707901,0,13.30541333963275,-1,19.812707901,0.0,1,0.0,13,15658.162716303439,SAT,,19.844,
93,22,52,5.42576479912,0,2000.0,-1,5.42576479912,0.0,1,0.0,13,15663.588481102559,SAT,,5.461,
94,27,100,5.89429998398,0,10.682215530771018,-1,5.89429998398,0.0,2,0.0,13,15669.482781086539,UNSAT,,5.932,
95,27,3,4.90449595451,0,18.47455174510479,-1,4.90449595451,0.0,2,0.0,13,15674.387277041049,UNSAT,,4.948,
96,27,28,5.43054509163,0,12.098706316548586,-1,5.43054509163,0.0,2,0.0,13,15679.81782213268,UNSAT,,5.475,
97,27,29,59.7654669285,0,2000.0,-1,59.7654669285,0.0,2,0.0,13,15739.58328906118,UNSAT,,59.806,
98,27,114,1077.53921485,0,2000.0,-1,1077.53921485,0.0,1,0.0,13,16817.12250391118,SAT,,1077.582,
99,27,156,1153.65085077,0,2000.0,-1,1153.65085077,0.0,2,0.0,13,17970.77335468118,UNSAT,,1153.686,
100,27,66,1816.85683298,0,1730.0867889899494,-1,1816.85683298,0.0,2,0.0,13,19787.63018766118,UNSAT,,1816.951,
101,22,118,4.09418511391,0,2000.0,-1,4.09418511391,0.0,1,0.0,14,19791.72437277509,SAT,,4.123,
102,28,48,4.13643789291,0,5.941450212496519,-1,4.13643789291,0.0,1,0.0,14,19795.860810668,SAT,,4.213,
103,22,136,3.62612700462,0,2000.0,-1,3.62612700462,0.0,1,0.0,14,19799.48693767262,SAT,,3.669,
104,29,73,7.05393695831,0,5.883600831377506,-1,7.05393695831,0.0,2,0.0,14,19806.54087463093,UNSAT,,7.1,
105,22,105,17.468323946,0,2000.0,-1,17.468323946,0.0,1,0.0,15,19824.00919857693,SAT,,17.487,
106,30,136,3.36046600342,0,5.716565147387981,-1,3.36046600342,0.0,1,0.0,15,19827.36966458035,SAT,,3.403,
107,30,100,6.97018909454,0,16.04541529749632,-1,6.97018909454,0.0,2,0.0,15,19834.33985367489,UNSAT,,6.991,
108,30,72,3.84197306633,0,6.984170142906905,-1,3.84197306633,0.0,2,0.0,15,19838.18182674122,UNSAT,,3.895,
109,30,156,1769.31521797,0,2000.0,-1,1769.31521797,0.0,2,0.0,15,21607.49704471122,UNSAT,,1769.383,
110,30,105,25.3119590282,0,64.85537447814941,-1,25.3119590282,0.0,1,0.0,15,21632.80900373942,SAT,,25.338,
111,30,126,4.68697190285,0,31.94982659851313,-1,4.68697190285,0.0,1,0.0,15,21637.495975642272,SAT,,4.726,
112,30,73,4.29087400436,0,25.856764044958357,-1,4.29087400436,0.0,2,0.0,15,21641.786849646633,UNSAT,,4.323,
113,30,114,4.86513996124,0,78.40234449912906,-1,4.86513996124,0.0,1,0.0,15,21646.65198960787,SAT,,4.898,
114,30,3,5.71023106575,0,72.07766285945773,-1,5.71023106575,0.0,2,0.0,15,21652.36222067362,UNSAT,,5.754,
115,30,1,5.26075100899,0,64.65436237712503,-1,5.26075100899,0.0,2,0.0,15,21657.622971682613,UNSAT,,5.283,
116,30,28,5.80587005615,0,57.8153865303576,-1,5.80587005615,0.0,2,0.0,15,21663.42884173876,UNSAT,,5.827,
117,30,61,7.21669697762,0,50.26775485684276,-1,7.21669697762,0.0,1,0.0,15,21670.64553871638,SAT,,7.261,
118,30,60,5.17981791496,0,40.88604924117327,-1,5.17981791496,0.0,1,0.0,15,21675.82535663134,SAT,,5.205,
119,30,121,4.28991293907,0,34.1522861163795,-1,4.28991293907,0.0,1,0.0,15,21680.11526957041,SAT,,4.326,
120,30,22,5.67214298248,0,28.575399227786068,-1,5.67214298248,0.0,2,0.0,15,21685.78741255289,UNSAT,,5.704,
121,30,25,7.76440596581,0,2000.0,-1,7.76440596581,0.0,2,0.0,15,21693.5518185187,UNSAT,,7.807,
122,30,29,9.09040784836,0,2000.0,-1,9.09040784836,0.0,2,0.0,15,21702.64222636706,UNSAT,,9.128,
123,30,118,4.05371499062,0,2000.0,-1,4.05371499062,0.0,1,0.0,15,21706.69594135768,SAT,,4.095,
124,30,111,5.270581007,0,2000.0,-1,5.270581007,0.0,1,0.0,15,21711.96652236468,SAT,,5.307,
125,30,69,4.71005797386,0,2000.0,-1,4.71005797386,0.0,2,0.0,15,21716.676580338542,UNSAT,,4.75,
126,30,16,6.28054594994,0,2000.0,-1,6.28054594994,0.0,2,0.0,15,21722.957126288482,UNSAT,,6.312,
127,30,52,5.04609799385,0,2000.0,-1,5.04609799385,0.0,1,0.0,15,21728.003224282333,SAT,,5.076,
128,30,35,116.670649052,0,2000.0,-1,116.670649052,0.0,1,0.0,15,21844.673873334334,SAT,,116.708,
129,30,84,85.0619721413,0,2000.0,-1,85.0619721413,0.0,1,0.0,15,21929.735845475632,SAT,,85.102,
130,30,122,3.87084102631,0,2000.0,-1,3.87084102631,0.0,1,0.0,15,21933.606686501942,SAT,,3.898,
131,30,66,257.738357067,0,2000.0,-1,257.738357067,0.0,2,0.0,15,22191.34504356894,UNSAT,,257.788,
132,30,40,5.27235198021,0,2000.0,-1,5.27235198021,0.0,1,0.0,15,22196.61739554915,SAT,,5.3,
133,30,48,4.53035902977,0,2000.0,-1,4.53035902977,0.0,1,0.0,15,22201.14775457892,SAT,,4.554,
134,30,95,4.68370079994,0,2000.0,-1,4.68370079994,0.0,1,0.0,15,22205.83145537886,SAT,,4.766,
135,30,31,5.68692016602,0,2000.0,-1,5.68692016602,0.0,2,0.0,15,22211.518375544878,UNSAT,,5.708,
136,30,34,4.10737609863,0,2000.0,-1,4.10737609863,0.0,1,0.0,15,22215.625751643507,SAT,,4.172,
137,31,60,4.16213989258,0,7.736363437372447,-1,4.16213989258,0.0,1,0.0,15,22219.78789153609,SAT,,4.2,
138,31,25,7.35908007622,0,16.790516198027134,-1,7.35908007622,0.0,2,0.0,15,22227.14697161231,UNSAT,,7.391,
139,31,136,3.98777389526,0,7.223710965710879,-1,3.98777389526,0.0,1,0.0,15,22231.13474550757,SAT,,4.021,
140,31,3,6.10685610771,0,31.46991803159118,-1,6.10685610771,0.0,2,0.0,15,22237.241601615282,UNSAT,,6.135,
141,31,100,7.875207901,0,23.53100486879349,-1,7.875207901,0.0,2,0.0,15,22245.116809516283,UNSAT,,7.917,
142,31,95,4.18073701859,0,13.293234713721276,-1,4.18073701859,0.0,1,0.0,15,22249.29754653487,SAT,,4.223,
143,31,111,4.23662018776,0,7.858276822018624,-1,4.23662018776,0.0,1,0.0,15,22253.53416672263,SAT,,4.273,
144,31,16,4.71577000618,0,556.009486493069,-1,4.71577000618,0.0,2,0.0,15,22258.24993672881,UNSAT,,4.733,
145,31,122,3.85079693794,0,549.8789860758662,-1,3.85079693794,0.0,1,0.0,15,22262.10073366675,SAT,,3.896,
146,31,35,1802.16355205,0,544.8729497272253,-1,1802.16355205,0.0,1,0.0,15,24064.26428571675,SAT,,1802.201,
147,30,32,3.49392294884,0,2000.0,-1,3.49392294884,0.0,1,0.0,16,24067.75820866559,SAT,,3.549,
148,32,40,32.6277120113,0,7.856658090251685,-1,32.6277120113,0.0,1,0.0,16,24100.38592067689,SAT,,32.679,
149,30,27,10.1013689041,0,2000.0,-1,10.1013689041,0.0,2,0.0,16,24110.48728958099,UNSAT,,10.131,
150,33,1,2000.0,0,7.841577370065451,-1,79.41714999999999,0.0,-1,1.0E9,16,24189.90443958099,CRASHED,Run Exceeded Captime -- Treating as CRASHED;Killed Manually,83.597,
