Run Number,Run History Configuration ID,Instance ID,Response Value (y),Censored?,Cutoff Time Used,Seed,Runtime,Run Length,Run Result Code,Run Quality,SMAC Iteration,SMAC Cumulative Runtime,Run Result,Additional Algorithm Run Data,Wall Clock Time,
1,1,118,1000.0,0,1000.0,-1,90000.0,0.0,-1,1.0E9,0,90000.0,CRASHED,,5.111,
2,1,103,1000.0,0,1000.0,-1,90000.0,0.0,-1,1.0E9,1,180000.0,CRASHED,,6.717,
3,2,103,1000.0,0,1000.0,-1,90000.0,0.0,0,0.0,1,270000.0,TIMEOUT,,1881.978,
4,2,118,1000.0,0,1000.0,-1,90000.0,0.0,0,0.0,1,360000.0,TIMEOUT,,1881.646,
5,1,141,1000.0,0,1000.0,-1,90000.0,0.0,-1,1.0E9,1,450000.0,CRASHED,,10.043,
6,3,141,881.523499012,0,1000.0,-1,881.523499012,0.0,1,0.0,1,450881.523499012,SAT,,881.573,
7,3,103,1000.0,0,1000.0,-1,90000.0,0.0,0,0.0,1,540881.523499012,TIMEOUT,,1881.654,
8,3,118,881.696583986,0,1000.0,-1,881.696583986,0.0,1,0.0,1,541763.220082998,SAT,,881.745,
9,3,65,469.90763402,0,1000.0,-1,469.90763402,0.0,1,0.0,2,542233.127717018,SAT,,469.969,
10,4,118,881.761355877,0,1000.0,-1,881.761355877,0.0,1,0.0,2,543114.889072895,SAT,,881.812,
11,3,136,55.5571789742,0,1000.0,-1,55.5571789742,0.0,1,0.0,2,543170.4462518692,SAT,,55.599,
12,5,118,881.451996088,0,1000.0,-1,881.451996088,0.0,1,0.0,2,544051.8982479572,SAT,,881.487,
13,5,136,80.7593529224,0,684.4274220879853,-1,80.7593529224,0.0,1,0.0,2,544132.6576008797,SAT,,80.778,
14,5,65,579.4402631822705,1,579.4402631822705,-1,90000.0,0.0,0,0.0,2,634132.6576008797,TIMEOUT,,1882.613,
15,3,5,4.0833671093,0,1000.0,-1,4.0833671093,0.0,1,0.0,3,634136.740967989,SAT,,4.127,
16,6,136,96.5106270313,0,73.22693335672021,-1,96.5106270313,0.0,1,0.0,3,634233.2515950203,SAT,,96.579,
17,3,123,107.053092003,0,1000.0,-1,107.053092003,0.0,1,0.0,3,634340.3046870233,SAT,,107.085,
18,7,141,1000.0,0,1000.0,-1,90000.0,0.0,-1,1.0E9,3,724340.3046870233,CRASHED,,568.722,
19,3,132,356.233460188,0,1000.0,-1,356.233460188,0.0,1,0.0,4,724696.5381472113,SAT,,356.376,
20,8,5,4.60294818878,0,6.310977496552468,-1,4.60294818878,0.0,1,0.0,4,724701.1410954001,SAT,,4.686,
21,3,135,3.12649893761,0,1000.0,-1,3.12649893761,0.0,1,0.0,4,724704.2675943377,SAT,,3.168,
22,9,5,1000.0,0,6.310977496552468,-1,90000.0,0.0,-1,1.0E9,4,814704.2675943377,CRASHED,,5.031,
23,3,105,881.980615854,0,1000.0,-1,881.980615854,0.0,1,0.0,5,815586.2482101917,SAT,,882.008,
24,10,103,1000.0,0,1000.0,-1,90000.0,0.0,0,0.0,5,905586.2482101917,TIMEOUT,,1881.821,
25,10,118,1000.0,0,1000.0,-1,90000.0,0.0,0,0.0,5,995586.2482101917,TIMEOUT,,1881.636,
26,3,20,3.86246585846,0,1000.0,-1,3.86246585846,0.0,1,0.0,5,995590.1106760502,SAT,,3.896,
27,11,105,1000.0,0,1000.0,-1,90000.0,0.0,-1,1.0E9,5,1085590.1106760502,CRASHED,,11.473,
28,3,155,1000.0,0,1000.0,-1,90000.0,0.0,0,0.0,6,1175590.1106760502,TIMEOUT,,1889.397,
29,12,118,881.685595036,0,1000.0,-1,881.685595036,0.0,1,0.0,6,1176471.7962710862,SAT,,881.8,
30,12,123,115.359204054,0,603.2920045669854,-1,115.359204054,0.0,1,0.0,6,1176587.1554751403,SAT,,115.393,
31,12,132,273.517838955,0,453.32503829931017,-1,273.517838955,0.0,1,0.0,6,1176860.6733140952,SAT,,273.551,
32,12,65,1000.0,0,1000.0,-1,90000.0,0.0,0,0.0,6,1266860.6733140952,TIMEOUT,,1882.198,
33,12,135,3.2214679718,0,1000.0,-1,3.2214679718,0.0,1,0.0,6,1266863.894782067,SAT,,3.267,
34,12,103,1000.0,0,1000.0,-1,90000.0,0.0,0,0.0,6,1356863.894782067,TIMEOUT,,1881.692,
35,3,46,788.796561003,0,1000.0,-1,788.796561003,0.0,1,0.0,6,1357652.69134307,SAT,,788.831,
36,13,46,3.76635909081,0,1000.0,-1,3.76635909081,0.0,1,0.0,6,1357656.4577021608,SAT,,3.861,
37,13,141,1000.0,0,1000.0,-1,90000.0,0.0,0,0.0,6,1447656.4577021608,TIMEOUT,,1881.555,
38,3,52,3.31900119781,0,1000.0,-1,3.31900119781,0.0,1,0.0,7,1447659.7767033586,SAT,,3.34,
39,14,141,881.623245955,0,1000.0,-1,881.623245955,0.0,1,0.0,7,1448541.3999493136,SAT,,881.665,
40,3,75,1000.0,0,1000.0,-1,90000.0,0.0,0,0.0,7,1538541.3999493136,TIMEOUT,,1881.708,
41,15,5,4.54980802536,0,6.310977496552468,-1,4.54980802536,0.0,1,0.0,7,1538545.949757339,SAT,,4.58,
42,3,156,1000.0,0,1000.0,-1,90000.0,0.0,0,0.0,8,1628545.949757339,TIMEOUT,,1959.999,
43,16,75,1000.0,0,1000.0,-1,90000.0,0.0,0,0.0,8,1718545.949757339,TIMEOUT,,1881.621,
44,16,20,4.01566791534,0,1000.0,-1,4.01566791534,0.0,1,0.0,8,1718549.9654252543,SAT,,4.051,
45,16,156,1000.0,0,1000.0,-1,90000.0,0.0,0,0.0,8,1808549.9654252543,TIMEOUT,,1962.221,
46,3,59,881.835335016,0,1000.0,-1,881.835335016,0.0,1,0.0,8,1809431.8007602703,SAT,,881.862,
47,17,155,1000.0,0,1000.0,-1,90000.0,0.0,0,0.0,8,1899431.8007602703,TIMEOUT,,1888.71,
48,17,136,65.5613899231,0,212.39855325629117,-1,65.5613899231,0.0,1,0.0,8,1899497.3621501934,SAT,,65.598,
49,17,123,114.273240089,0,127.16874562983514,-1,114.273240089,0.0,1,0.0,8,1899611.6353902824,SAT,,114.303,
50,3,4,1000.0,0,1000.0,-1,90000.0,0.0,0,0.0,9,1989611.6353902824,TIMEOUT,,1881.699,
51,18,52,4.01586198807,0,5.31730259616971,-1,4.01586198807,0.0,1,0.0,9,1989615.6512522704,SAT,,4.051,
52,3,27,4.93422198296,0,1000.0,-1,4.93422198296,0.0,1,0.0,9,1989620.5854742534,SAT,,4.977,
53,19,65,360.524350882,0,611.8825244608998,-1,360.524350882,0.0,1,0.0,9,1989981.1098251354,SAT,,360.576,
54,19,75,1000.0,0,1000.0,-1,90000.0,0.0,0,0.0,9,2079981.1098251354,TIMEOUT,,1881.855,
55,19,103,1000.0,0,1000.0,-1,90000.0,0.0,0,0.0,9,2169981.109825135,TIMEOUT,,1881.652,
56,19,135,3.58375191689,0,230.22664020617606,-1,3.58375191689,0.0,1,0.0,9,2169984.693577052,SAT,,3.619,
57,19,52,4.00855588913,0,225.56776310165526,-1,4.00855588913,0.0,1,0.0,9,2169988.702132941,SAT,,4.047,
58,19,27,4.89817905426,0,220.35663937066795,-1,4.89817905426,0.0,1,0.0,9,2169993.6003119955,SAT,,4.928,
59,19,136,88.2548699379,0,213.9890074621618,-1,88.2548699379,0.0,1,0.0,9,2170081.8551819334,SAT,,88.296,
60,19,20,4.01259708405,0,1000.0,-1,4.01259708405,0.0,1,0.0,9,2170085.8677790174,SAT,,4.048,
61,19,132,211.949893951,0,1000.0,-1,211.949893951,0.0,1,0.0,9,2170297.8176729684,SAT,,211.988,
62,19,4,9.84769701958,0,1000.0,-1,9.84769701958,0.0,1,0.0,9,2170307.665369988,SAT,,9.876,
63,19,59,1000.0,0,1000.0,-1,90000.0,0.0,0,0.0,9,2260307.665369988,TIMEOUT,,1881.704,
64,19,105,1000.0,0,1000.0,-1,90000.0,0.0,0,0.0,9,2350307.665369988,TIMEOUT,,1881.944,
65,19,156,1000.0,0,1000.0,-1,90000.0,0.0,0,0.0,9,2440307.665369988,TIMEOUT,,1958.25,
66,19,155,1000.0,0,1000.0,-1,90000.0,0.0,0,0.0,9,2530307.665369988,TIMEOUT,,1890.585,
67,3,101,54.496078968,0,1000.0,-1,54.496078968,0.0,1,0.0,10,2530362.161448956,SAT,,54.532,
68,20,59,40.7338352203,0,1000.0,-1,40.7338352203,0.0,1,0.0,10,2530402.8952841763,SAT,,40.837,
69,20,136,93.5220930576,0,1000.0,-1,93.5220930576,0.0,1,0.0,10,2530496.417377234,SAT,,93.549,
70,20,141,1000.0,0,1000.0,-1,90000.0,0.0,0,0.0,10,2620496.417377234,TIMEOUT,,1881.68,
71,3,150,26.1099469662,0,1000.0,-1,26.1099469662,0.0,1,0.0,10,2620522.5273242,SAT,,26.141,
72,21,65,26.5164718628,0,611.8825244608998,-1,26.5164718628,0.0,1,0.0,10,2620549.043796063,SAT,,26.562,
73,21,118,1000.0,0,1000.0,-1,90000.0,0.0,-1,1.0E9,10,2710549.043796063,CRASHED,,4.572,
74,3,57,3.95443606377,0,1000.0,-1,3.95443606377,0.0,1,0.0,11,2710552.9982321267,SAT,,4.043,
75,22,150,106.60926199,0,34.945531271743775,-1,106.60926199,0.0,1,0.0,11,2710659.6074941168,SAT,,106.634,
76,3,66,1000.0,0,1000.0,-1,90000.0,0.0,0,0.0,11,2800659.6074941168,TIMEOUT,,1888.948,
77,23,150,16.1324679852,0,34.945531271743775,-1,16.1324679852,0.0,1,0.0,11,2800675.739962102,SAT,,16.204,
78,23,46,1000.0,0,1000.0,-1,90000.0,0.0,0,0.0,11,2890675.739962102,TIMEOUT,,1882.049,
79,3,93,1000.0,0,1000.0,-1,90000.0,0.0,0,0.0,12,2980675.739962102,TIMEOUT,,1882.211,
80,24,101,35.7005300522,0,71.84750269015431,-1,35.7005300522,0.0,1,0.0,12,2980711.440492154,SAT,,35.795,
81,24,105,1000.0,0,1000.0,-1,90000.0,0.0,0,0.0,12,3070711.440492154,TIMEOUT,,1881.803,
82,3,76,3.92589497566,0,1000.0,-1,3.92589497566,0.0,1,0.0,12,3070715.3663871298,SAT,,3.971,
83,25,103,1000.0,0,1000.0,-1,90000.0,0.0,0,0.0,12,3160715.3663871298,TIMEOUT,,1882.23,
84,25,118,881.932158947,0,1000.0,-1,881.932158947,0.0,1,0.0,12,3161597.2985460768,SAT,,881.961,
85,25,20,3.9635322094,0,5.720158562409877,-1,3.9635322094,0.0,1,0.0,12,3161601.262078286,SAT,,3.994,
86,3,29,5.01725101471,0,1000.0,-1,5.01725101471,0.0,1,0.0,13,3161606.279329301,SAT,,5.046,
87,26,5,3.90454483032,0,6.310977496552468,-1,3.90454483032,0.0,1,0.0,13,3161610.183874131,SAT,,3.944,
88,26,27,4.54524087906,0,79.87649095093012,-1,4.54524087906,0.0,1,0.0,13,3161614.7291150102,SAT,,4.575,
89,26,136,83.3845069408,0,73.96767808904052,-1,83.3845069408,0.0,1,0.0,13,3161698.113621951,SAT,,83.427,
90,3,79,3.5409309864,0,1000.0,-1,3.5409309864,0.0,1,0.0,13,3161701.6545529375,SAT,,3.569,
91,27,4,6.45867395401,0,1000.0,-1,6.45867395401,0.0,1,0.0,13,3161708.1132268915,SAT,,6.484,
92,27,101,33.1918239594,0,1000.0,-1,33.1918239594,0.0,1,0.0,13,3161741.305050851,SAT,,33.233,
93,27,136,107.241777182,0,1000.0,-1,107.241777182,0.0,1,0.0,13,3161848.546828033,SAT,,107.285,
94,27,76,4.08101701736,0,1000.0,-1,4.08101701736,0.0,1,0.0,13,3161852.6278450503,SAT,,4.124,
95,27,150,13.7323510647,0,1000.0,-1,13.7323510647,0.0,1,0.0,13,3161866.360196115,SAT,,13.767,
96,27,59,13.9618980885,0,1000.0,-1,13.9618980885,0.0,1,0.0,13,3161880.3220942034,SAT,,14.03,
97,27,57,3.7156560421,0,1000.0,-1,3.7156560421,0.0,1,0.0,13,3161884.0377502455,SAT,,3.744,
98,27,103,1000.0,0,1000.0,-1,90000.0,0.0,0,0.0,13,3251884.0377502455,TIMEOUT,,1881.795,
99,27,79,3.70160198212,0,1000.0,-1,3.70160198212,0.0,1,0.0,13,3251887.7393522277,SAT,,3.745,
100,27,123,125.080454826,0,1000.0,-1,125.080454826,0.0,1,0.0,13,3252012.8198070535,SAT,,125.104,
101,27,27,4.45505595207,0,1000.0,-1,4.45505595207,0.0,1,0.0,13,3252017.2748630056,SAT,,4.477,
102,27,105,1000.0,0,1000.0,-1,90000.0,0.0,0,0.0,13,3342017.2748630056,TIMEOUT,,1882.064,
103,27,65,10.4208841324,0,1000.0,-1,10.4208841324,0.0,1,0.0,13,3342027.695747138,SAT,,10.446,
104,27,20,3.9383661747,0,1000.0,-1,3.9383661747,0.0,1,0.0,13,3342031.6341133127,SAT,,3.97,
105,27,66,70.763573885,0,1000.0,-1,70.763573885,0.0,1,0.0,13,3342102.3976871977,SAT,,70.799,
106,27,155,1000.0,0,1000.0,-1,90000.0,0.0,0,0.0,13,3432102.3976871977,TIMEOUT,,1889.852,
107,27,29,4.49971795082,0,1000.0,-1,4.49971795082,0.0,1,0.0,13,3432106.8974051485,SAT,,4.518,
108,27,135,3.09157991409,0,1000.0,-1,3.09157991409,0.0,1,0.0,13,3432109.9889850626,SAT,,3.116,
109,27,156,1000.0,0,1000.0,-1,90000.0,0.0,0,0.0,13,3522109.9889850626,TIMEOUT,,1969.866,
110,27,5,4.31527805328,0,1000.0,-1,4.31527805328,0.0,1,0.0,13,3522114.304263116,SAT,,4.35,
111,27,52,3.72247695923,0,1000.0,-1,3.72247695923,0.0,1,0.0,13,3522118.026740075,SAT,,3.742,
112,27,93,1000.0,0,1000.0,-1,90000.0,0.0,0,0.0,13,3612118.026740075,TIMEOUT,,1881.505,
113,27,75,1000.0,0,1000.0,-1,90000.0,0.0,0,0.0,13,3702118.026740075,TIMEOUT,,1881.651,
114,27,141,1000.0,0,1000.0,-1,90000.0,0.0,0,0.0,13,3792118.026740075,TIMEOUT,,1881.789,
115,27,118,1000.0,0,1000.0,-1,90000.0,0.0,0,0.0,13,3882118.026740075,TIMEOUT,,1881.997,
116,3,54,3.80721282959,0,1000.0,-1,3.80721282959,0.0,1,0.0,14,3882121.8339529047,SAT,,3.848,
117,28,29,5.08242702484,0,7.52502632175684,-1,5.08242702484,0.0,1,0.0,14,3882126.9163799295,SAT,,5.267,
118,3,137,3.21685695648,0,1000.0,-1,3.21685695648,0.0,1,0.0,14,3882130.133236886,SAT,,3.242,
119,29,105,1000.0,0,1000.0,-1,90000.0,0.0,-1,1.0E9,14,3972130.133236886,CRASHED,,10.425,
120,3,64,5.2704539299,0,1000.0,-1,5.2704539299,0.0,1,0.0,15,3972135.403690816,SAT,,5.432,
121,30,79,4.10050415993,0,5.605810962963104,-1,4.10050415993,0.0,1,0.0,15,3972139.504194976,SAT,,4.179,
122,3,36,5.63392114639,0,1000.0,-1,5.63392114639,0.0,1,0.0,15,3972145.138116122,SAT,,5.686,
123,31,123,1000.0,0,140.17162079771163,-1,90000.0,0.0,-1,1.0E9,15,4062145.138116122,CRASHED,,452.749,
124,3,90,1000.0,0,1000.0,-1,90000.0,0.0,0,0.0,16,4152145.138116122,TIMEOUT,,1881.639,
125,32,137,3.59637212753,0,5.184514530348777,-1,3.59637212753,0.0,1,0.0,16,4152148.7344882498,SAT,,3.727,
126,3,139,81.6608159542,0,1000.0,-1,81.6608159542,0.0,1,0.0,16,4152230.395304204,SAT,,81.688,
127,33,20,3.88972902298,0,6.023805763918161,-1,3.88972902298,0.0,1,0.0,16,4152234.285033227,SAT,,3.922,
