Run Number,Run History Configuration ID,Instance ID,Response Value (y),Censored?,Cutoff Time Used,Seed,Runtime,Run Length,Run Result Code,Run Quality,SMAC Iteration,SMAC Cumulative Runtime,Run Result,Additional Algorithm Run Data,Wall Clock Time,
1,1,404,900.0,0,900.0,-1,90000.0,0.0,-1,1.0E9,0,90000.0,CRASHED,,6.014,
2,1,592,900.0,0,900.0,-1,90000.0,0.0,-1,1.0E9,1,180000.0,CRASHED,,7.336,
3,2,592,881.824653864,0,900.0,-1,881.824653864,0.0,1,0.0,1,180881.824653864,SAT,,881.954,
4,2,404,882.071251869,0,900.0,-1,882.071251869,0.0,1,0.0,1,181763.895905733,SAT,,882.114,
5,2,120,16.0279080868,0,900.0,-1,16.0279080868,0.0,1,0.0,1,181779.9238138198,SAT,,16.057,
6,3,404,881.943999052,0,900.0,-1,881.943999052,0.0,1,0.0,1,182661.8678128718,SAT,,881.985,
7,3,592,881.962338924,0,900.0,-1,881.962338924,0.0,1,0.0,1,183543.8301517958,SAT,,882.002,
8,3,120,161.050467968,0,21.827919500294332,-1,161.050467968,0.0,1,0.0,1,183704.88061976378,SAT,,161.077,
9,2,219,15.1706149578,0,900.0,-1,15.1706149578,0.0,1,0.0,2,183720.05123472158,SAT,,15.227,
10,4,592,900.0,0,900.0,-1,90000.0,0.0,0,0.0,2,273720.05123472156,TIMEOUT,,1882.407,
11,2,571,882.419039011,0,900.0,-1,882.419039011,0.0,1,0.0,2,274602.47027373256,SAT,,882.464,
12,5,120,900.0,0,21.83888135326207,-1,219.12509999999997,0.0,-1,1.0E9,2,274821.59537373256,CRASHED,Run Exceeded Captime -- Treating as CRASHED;Killed Manually,230.658,
13,2,537,4.05164599419,0,900.0,-1,4.05164599419,0.0,1,0.0,3,274825.64701972675,SAT,,4.098,
14,6,537,4.33871388435,0,6.2697408798813825,-1,4.33871388435,0.0,1,0.0,3,274829.9857336111,SAT,,4.375,
15,2,354,6.41006398201,0,900.0,-1,6.41006398201,0.0,1,0.0,3,274836.3957975931,SAT,,6.457,
16,7,404,900.0,0,900.0,-1,90000.0,0.0,-1,1.0E9,3,364836.3957975931,CRASHED,,5.933,
17,2,298,5.9633409977,0,900.0,-1,5.9633409977,0.0,1,0.0,4,364842.3591385908,SAT,,6.048,
18,8,537,3.69139313698,0,6.2697408798813825,-1,3.69139313698,0.0,1,0.0,4,364846.0505317278,SAT,,3.724,
19,8,354,5.84967780113,0,900.0,-1,5.84967780113,0.0,1,0.0,4,364851.9002095289,SAT,,5.881,
20,8,592,900.0,0,900.0,-1,90000.0,0.0,0,0.0,4,454851.9002095289,TIMEOUT,,1882.012,
21,2,198,144.414494038,0,900.0,-1,144.414494038,0.0,1,0.0,4,454996.3147035669,SAT,,144.449,
22,9,404,900.0,0,900.0,-1,90000.0,0.0,0,0.0,4,544996.314703567,TIMEOUT,,1881.984,
23,2,516,882.10925293,0,900.0,-1,882.10925293,0.0,1,0.0,5,545878.423956497,SAT,,882.156,
24,10,120,14.895663023,0,21.83888135326207,-1,14.895663023,0.0,1,0.0,5,545893.31961952,SAT,,14.946,
25,10,354,6.08456802368,0,900.0,-1,6.08456802368,0.0,1,0.0,5,545899.4041875437,SAT,,6.107,
26,10,592,900.0,0,900.0,-1,90000.0,0.0,0,0.0,5,635899.4041875437,TIMEOUT,,1882.055,
27,2,27,41.3707830906,0,900.0,-1,41.3707830906,0.0,1,0.0,5,635940.7749706343,SAT,,41.42,
28,11,27,19.6566359997,0,54.78461821411848,-1,19.6566359997,0.0,1,0.0,5,635960.4316066339,SAT,,19.797,
29,11,571,900.0,0,900.0,-1,90000.0,0.0,0,0.0,5,725960.4316066339,TIMEOUT,,1881.934,
30,2,323,5.26986479759,0,900.0,-1,5.26986479759,0.0,1,0.0,6,725965.7014714315,SAT,,5.3,
31,12,592,881.751121998,0,900.0,-1,881.751121998,0.0,1,0.0,6,726847.4525934295,SAT,,881.833,
32,12,571,882.122492075,0,900.0,-1,882.122492075,0.0,1,0.0,6,727729.5750855044,SAT,,882.145,
33,12,404,882.011109114,0,900.0,-1,882.011109114,0.0,1,0.0,6,728611.5861946185,SAT,,882.054,
34,12,27,46.1126499176,0,88.09298864414097,-1,46.1126499176,0.0,1,0.0,6,728657.6988445361,SAT,,46.143,
35,12,219,15.8538961411,0,28.14654403214455,-1,15.8538961411,0.0,1,0.0,6,728673.5527406771,SAT,,15.881,
36,12,298,6.14031004906,0,7.5364788792759185,-1,6.14031004906,0.0,1,0.0,6,728679.6930507262,SAT,,6.18,
37,2,237,7.20261096954,0,900.0,-1,7.20261096954,0.0,1,0.0,6,728686.8956616957,SAT,,7.234,
38,13,516,884.625789881,0,900.0,-1,884.625789881,0.0,1,0.0,6,729571.5214515767,SAT,,884.742,
39,2,1,20.598156929,0,900.0,-1,20.598156929,0.0,1,0.0,7,729592.1196085057,SAT,,20.616,
40,14,404,881.810893059,0,900.0,-1,881.810893059,0.0,1,0.0,7,730473.9305015648,SAT,,881.906,
41,14,354,5.74342489243,0,14.94389000197053,-1,5.74342489243,0.0,1,0.0,7,730479.6739264572,SAT,,5.782,
42,14,537,4.52914190292,0,7.477437423887849,-1,4.52914190292,0.0,1,0.0,7,730484.2030683601,SAT,,4.575,
43,14,219,24.0884320736,0,111.23956882243158,-1,24.0884320736,0.0,1,0.0,7,730508.2915004337,SAT,,24.127,
44,14,27,25.6921780109,0,79.9246069960028,-1,25.6921780109,0.0,1,0.0,7,730533.9836784446,SAT,,25.716,
45,14,1,14.7564339638,0,46.524775920781494,-1,14.7564339638,0.0,1,0.0,7,730548.7401124084,SAT,,14.792,
46,14,237,9.44086885452,0,27.341411186727886,-1,9.44086885452,0.0,1,0.0,7,730558.1809812629,SAT,,9.474,
47,14,198,226.065912008,0,900.0,-1,226.065912008,0.0,1,0.0,7,730784.246893271,SAT,,226.096,
48,14,298,5.82005000114,0,900.0,-1,5.82005000114,0.0,1,0.0,7,730790.0669432721,SAT,,5.871,
49,14,571,882.025310993,0,900.0,-1,882.025310993,0.0,1,0.0,7,731672.0922542651,SAT,,882.147,
50,14,323,5.38795185089,0,900.0,-1,5.38795185089,0.0,1,0.0,7,731677.480206116,SAT,,5.423,
51,14,516,882.190197229,0,900.0,-1,882.190197229,0.0,1,0.0,7,732559.670403345,SAT,,882.223,
52,14,120,30.1186859608,0,900.0,-1,30.1186859608,0.0,1,0.0,7,732589.7890893058,SAT,,30.142,
53,14,592,881.982475996,0,900.0,-1,881.982475996,0.0,1,0.0,7,733471.7715653018,SAT,,882.015,
54,2,527,881.665511847,0,900.0,-1,881.665511847,0.0,1,0.0,7,734353.4370771488,SAT,,881.7,
55,15,404,900.0,0,900.0,-1,90000.0,0.0,-1,1.0E9,7,824353.4370771488,CRASHED,,6.217,
56,2,10,17.8609209061,0,900.0,-1,17.8609209061,0.0,1,0.0,8,824371.2979980549,SAT,,17.919,
57,16,198,286.301676035,0,188.74144275521041,-1,286.301676035,0.0,1,0.0,8,824657.5996740899,SAT,,286.326,
58,2,66,719.790874004,0,900.0,-1,719.790874004,0.0,1,0.0,8,825377.390548094,SAT,,719.835,
59,17,27,34.9005441666,0,54.78461821411848,-1,34.9005441666,0.0,1,0.0,8,825412.2910922605,SAT,,34.943,
60,17,66,882.167307138,0,900.0,-1,882.167307138,0.0,1,0.0,8,826294.4583993985,SAT,,882.21,
61,2,535,4.6120018959,0,900.0,-1,4.6120018959,0.0,1,0.0,9,826299.0704012944,SAT,,4.648,
62,18,66,240.137761116,0,900.0,-1,240.137761116,0.0,1,0.0,9,826539.2081624104,SAT,,240.167,
63,18,120,25.5491030216,0,672.1681318789452,-1,25.5491030216,0.0,1,0.0,9,826564.757265432,SAT,,25.582,
64,18,1,14.4304189682,0,638.9542981687665,-1,14.4304189682,0.0,1,0.0,9,826579.1876844002,SAT,,14.46,
65,18,537,4.56489300728,0,900.0,-1,4.56489300728,0.0,1,0.0,9,826583.7525774075,SAT,,4.599,
66,18,571,881.926339865,0,900.0,-1,881.926339865,0.0,1,0.0,9,827465.6789172725,SAT,,881.967,
67,18,527,881.886762142,0,900.0,-1,881.886762142,0.0,1,0.0,9,828347.5656794144,SAT,,881.927,
68,18,516,881.811218023,0,900.0,-1,881.811218023,0.0,1,0.0,9,829229.3768974374,SAT,,881.844,
69,18,404,881.911382914,0,900.0,-1,881.911382914,0.0,1,0.0,9,830111.2882803514,SAT,,881.938,
70,18,592,881.84500885,0,900.0,-1,881.84500885,0.0,1,0.0,9,830993.1332892014,SAT,,881.868,
71,18,219,22.2958860397,0,900.0,-1,22.2958860397,0.0,1,0.0,9,831015.4291752412,SAT,,22.33,
72,18,27,22.6816558838,0,874.8038659043342,-1,22.6816558838,0.0,1,0.0,9,831038.1108311249,SAT,,22.75,
73,18,298,6.22634196281,0,845.3177138123393,-1,6.22634196281,0.0,1,0.0,9,831044.3371730878,SAT,,6.254,
74,18,354,6.04204821587,0,837.2234685051918,-1,6.04204821587,0.0,1,0.0,9,831050.3792213036,SAT,,6.076,
75,18,198,145.731661081,0,829.3688061538816,-1,145.731661081,0.0,1,0.0,9,831196.1108823846,SAT,,145.76,
76,18,535,4.46043109894,0,639.9176467288017,-1,4.46043109894,0.0,1,0.0,9,831200.5713134835,SAT,,4.507,
77,18,323,5.66408896446,0,673.5564015231759,-1,5.66408896446,0.0,1,0.0,9,831206.235402448,SAT,,5.715,
78,18,10,13.534291029,0,666.1930862519622,-1,13.534291029,0.0,1,0.0,9,831219.769693477,SAT,,13.56,
79,18,237,11.390255928,0,648.5985080789507,-1,11.390255928,0.0,1,0.0,9,831231.159949405,SAT,,11.43,
80,18,14,35.286839962,0,900.0,-1,35.286839962,0.0,1,0.0,9,831266.446789367,SAT,,35.689,
81,19,120,900.0,0,34.21643474918902,-1,343.14284999999995,0.0,-1,1.0E9,9,831609.589639367,CRASHED,Run Exceeded Captime -- Treating as CRASHED;Killed Manually,361.203,
82,18,579,882.095971107,0,900.0,-1,882.095971107,0.0,1,0.0,10,832491.685610474,SAT,,882.115,
83,20,120,25.5465190411,0,34.21643474918902,-1,25.5465190411,0.0,1,0.0,10,832517.232129515,SAT,,25.637,
84,20,535,3.98685002327,0,14.661782466220856,-1,3.98685002327,0.0,1,0.0,10,832521.2189795383,SAT,,4.02,
85,20,354,6.1277821064,0,9.47887781855762,-1,6.1277821064,0.0,1,0.0,10,832527.3467616447,SAT,,6.159,
86,20,527,1101.77740693,0,900.0,-1,1101.77740693,0.0,1,0.0,10,833629.1241685747,SAT,,1101.805,
87,18,498,884.022673845,0,900.0,-1,884.022673845,0.0,1,0.0,10,834513.1468424196,SAT,,884.162,
88,21,527,900.0,0,900.0,-1,90000.0,0.0,-1,1.0E9,10,924513.1468424196,CRASHED,,6.656,
89,18,556,5.35998392105,0,900.0,-1,5.35998392105,0.0,1,0.0,11,924518.5068263407,SAT,,5.665,
90,22,498,881.927679062,0,900.0,-1,881.927679062,0.0,1,0.0,11,925400.4345054027,SAT,,882.076,
91,22,354,6.23708486557,0,900.0,-1,6.23708486557,0.0,1,0.0,11,925406.6715902683,SAT,,6.253,
92,22,579,882.145194054,0,900.0,-1,882.145194054,0.0,1,0.0,11,926288.8167843223,SAT,,882.187,
93,22,535,4.70669388771,0,900.0,-1,4.70669388771,0.0,1,0.0,11,926293.52347821,SAT,,4.799,
94,22,592,882.218803883,0,900.0,-1,882.218803883,0.0,1,0.0,11,927175.7422820929,SAT,,882.316,
95,22,527,881.99699688,0,900.0,-1,881.99699688,0.0,1,0.0,11,928057.739278973,SAT,,882.084,
96,22,120,13.7242341042,0,35.68080972728431,-1,13.7242341042,0.0,1,0.0,11,928071.4635130771,SAT,,13.801,
97,22,219,14.3531219959,0,900.0,-1,14.3531219959,0.0,1,0.0,11,928085.816635073,SAT,,14.377,
98,22,10,18.5940511227,0,900.0,-1,18.5940511227,0.0,1,0.0,11,928104.4106861957,SAT,,18.677,
99,22,571,882.687106133,0,900.0,-1,882.687106133,0.0,1,0.0,11,928987.0977923287,SAT,,882.856,
100,22,537,4.26700901985,0,900.0,-1,4.26700901985,0.0,1,0.0,11,928991.3648013485,SAT,,4.295,
101,22,66,882.690865993,0,900.0,-1,882.690865993,0.0,1,0.0,11,929874.0556673416,SAT,,882.715,
102,22,27,29.0604770184,0,369.0110936093807,-1,29.0604770184,0.0,1,0.0,11,929903.1161443599,SAT,,29.138,
103,22,404,882.304450035,0,331.2324730012298,-1,882.304450035,0.0,1,0.0,11,930785.4205943949,SAT,,882.359,
104,18,47,882.430659771,0,900.0,-1,882.430659771,0.0,1,0.0,11,931667.8512541659,SAT,,882.471,
105,23,571,900.0,0,900.0,-1,90000.0,0.0,0,0.0,11,1021667.8512541659,TIMEOUT,,1882.371,
106,18,54,269.978774786,0,900.0,-1,269.978774786,0.0,1,0.0,12,1021937.8300289519,SAT,,270.015,
107,24,516,900.0,0,900.0,-1,90000.0,0.0,0,0.0,12,1111937.8300289519,TIMEOUT,,1882.716,
108,18,19,15.5921061039,0,900.0,-1,15.5921061039,0.0,1,0.0,12,1111953.4221350558,SAT,,15.616,
109,25,579,882.177155018,0,900.0,-1,882.177155018,0.0,1,0.0,12,1112835.5992900738,SAT,,882.493,
110,18,315,5.08673286438,0,900.0,-1,5.08673286438,0.0,1,0.0,13,1112840.6860229382,SAT,,5.176,
111,26,47,900.0,0,900.0,-1,90000.0,0.0,0,0.0,13,1202840.6860229382,TIMEOUT,,1882.586,
112,18,500,881.909357071,0,900.0,-1,881.909357071,0.0,1,0.0,13,1203722.5953800092,SAT,,881.972,
113,27,298,16.0803360939,0,9.096845256510377,-1,16.0803360939,0.0,1,0.0,13,1203738.675716103,SAT,,16.177,
114,18,308,5.17841887474,0,900.0,-1,5.17841887474,0.0,1,0.0,14,1203743.8541349778,SAT,,5.2,
115,28,323,4.73879480362,0,8.365916310223938,-1,4.73879480362,0.0,1,0.0,14,1203748.5929297814,SAT,,4.773,
116,28,219,14.2724289894,0,46.0000671058625,-1,14.2724289894,0.0,1,0.0,14,1203762.8653587708,SAT,,14.31,
117,28,237,7.98048305511,0,27.44590946321488,-1,7.98048305511,0.0,1,0.0,14,1203770.845841826,SAT,,8.01,
118,28,315,4.72111606598,0,900.0,-1,4.72111606598,0.0,1,0.0,14,1203775.566957892,SAT,,4.771,
119,28,498,900.0,0,900.0,-1,90000.0,0.0,0,0.0,14,1293775.566957892,TIMEOUT,,1881.818,
120,18,267,12.0201768875,0,900.0,-1,12.0201768875,0.0,1,0.0,14,1293787.5871347794,SAT,,12.052,
121,29,14,900.0,0,46.87549201619923,-1,90000.0,0.0,-1,1.0E9,14,1383787.5871347794,CRASHED,,9.948,
122,18,469,4.0406229496,0,900.0,-1,4.0406229496,0.0,1,0.0,15,1383791.627757729,SAT,,4.072,
123,30,308,6.43734478951,0,7.734545179057122,-1,6.43734478951,0.0,1,0.0,15,1383798.0651025185,SAT,,6.973,
124,18,461,882.210402966,0,900.0,-1,882.210402966,0.0,1,0.0,15,1384680.2755054845,SAT,,882.253,
125,31,219,14.7537078857,0,29.987252716320757,-1,14.7537078857,0.0,1,0.0,15,1384695.0292133703,SAT,,14.81,
126,31,537,4.03701806068,0,32.37062324618101,-1,4.03701806068,0.0,1,0.0,15,1384699.066231431,SAT,,4.069,
127,31,267,8.53726911545,0,27.12249993194938,-1,8.53726911545,0.0,1,0.0,15,1384707.6035005464,SAT,,8.562,
128,31,516,900.0,0,900.0,-1,90000.0,0.0,0,0.0,15,1474707.6035005464,TIMEOUT,,1882.078,
129,18,282,5.5398888588,0,900.0,-1,5.5398888588,0.0,1,0.0,16,1474713.1433894052,SAT,,5.591,
130,32,54,422.350175858,0,351.9750076796591,-1,422.350175858,0.0,1,0.0,16,1475135.4935652632,SAT,,422.388,
131,18,114,18.6732549667,0,900.0,-1,18.6732549667,0.0,1,0.0,16,1475154.16682023,SAT,,18.701,
132,33,282,900.0,0,8.204455625611544,-1,90000.0,0.0,-1,1.0E9,16,1565154.16682023,CRASHED,,5.344,
