Run Number,Run History Configuration ID,Instance ID,Response Value (y),Censored?,Cutoff Time Used,Seed,Runtime,Run Length,Run Result Code,Run Quality,SMAC Iteration,SMAC Cumulative Runtime,Run Result,Additional Algorithm Run Data,Wall Clock Time,
1,1,463,900.0,0,900.0,-1,90000.0,0.0,-1,1.0E9,0,90000.0,CRASHED,,7.022,
2,1,308,900.0,0,900.0,-1,90000.0,0.0,-1,1.0E9,1,180000.0,CRASHED,,6.794,
3,2,463,881.887624025,0,900.0,-1,881.887624025,0.0,1,0.0,1,180881.887624025,SAT,,881.922,
4,2,308,5.28843283653,0,900.0,-1,5.28843283653,0.0,1,0.0,1,180887.17605686153,SAT,,5.331,
5,2,227,23.7337949276,0,900.0,-1,23.7337949276,0.0,1,0.0,1,180910.90985178913,SAT,,23.775,
6,3,227,7.07235383987,0,31.856534134942297,-1,7.07235383987,0.0,1,0.0,1,180917.982205629,SAT,,7.113,
7,3,463,900.0,0,900.0,-1,90000.0,0.0,0,0.0,1,270917.982205629,TIMEOUT,,1882.017,
8,2,323,5.9144320488,0,900.0,-1,5.9144320488,0.0,1,0.0,2,270923.8966376778,SAT,,6.015,
9,4,308,5.24314713478,0,7.877563581216336,-1,5.24314713478,0.0,1,0.0,2,270929.1397848126,SAT,,5.28,
10,4,463,900.0,0,900.0,-1,90000.0,0.0,0,0.0,2,360929.1397848126,TIMEOUT,,1882.065,
11,2,131,900.0,0,900.0,-1,90000.0,0.0,0,0.0,2,450929.1397848126,TIMEOUT,,1882.842,
12,5,323,11.4432549477,0,8.691362392503024,-1,11.4432549477,0.0,1,0.0,2,450940.5830397603,SAT,,11.509,
13,2,329,5.07496595383,0,900.0,-1,5.07496595383,0.0,1,0.0,3,450945.6580057141,SAT,,5.105,
14,6,329,4.86643099785,0,7.600056536841393,-1,4.86643099785,0.0,1,0.0,3,450950.524436712,SAT,,4.944,
15,6,131,58.8369450569,0,900.0,-1,58.8369450569,0.0,1,0.0,3,451009.3613817689,SAT,,58.867,
16,6,308,5.21067214012,0,900.0,-1,5.21067214012,0.0,1,0.0,3,451014.572053909,SAT,,5.249,
17,6,323,5.7438519001,0,900.0,-1,5.7438519001,0.0,1,0.0,3,451020.3159058091,SAT,,5.779,
18,6,227,7.96503615379,0,900.0,-1,7.96503615379,0.0,1,0.0,3,451028.2809419629,SAT,,7.985,
19,6,463,900.0,0,900.0,-1,90000.0,0.0,0,0.0,3,541028.280941963,TIMEOUT,,1881.962,
20,6,318,4.7763710022,0,900.0,-1,4.7763710022,0.0,1,0.0,3,541033.0573129652,SAT,,4.799,
21,7,318,12.6644260883,0,7.2118827219784265,-1,12.6644260883,0.0,1,0.0,3,541045.7217390535,SAT,,12.697,
22,6,147,11.0627758503,0,900.0,-1,11.0627758503,0.0,1,0.0,4,541056.7845149038,SAT,,11.103,
23,8,329,4.5725672245,0,7.328960977840424,-1,4.5725672245,0.0,1,0.0,4,541061.3570821283,SAT,,4.6,
24,8,308,5.06640481949,0,18.515644165101648,-1,5.06640481949,0.0,1,0.0,4,541066.4234869478,SAT,,5.1,
25,8,227,10.3509740829,0,11.929318325939775,-1,10.3509740829,0.0,1,0.0,4,541076.7744610307,SAT,,10.396,
26,6,164,23.5392730236,0,900.0,-1,23.5392730236,0.0,1,0.0,4,541100.3137340543,SAT,,23.583,
27,9,329,5.0807890892,0,7.328960977840424,-1,5.0807890892,0.0,1,0.0,4,541105.3945231435,SAT,,5.127,
28,6,565,900.0,0,900.0,-1,90000.0,0.0,0,0.0,5,631105.3945231435,TIMEOUT,,1881.903,
29,8,565,882.188477993,0,900.0,-1,882.188477993,0.0,1,0.0,5,631987.5830011365,SAT,,882.214,
30,8,323,5.13193702698,0,900.0,-1,5.13193702698,0.0,1,0.0,5,631992.7149381635,SAT,,5.175,
31,8,318,5.04674220085,0,900.0,-1,5.04674220085,0.0,1,0.0,5,631997.7616803644,SAT,,5.076,
32,8,463,881.903911114,0,900.0,-1,881.903911114,0.0,1,0.0,5,632879.6655914783,SAT,,881.942,
33,8,131,35.1464939117,0,900.0,-1,35.1464939117,0.0,1,0.0,5,632914.8120853901,SAT,,35.181,
34,8,164,31.6690280437,0,900.0,-1,31.6690280437,0.0,1,0.0,5,632946.4811134338,SAT,,31.687,
35,8,147,13.6167669296,0,900.0,-1,13.6167669296,0.0,1,0.0,5,632960.0978803635,SAT,,13.641,
36,8,250,10.5848469734,0,900.0,-1,10.5848469734,0.0,1,0.0,5,632970.6827273369,SAT,,10.64,
37,10,565,881.824900866,0,900.0,-1,881.824900866,0.0,1,0.0,5,633852.5076282029,SAT,,881.872,
38,10,308,5.03563594818,0,14.00851487030387,-1,5.03563594818,0.0,1,0.0,5,633857.5432641511,SAT,,5.075,
39,10,329,5.61042523384,0,7.462187808352709,-1,5.61042523384,0.0,1,0.0,5,633863.1536893849,SAT,,5.654,
40,8,521,881.792371988,0,900.0,-1,881.792371988,0.0,1,0.0,6,634744.9460613729,SAT,,881.817,
41,11,329,5.40387916565,0,6.946938222619892,-1,5.40387916565,0.0,1,0.0,6,634750.3499405385,SAT,,5.468,
42,8,184,32.8519330025,0,900.0,-1,32.8519330025,0.0,1,0.0,6,634783.201873541,SAT,,32.87,
43,12,164,900.0,0,42.17233733122349,-1,422.0014,0.0,-1,1.0E9,6,635205.203273541,CRASHED,Run Exceeded Captime -- Treating as CRASHED;Killed Manually,444.212,
44,8,587,882.138518095,0,900.0,-1,882.138518095,0.0,1,0.0,7,636087.341791636,SAT,,882.184,
45,13,164,26.9484548569,0,42.17233733122349,-1,26.9484548569,0.0,1,0.0,7,636114.2902464928,SAT,,26.99,
46,13,587,881.735834122,0,900.0,-1,881.735834122,0.0,1,0.0,7,636996.0260806149,SAT,,881.76,
47,13,318,4.85022306442,0,14.226199182096124,-1,4.85022306442,0.0,1,0.0,7,637000.8763036793,SAT,,4.871,
48,13,308,5.11518502235,0,900.0,-1,5.11518502235,0.0,1,0.0,7,637005.9914887017,SAT,,5.15,
49,13,463,882.038347006,0,900.0,-1,882.038347006,0.0,1,0.0,7,637888.0298357076,SAT,,882.07,
50,13,250,7.91142416,0,27.39256686379314,-1,7.91142416,0.0,1,0.0,7,637895.9412598676,SAT,,7.936,
51,13,329,5.41301703453,0,17.107716191905737,-1,5.41301703453,0.0,1,0.0,7,637901.3542769022,SAT,,5.45,
52,13,131,40.6361818314,0,900.0,-1,40.6361818314,0.0,1,0.0,7,637941.9904587335,SAT,,40.677,
53,13,565,882.158740044,0,900.0,-1,882.158740044,0.0,1,0.0,7,638824.1491987775,SAT,,882.206,
54,13,227,8.29779100418,0,900.0,-1,8.29779100418,0.0,1,0.0,7,638832.4469897817,SAT,,8.339,
55,13,521,881.923931122,0,900.0,-1,881.923931122,0.0,1,0.0,7,639714.3709209036,SAT,,881.971,
56,13,147,10.9842610359,0,72.5608983620733,-1,10.9842610359,0.0,1,0.0,7,639725.3551819396,SAT,,11.005,
57,13,184,26.4436948299,0,58.281358870092035,-1,26.4436948299,0.0,1,0.0,7,639751.7988767695,SAT,,26.483,
58,13,323,5.0303440094,0,23.90455537323952,-1,5.0303440094,0.0,1,0.0,7,639756.8292207789,SAT,,5.051,
59,13,230,10.414525032,0,900.0,-1,10.414525032,0.0,1,0.0,7,639767.2437458109,SAT,,10.494,
60,14,318,16.8688378334,0,7.307890465828777,-1,16.8688378334,0.0,1,0.0,7,639784.1125836443,SAT,,16.905,
61,13,350,5.57853984833,0,900.0,-1,5.57853984833,0.0,1,0.0,8,639789.6911234927,SAT,,5.607,
62,15,318,5.02577209473,0,7.307890465828777,-1,5.02577209473,0.0,1,0.0,8,639794.7168955874,SAT,,5.074,
63,13,440,881.808053017,0,900.0,-1,881.808053017,0.0,1,0.0,8,640676.5249486044,SAT,,881.836,
64,16,147,13.7379851341,0,15.282139441344142,-1,13.7379851341,0.0,1,0.0,8,640690.2629337385,SAT,,13.959,
65,13,225,7.36164116859,0,900.0,-1,7.36164116859,0.0,1,0.0,9,640697.6245749071,SAT,,7.386,
66,17,565,900.0,0,900.0,-1,90000.0,0.0,0,0.0,9,730697.6245749071,TIMEOUT,,1882.083,
67,13,306,5.58977103233,0,900.0,-1,5.58977103233,0.0,1,0.0,9,730703.2143459395,SAT,,5.625,
68,18,308,900.0,0,7.652341088625789,-1,90000.0,0.0,-1,1.0E9,9,820703.2143459395,CRASHED,,5.394,
69,13,178,61.3048038483,0,900.0,-1,61.3048038483,0.0,1,0.0,10,820764.5191497877,SAT,,61.403,
70,19,131,34.2151670456,0,53.829637056562305,-1,34.2151670456,0.0,1,0.0,10,820798.7343168333,SAT,,34.246,
71,19,308,4.70688581467,0,25.57239367474914,-1,4.70688581467,0.0,1,0.0,10,820803.441202648,SAT,,4.748,
72,19,225,11.2914838791,0,19.453442672613264,-1,11.2914838791,0.0,1,0.0,10,820814.7326865271,SAT,,11.323,
73,19,227,10.6060118675,0,900.0,-1,10.6060118675,0.0,1,0.0,10,820825.3386983946,SAT,,10.645,
74,19,521,881.716753006,0,900.0,-1,881.716753006,0.0,1,0.0,10,821707.0554514006,SAT,,881.757,
75,19,440,881.828917027,0,900.0,-1,881.828917027,0.0,1,0.0,10,822588.8843684276,SAT,,881.869,
76,19,178,35.4314661026,0,81.71747906913161,-1,35.4314661026,0.0,1,0.0,10,822624.3158345302,SAT,,35.457,
77,19,350,4.90430212021,0,900.0,-1,4.90430212021,0.0,1,0.0,10,822629.2201366504,SAT,,4.949,
78,19,184,35.2030179501,0,900.0,-1,35.2030179501,0.0,1,0.0,10,822664.4231546004,SAT,,35.226,
79,19,306,4.81229114532,0,900.0,-1,4.81229114532,0.0,1,0.0,10,822669.2354457458,SAT,,4.849,
80,19,147,14.476722002,0,900.0,-1,14.476722002,0.0,1,0.0,10,822683.7121677478,SAT,,14.517,
81,19,329,5.21487998962,0,900.0,-1,5.21487998962,0.0,1,0.0,10,822688.9270477374,SAT,,5.259,
82,19,318,5.28717017174,0,900.0,-1,5.28717017174,0.0,1,0.0,10,822694.2142179091,SAT,,5.326,
83,19,250,10.3003540039,0,900.0,-1,10.3003540039,0.0,1,0.0,10,822704.514571913,SAT,,10.342,
84,19,565,881.786540985,0,900.0,-1,881.786540985,0.0,1,0.0,10,823586.301112898,SAT,,881.817,
85,19,587,881.742093086,0,900.0,-1,881.742093086,0.0,1,0.0,10,824468.043205984,SAT,,881.766,
86,19,463,882.02452898,0,900.0,-1,882.02452898,0.0,1,0.0,10,825350.0677349641,SAT,,882.052,
87,19,230,17.380259037,0,73.82233195786476,-1,17.380259037,0.0,1,0.0,10,825367.4479940011,SAT,,17.409,
88,19,323,4.9164018631,0,51.22799489495456,-1,4.9164018631,0.0,1,0.0,10,825372.3643958642,SAT,,4.951,
89,19,164,29.0688481331,0,44.83667235669792,-1,29.0688481331,0.0,1,0.0,10,825401.4332439973,SAT,,29.102,
90,19,470,881.726817131,0,900.0,-1,881.726817131,0.0,1,0.0,10,826283.1600611283,SAT,,881.763,
91,20,308,8.31966400146,0,7.12155204114616,-1,8.31966400146,0.0,1,0.0,10,826291.4797251298,SAT,,8.342,
92,19,236,48.4921491146,0,900.0,-1,48.4921491146,0.0,1,0.0,11,826339.9718742444,SAT,,48.523,
93,21,225,17.7399399281,0,15.681530086669326,-1,17.7399399281,0.0,1,0.0,11,826357.7118141724,SAT,,17.758,
94,19,11,17.4163761139,0,900.0,-1,17.4163761139,0.0,1,0.0,11,826375.1281902863,SAT,,17.448,
95,22,164,89.0043179989,0,38.792102866220475,-1,89.0043179989,0.0,1,0.0,11,826464.1325082852,SAT,,89.048,
96,19,566,881.783652067,0,900.0,-1,881.783652067,0.0,1,0.0,12,827345.9161603522,SAT,,881.811,
97,23,565,881.788666964,0,900.0,-1,881.788666964,0.0,1,0.0,12,828227.7048273162,SAT,,881.825,
98,19,109,94.2979469299,0,900.0,-1,94.2979469299,0.0,1,0.0,12,828322.0027742462,SAT,,94.34,
99,24,178,33.8711569309,0,47.063506318601966,-1,33.8711569309,0.0,1,0.0,12,828355.8739311771,SAT,,33.914,
100,24,147,9.51792216301,0,35.24380118434429,-1,9.51792216301,0.0,1,0.0,12,828365.3918533401,SAT,,9.541,
101,24,250,7.29173898697,0,22.870502861562375,-1,7.29173898697,0.0,1,0.0,12,828372.683592327,SAT,,7.312,
102,24,566,900.0,0,900.0,-1,90000.0,0.0,0,0.0,12,918372.683592327,TIMEOUT,,1881.894,
103,19,430,881.766523838,0,900.0,-1,881.766523838,0.0,1,0.0,13,919254.4501161651,SAT,,881.804,
104,25,470,900.0,0,900.0,-1,90000.0,0.0,0,0.0,13,1009254.4501161651,TIMEOUT,,1882.551,
105,19,23,91.3892381191,0,900.0,-1,91.3892381191,0.0,1,0.0,13,1009345.8393542842,SAT,,91.426,
106,26,470,900.0,0,900.0,-1,90000.0,0.0,-1,1.0E9,13,1099345.839354284,CRASHED,,7.157,
107,19,393,882.343827009,0,900.0,-1,882.343827009,0.0,1,0.0,14,1100228.183181293,SAT,,882.487,
108,27,230,9.06748795509,0,23.596937012273077,-1,9.06748795509,0.0,1,0.0,14,1100237.2506692482,SAT,,9.256,
109,27,23,287.384050131,0,176.3817356046021,-1,287.384050131,0.0,1,0.0,14,1100524.6347193792,SAT,,287.487,
110,19,37,14.8290090561,0,900.0,-1,14.8290090561,0.0,1,0.0,14,1100539.4637284353,SAT,,14.866,
111,28,147,900.0,0,19.82233953510523,-1,199.2416,0.0,-1,1.0E9,14,1100738.7053284354,CRASHED,Run Exceeded Captime -- Treating as CRASHED;Killed Manually,209.728,
112,19,332,5.40394496918,0,900.0,-1,5.40394496918,0.0,1,0.0,15,1100744.1092734046,SAT,,5.451,
113,29,470,882.242428064,0,900.0,-1,882.242428064,0.0,1,0.0,15,1101626.3517014687,SAT,,882.293,
114,19,32,24.3433120251,0,900.0,-1,24.3433120251,0.0,1,0.0,15,1101650.6950134938,SAT,,24.471,
115,30,306,900.0,0,7.258579561832548,-1,90000.0,0.0,-1,1.0E9,15,1191650.6950134938,CRASHED,,6.166,
116,19,110,75.8299608231,0,900.0,-1,75.8299608231,0.0,1,0.0,16,1191726.5249743168,SAT,,76.201,
117,31,230,11.4603970051,0,23.596937012273077,-1,11.4603970051,0.0,1,0.0,16,1191737.985371322,SAT,,11.547,
118,31,178,34.5972709656,0,900.0,-1,34.5972709656,0.0,1,0.0,16,1191772.5826422875,SAT,,34.65,
119,31,566,882.314311981,0,900.0,-1,882.314311981,0.0,1,0.0,16,1192654.8969542684,SAT,,882.455,
120,31,350,5.85253405571,0,900.0,-1,5.85253405571,0.0,1,0.0,16,1192660.7494883242,SAT,,5.88,
121,31,463,882.489840031,0,900.0,-1,882.489840031,0.0,1,0.0,16,1193543.239328355,SAT,,882.62,
122,31,587,882.214773893,0,900.0,-1,882.214773893,0.0,1,0.0,16,1194425.454102248,SAT,,882.255,
123,31,332,5.75164604187,0,13.673854729506374,-1,5.75164604187,0.0,1,0.0,16,1194431.2057482898,SAT,,5.786,
124,31,565,882.452741861,0,900.0,-1,882.452741861,0.0,1,0.0,16,1195313.658490151,SAT,,882.499,
125,31,227,8.35331296921,0,900.0,-1,8.35331296921,0.0,1,0.0,16,1195322.0118031201,SAT,,8.43,
126,31,164,22.0950717926,0,900.0,-1,22.0950717926,0.0,1,0.0,16,1195344.1068749127,SAT,,22.124,
127,31,318,5.09270596504,0,900.0,-1,5.09270596504,0.0,1,0.0,16,1195349.1995808778,SAT,,5.127,
128,31,440,882.230955124,0,900.0,-1,882.230955124,0.0,1,0.0,16,1196231.4305360017,SAT,,882.365,
129,31,11,16.8502829075,0,900.0,-1,16.8502829075,0.0,1,0.0,16,1196248.2808189092,SAT,,16.907,
130,31,393,881.847924948,0,900.0,-1,881.847924948,0.0,1,0.0,16,1197130.1287438571,SAT,,881.887,
131,31,470,882.050284863,0,900.0,-1,882.050284863,0.0,1,0.0,16,1198012.1790287201,SAT,,882.076,
132,31,184,22.1205530167,0,900.0,-1,22.1205530167,0.0,1,0.0,16,1198034.2995817368,SAT,,22.22,
133,31,37,17.9282970428,0,900.0,-1,17.9282970428,0.0,1,0.0,16,1198052.2278787796,SAT,,17.966,
134,31,32,26.899310112,0,900.0,-1,26.899310112,0.0,1,0.0,16,1198079.1271888916,SAT,,26.944,
135,31,131,46.6428949833,0,900.0,-1,46.6428949833,0.0,1,0.0,16,1198125.770083875,SAT,,46.783,
136,31,323,5.16842603683,0,900.0,-1,5.16842603683,0.0,1,0.0,16,1198130.9385099118,SAT,,5.2,
137,31,225,7.27663993835,0,900.0,-1,7.27663993835,0.0,1,0.0,16,1198138.2151498501,SAT,,7.328,
138,31,236,31.4563891888,0,900.0,-1,31.4563891888,0.0,1,0.0,16,1198169.671539039,SAT,,31.604,
139,31,329,4.81046414375,0,900.0,-1,4.81046414375,0.0,1,0.0,16,1198174.4820031826,SAT,,4.848,
140,31,250,7.60933899879,0,900.0,-1,7.60933899879,0.0,1,0.0,16,1198182.0913421814,SAT,,7.639,
141,31,308,5.33457803726,0,900.0,-1,5.33457803726,0.0,1,0.0,16,1198187.4259202187,SAT,,5.48,
142,31,147,10.3759479523,0,900.0,-1,10.3759479523,0.0,1,0.0,16,1198197.801868171,SAT,,10.494,
143,31,306,5.73859000206,0,900.0,-1,5.73859000206,0.0,1,0.0,16,1198203.540458173,SAT,,5.777,
144,31,521,881.837454081,0,900.0,-1,881.837454081,0.0,1,0.0,16,1199085.377912254,SAT,,881.873,
145,31,110,48.7739849091,0,385.7342066507518,-1,48.7739849091,0.0,1,0.0,16,1199134.1518971631,SAT,,48.811,
146,31,23,184.05983901,0,322.328026898551,-1,184.05983901,0.0,1,0.0,16,1199318.2117361731,SAT,,184.094,
147,31,109,71.8832728863,0,83.05023553629518,-1,71.8832728863,0.0,1,0.0,16,1199390.0950090594,SAT,,71.954,
148,19,460,881.844272137,0,900.0,-1,881.844272137,0.0,1,0.0,16,1200271.9392811963,SAT,,881.868,
149,32,110,900.0,0,99.58154992980064,-1,996.4664,0.0,-1,1.0E9,16,1201268.4056811964,CRASHED,Run Exceeded Captime -- Treating as CRASHED;Killed Manually,1048.912,
