Run Number,Run History Configuration ID,Instance ID,Response Value (y),Censored?,Cutoff Time Used,Seed,Runtime,Run Length,Run Result Code,Run Quality,SMAC Iteration,SMAC Cumulative Runtime,Run Result,Additional Algorithm Run Data,Wall Clock Time,
1,1,13,5.63217115402,0,2000.0,-1,5.63217115402,0.0,2,0.0,0,5.63217115402,UNSAT,,5.733,
2,1,119,3.76249694824,0,2000.0,-1,3.76249694824,0.0,1,0.0,1,9.394668102259999,SAT,,3.78,
3,2,119,4.16012907028,0,5.893847149211168,-1,4.16012907028,0.0,1,0.0,1,13.554797172539999,SAT,,4.216,
4,1,38,4.12363290787,0,2000.0,-1,4.12363290787,0.0,1,0.0,1,17.67843008041,SAT,,4.237,
5,3,119,12.3353300095,0,5.893847149211168,-1,12.3353300095,0.0,1,0.0,1,30.01376008991,SAT,,12.367,
6,1,5,7.04732894897,0,2000.0,-1,7.04732894897,0.0,2,0.0,2,37.06108903888,UNSAT,,7.215,
7,4,5,3.89387798309,0,10.164128139960766,-1,3.89387798309,0.0,2,0.0,2,40.95496702197,UNSAT,,3.926,
8,4,38,3.17278504372,0,17.787232425409556,-1,3.17278504372,0.0,1,0.0,2,44.12775206569,SAT,,3.192,
9,4,13,4.24258804321,0,13.662611868578196,-1,4.24258804321,0.0,2,0.0,2,48.370340108899995,UNSAT,,4.281,
10,4,119,4.24779701233,0,13.039793622094393,-1,4.24779701233,0.0,1,0.0,2,52.61813712122999,SAT,,4.274,
11,4,74,4.37047815323,0,2000.0,-1,4.37047815323,0.0,2,0.0,2,56.98861527445999,UNSAT,,4.4,
12,5,38,3.54751300812,0,5.127220869410038,-1,3.54751300812,0.0,1,0.0,2,60.53612828257999,SAT,,3.573,
13,4,11,389.598500013,0,2000.0,-1,389.598500013,0.0,2,0.0,3,450.13462829557994,UNSAT,,389.64,
14,6,119,13.8265240192,0,6.524737261581421,-1,13.8265240192,0.0,1,0.0,3,463.96115231477995,SAT,,13.889,
15,4,58,4.50204896927,0,2000.0,-1,4.50204896927,0.0,1,0.0,3,468.46320128404994,SAT,,4.534,
16,7,38,4.95858979225,0,5.127220869410038,-1,4.95858979225,0.0,1,0.0,3,473.42179107629994,SAT,,5.007,
17,4,114,235.236739159,0,2000.0,-1,235.236739159,0.0,1,0.0,4,708.6585302353,SAT,,235.276,
18,8,5,7.66160702705,0,6.064642116773128,-1,7.66160702705,0.0,2,0.0,4,716.3201372623499,UNSAT,,7.695,
19,4,66,79.8911130428,0,2000.0,-1,79.8911130428,0.0,2,0.0,4,796.21125030515,UNSAT,,79.923,
20,9,74,7.46559095383,0,6.6842216890037065,-1,7.46559095383,0.0,2,0.0,4,803.67684125898,UNSAT,,7.49,
21,4,140,12.4684250355,0,2000.0,-1,12.4684250355,0.0,1,0.0,5,816.1452662944799,SAT,,12.511,
22,10,66,336.463060141,0,104.86104794626237,-1,336.463060141,0.0,2,0.0,5,1152.60832643548,UNSAT,,336.501,
23,4,47,5.23429393768,0,2000.0,-1,5.23429393768,0.0,1,0.0,5,1157.84262037316,SAT,,5.261,
24,11,13,5.76115393639,0,6.517964497554303,-1,5.76115393639,0.0,2,0.0,5,1163.6037743095499,UNSAT,,5.793,
25,4,81,9.16732788086,0,2000.0,-1,9.16732788086,0.0,1,0.0,6,1172.77110219041,SAT,,9.196,
26,12,114,6.24547290802,0,306.81036197428705,-1,6.24547290802,0.0,1,0.0,6,1179.01657509843,SAT,,6.275,
27,12,140,5.52071499825,0,321.7073809247196,-1,5.52071499825,0.0,1,0.0,6,1184.53729009668,SAT,,5.555,
28,12,47,6.66050815582,0,314.53045214374663,-1,6.66050815582,0.0,1,0.0,6,1191.1977982525,SAT,,6.693,
29,12,66,182.109856129,0,431.45920717005725,-1,182.109856129,0.0,2,0.0,6,1373.3076543815,UNSAT,,182.152,
30,12,38,4.7079269886,0,194.71639309858085,-1,4.7079269886,0.0,1,0.0,6,1378.0155813701,SAT,,4.757,
31,12,74,7.39159607887,0,188.59608814899923,-1,7.39159607887,0.0,2,0.0,6,1385.40717744897,UNSAT,,7.436,
32,12,81,26.6630020142,0,178.9870142828405,-1,26.6630020142,0.0,1,0.0,6,1412.07017946317,SAT,,26.709,
33,12,5,7.68977189064,0,672.7618663463473,-1,7.68977189064,0.0,2,0.0,6,1419.75995135381,UNSAT,,7.714,
34,12,58,7.26159596443,0,662.7651637311757,-1,7.26159596443,0.0,1,0.0,6,1427.02154731824,SAT,,7.295,
35,12,13,6.67827796936,0,653.325088125068,-1,6.67827796936,0.0,2,0.0,6,1433.6998252875999,UNSAT,,6.708,
36,12,11,1802.90477991,0,644.6433272104442,-1,1802.90477991,0.0,2,0.0,6,3236.6046051976,UNSAT,,1802.936,
37,4,63,4.08313798904,0,2000.0,-1,4.08313798904,0.0,1,0.0,6,3240.68774318664,SAT,,4.11,
38,13,58,6.82505583763,0,6.855264854031802,-1,6.82505583763,0.0,1,0.0,6,3247.51279902427,SAT,,6.9,
39,4,117,5.97017192841,0,2000.0,-1,5.97017192841,0.0,1,0.0,7,3253.48297095268,SAT,,6.013,
40,14,81,11.3768661022,0,12.920127332556248,-1,11.3768661022,0.0,1,0.0,7,3264.85983705488,SAT,,11.414,
41,4,142,842.149116993,0,2000.0,-1,842.149116993,0.0,1,0.0,7,4107.00895404788,SAT,,842.184,
42,15,81,12.7131102085,0,12.920127332556248,-1,12.7131102085,0.0,1,0.0,7,4119.722064256381,SAT,,12.749,
43,4,105,36.4028520584,0,2000.0,-1,36.4028520584,0.0,1,0.0,8,4156.12491631478,SAT,,36.443,
44,16,58,2000.0,0,6.855264854031802,-1,69.42885,0.0,-1,1.0E9,8,4225.553766314781,CRASHED,Run Exceeded Captime -- Treating as CRASHED;Killed Manually,73.083,
45,4,97,4.799077034,0,2000.0,-1,4.799077034,0.0,1,0.0,8,4230.352843348781,SAT,,4.828,
46,17,63,5.35213398933,0,6.310679659593106,-1,5.35213398933,0.0,1,0.0,8,4235.70497733811,SAT,,5.384,
47,4,95,4.25620412827,0,2000.0,-1,4.25620412827,0.0,1,0.0,9,4239.96118146638,SAT,,4.278,
48,18,95,5.03912782669,0,6.5356664251267915,-1,5.03912782669,0.0,1,0.0,9,4245.00030929307,SAT,,5.083,
49,4,143,1801.67956996,0,2000.0,-1,1801.67956996,0.0,1,0.0,9,6046.67987925307,SAT,,1801.706,
50,19,13,6.44271802902,0,6.517964497554303,-1,6.44271802902,0.0,2,0.0,9,6053.12259728209,UNSAT,,6.526,
51,4,100,5.32780814171,0,2000.0,-1,5.32780814171,0.0,2,0.0,10,6058.4504054238005,UNSAT,,5.354,
52,20,63,4.19693207741,0,6.310679659593106,-1,4.19693207741,0.0,1,0.0,10,6062.64733750121,SAT,,4.255,
53,4,82,70.2125990391,0,2000.0,-1,70.2125990391,0.0,1,0.0,10,6132.85993654031,SAT,,70.257,
54,21,5,4.40906620026,0,6.064642116773128,-1,4.40906620026,0.0,2,0.0,10,6137.26900274057,UNSAT,,4.438,
55,4,75,3.87521100044,0,2000.0,-1,3.87521100044,0.0,2,0.0,11,6141.1442137410095,UNSAT,,3.9,
56,22,105,2000.0,0,48.326308269399405,-1,483.77419999999995,0.0,-1,1.0E9,11,6624.918413741009,CRASHED,Run Exceeded Captime -- Treating as CRASHED;Killed Manually,509.236,
57,4,25,5.2043838501,0,2000.0,-1,5.2043838501,0.0,2,0.0,11,6630.12279759111,UNSAT,,5.23,
58,23,66,151.445084095,0,104.86104794626237,-1,151.445084095,0.0,2,0.0,11,6781.56788168611,UNSAT,,151.477,
59,4,42,11.1012301445,0,2000.0,-1,11.1012301445,0.0,1,0.0,12,6792.66911183061,SAT,,11.143,
60,24,42,10.6341841221,0,15.434199374514819,-1,10.6341841221,0.0,1,0.0,12,6803.30329595271,SAT,,10.68,
61,24,142,4.36509990692,0,1101.4439872357725,-1,4.36509990692,0.0,1,0.0,12,6807.6683958596295,SAT,,4.402,
62,24,75,4.04029989243,0,1095.769356552857,-1,4.04029989243,0.0,2,0.0,12,6811.70869575206,UNSAT,,4.071,
63,24,119,4.11672210693,0,1200.7635267343103,-1,4.11672210693,0.0,1,0.0,12,6815.82541785899,SAT,,4.14,
64,24,82,357.184148073,0,1195.411788847643,-1,357.184148073,0.0,1,0.0,12,7173.0095659319895,SAT,,357.224,
65,24,74,7.63162302971,0,731.0723959360004,-1,7.63162302971,0.0,2,0.0,12,7180.641188961699,UNSAT,,7.659,
66,24,117,5.13512206078,0,721.151285793978,-1,5.13512206078,0.0,1,0.0,12,7185.77631102248,SAT,,5.237,
67,24,5,7.84858012199,0,2000.0,-1,7.84858012199,0.0,2,0.0,12,7193.62489114447,UNSAT,,7.89,
68,24,114,5.26718091965,0,2000.0,-1,5.26718091965,0.0,1,0.0,12,7198.89207206412,SAT,,5.302,
69,24,63,4.61619997025,0,2000.0,-1,4.61619997025,0.0,1,0.0,12,7203.50827203437,SAT,,4.65,
70,24,143,19.7032749653,0,2000.0,-1,19.7032749653,0.0,1,0.0,12,7223.21154699967,SAT,,19.728,
71,24,95,4.69665598869,0,2000.0,-1,4.69665598869,0.0,1,0.0,12,7227.908202988359,SAT,,4.728,
72,24,47,33.8752379417,0,2000.0,-1,33.8752379417,0.0,1,0.0,12,7261.783440930059,SAT,,33.907,
73,24,66,237.761706114,0,2000.0,-1,237.761706114,0.0,2,0.0,12,7499.545147044059,UNSAT,,237.792,
74,24,100,8.50551390648,0,2000.0,-1,8.50551390648,0.0,2,0.0,12,7508.050660950539,UNSAT,,8.549,
75,24,140,4.8003590107,0,2000.0,-1,4.8003590107,0.0,1,0.0,12,7512.851019961239,SAT,,4.827,
76,24,13,6.35395503044,0,2000.0,-1,6.35395503044,0.0,2,0.0,12,7519.20497499168,UNSAT,,6.383,
77,24,11,963.188082933,0,2000.0,-1,963.188082933,0.0,2,0.0,12,8482.393057924679,UNSAT,,963.235,
78,24,81,37.5873918533,0,2000.0,-1,37.5873918533,0.0,1,0.0,12,8519.980449777979,SAT,,37.642,
79,24,97,5.01452708244,0,2000.0,-1,5.01452708244,0.0,1,0.0,12,8524.994976860418,SAT,,5.059,
80,24,105,28.2548878193,0,2000.0,-1,28.2548878193,0.0,1,0.0,12,8553.249864679718,SAT,,28.284,
81,24,38,5.43140792847,0,2000.0,-1,5.43140792847,0.0,1,0.0,12,8558.681272608188,SAT,,5.462,
82,24,58,7.37861394882,0,2000.0,-1,7.37861394882,0.0,1,0.0,12,8566.059886557008,SAT,,7.415,
83,24,25,8.26063919067,0,2000.0,-1,8.26063919067,0.0,2,0.0,12,8574.320525747678,UNSAT,,8.306,
84,24,69,4.70371294022,0,2000.0,-1,4.70371294022,0.0,2,0.0,12,8579.024238687898,UNSAT,,4.763,
85,25,5,8.15771698952,0,11.20575479080081,-1,8.15771698952,0.0,2,0.0,12,8587.181955677419,UNSAT,,8.202,
86,24,141,5.02383708954,0,2000.0,-1,5.02383708954,0.0,1,0.0,13,8592.20579276696,SAT,,5.055,
87,26,143,93.4212357998,0,26.61685849388242,-1,93.4212357998,0.0,1,0.0,13,8685.62702856676,SAT,,93.447,
88,24,54,6.75325608253,0,2000.0,-1,6.75325608253,0.0,1,0.0,13,8692.380284649289,SAT,,6.785,
89,27,97,3.97357988358,0,7.521486178386212,-1,3.97357988358,0.0,1,0.0,13,8696.35386453287,SAT,,4.013,
90,27,74,5.32705807686,0,22.482696257877354,-1,5.32705807686,0.0,2,0.0,13,8701.68092260973,UNSAT,,5.35,
91,27,5,5.05329298973,0,15.557520825761557,-1,5.05329298973,0.0,2,0.0,13,8706.734215599461,UNSAT,,5.092,
92,27,119,19.8564910889,0,35.24196137522459,-1,19.8564910889,0.0,1,0.0,13,8726.590706688361,SAT,,19.893,
93,27,13,5.99789404869,0,9.428522911268473,-1,5.99789404869,0.0,2,0.0,13,8732.588600737052,UNSAT,,6.036,
94,27,95,3.92895388603,0,1.6312602799117566,-1,3.92895388603,0.0,1,0.0,13,8736.517554623082,SAT,,3.97,
95,24,110,10.7189910412,0,2000.0,-1,10.7189910412,0.0,1,0.0,14,8747.236545664282,SAT,,10.753,
96,28,82,182.947047949,0,465.3419932242214,-1,182.947047949,0.0,1,0.0,14,8930.183593613281,SAT,,182.994,
97,28,63,4.25051999092,0,240.5753207284689,-1,4.25051999092,0.0,1,0.0,14,8934.4341136042,SAT,,4.299,
98,28,38,4.52001595497,0,235.04964484681489,-1,4.52001595497,0.0,1,0.0,14,8938.95412955917,SAT,,4.549,
99,28,141,4.38782119751,0,264.989795990634,-1,4.38782119751,0.0,1,0.0,14,8943.34195075668,SAT,,4.437,
100,28,5,7.39938306808,0,259.2856285985291,-1,7.39938306808,0.0,2,0.0,14,8950.741333824759,UNSAT,,7.434,
101,28,75,4.57842922211,0,249.66643069719078,-1,4.57842922211,0.0,2,0.0,14,8955.31976304687,UNSAT,,4.6,
102,28,42,11.3112430573,0,243.71447264065148,-1,11.3112430573,0.0,1,0.0,14,8966.63100610417,SAT,,11.358,
103,28,117,4.59295701981,0,332.7166577692807,-1,4.59295701981,0.0,1,0.0,14,8971.223963123979,SAT,,4.623,
104,28,81,8.59075498581,0,326.74581370164753,-1,8.59075498581,0.0,1,0.0,14,8979.814718109788,SAT,,8.617,
105,28,54,5.87924909592,0,315.5778321329236,-1,5.87924909592,0.0,1,0.0,14,8985.693967205709,SAT,,5.905,
106,28,74,10.7096199989,0,307.93480788205864,-1,10.7096199989,0.0,2,0.0,14,8996.403587204608,UNSAT,,10.751,
107,28,97,4.42962813377,0,294.0123017769039,-1,4.42962813377,0.0,1,0.0,14,9000.833215338378,SAT,,4.453,
108,28,119,4.43966794014,0,288.2537851933122,-1,4.43966794014,0.0,1,0.0,14,9005.272883278518,SAT,,4.471,
109,28,114,4.84603500366,0,282.4822170551598,-1,4.84603500366,0.0,1,0.0,14,9010.118918282178,SAT,,4.873,
110,28,25,7.91562414169,0,276.18237211217286,-1,7.91562414169,0.0,2,0.0,14,9018.034542423868,UNSAT,,7.954,
111,28,13,5.69787096977,0,2000.0,-1,5.69787096977,0.0,2,0.0,14,9023.732413393638,UNSAT,,5.737,
112,28,142,4.77131199837,0,1993.0996473770322,-1,4.77131199837,0.0,1,0.0,14,9028.503725392007,SAT,,4.807,
113,28,47,5.26462888718,0,1986.8969408686937,-1,5.26462888718,0.0,1,0.0,14,9033.768354279187,SAT,,5.301,
114,28,140,4.46994304657,0,1980.0529235865654,-1,4.46994304657,0.0,1,0.0,14,9038.238297325757,SAT,,4.499,
115,28,95,4.59732103348,0,1974.2419973838807,-1,4.59732103348,0.0,1,0.0,14,9042.835618359237,SAT,,4.624,
116,28,110,7.98049497604,0,1968.265481096107,-1,7.98049497604,0.0,1,0.0,14,9050.816113335277,SAT,,8.02,
117,28,100,7.36564302444,0,1957.8908366974176,-1,7.36564302444,0.0,2,0.0,14,9058.181756359716,UNSAT,,7.414,
118,28,58,4.50786495209,0,1948.3155007365824,-1,4.50786495209,0.0,1,0.0,14,9062.689621311805,SAT,,4.551,
119,28,11,1803.26729202,0,1942.4552764635266,-1,1803.26729202,0.0,2,0.0,14,10865.956913331805,UNSAT,,1803.298,
120,24,101,3.98370409012,0,2000.0,-1,3.98370409012,0.0,1,0.0,14,10869.940617421926,SAT,,4.075,
121,29,5,6.82123994827,0,11.20575479080081,-1,6.82123994827,0.0,2,0.0,14,10876.761857370197,UNSAT,,6.885,
122,29,54,6.84775900841,0,21.858806524771456,-1,6.84775900841,0.0,1,0.0,14,10883.609616378606,SAT,,6.888,
123,29,25,9.9177069664,0,12.95672011409998,-1,9.9177069664,0.0,2,0.0,14,10893.527323345006,UNSAT,,9.945,
124,24,3,4.72893500328,0,2000.0,-1,4.72893500328,0.0,2,0.0,15,10898.256258348287,UNSAT,,4.772,
125,30,25,8.95264101028,0,11.74143151228428,-1,8.95264101028,0.0,2,0.0,15,10907.208899358568,UNSAT,,8.99,
126,24,26,43.1186170578,0,2000.0,-1,43.1186170578,0.0,2,0.0,15,10950.327516416368,UNSAT,,43.178,
127,31,117,4.85267496109,0,7.678259805190564,-1,4.85267496109,0.0,1,0.0,15,10955.180191377458,SAT,,4.9,
128,31,25,8.65137219429,0,26.04590141062737,-1,8.65137219429,0.0,2,0.0,15,10963.831563571748,UNSAT,,8.687,
129,31,110,2000.0,0,14.799117751765252,-1,148.7567,0.0,-1,1.0E9,15,11112.588263571748,CRASHED,Run Exceeded Captime -- Treating as CRASHED;Killed Manually,156.586,
130,24,79,4.89692091942,0,2000.0,-1,4.89692091942,0.0,2,0.0,16,11117.485184491168,UNSAT,,4.932,
131,32,63,3.82745099068,0,7.003660302954913,-1,3.82745099068,0.0,1,0.0,16,11121.312635481849,SAT,,3.871,
132,32,11,138.737587929,0,1563.2653006244184,-1,138.737587929,0.0,2,0.0,16,11260.050223410848,UNSAT,,138.779,
133,32,66,1812.8667109,0,1382.9064359780134,-1,1812.8667109,0.0,2,0.0,16,13072.916934310848,UNSAT,,1812.89,
134,24,113,14.4251890182,0,2000.0,-1,14.4251890182,0.0,1,0.0,16,13087.342123329048,SAT,,14.492,
135,33,74,5.06685805321,0,10.92371045460105,-1,5.06685805321,0.0,2,0.0,16,13092.408981382257,UNSAT,,5.191,
136,33,95,4.05139684677,0,20.0372465777874,-1,4.05139684677,0.0,1,0.0,16,13096.460378229027,SAT,,4.07,
137,33,58,6.19539999962,0,14.770429756838084,-1,6.19539999962,0.0,1,0.0,16,13102.655778228647,SAT,,6.231,
138,33,66,141.906197071,0,385.45746066455837,-1,141.906197071,0.0,2,0.0,16,13244.561975299648,UNSAT,,141.945,
139,33,114,333.384268045,0,200.97940432687403,-1,333.384268045,0.0,1,0.0,16,13577.946243344648,SAT,,333.412,
