Run Number,Run History Configuration ID,Instance ID,Response Value (y),Censored?,Cutoff Time Used,Seed,Runtime,Run Length,Run Result Code,Run Quality,SMAC Iteration,SMAC Cumulative Runtime,Run Result,Additional Algorithm Run Data,Wall Clock Time,
1,1,118,3.97026896477,0,2000.0,-1,3.97026896477,0.0,1,0.0,0,3.97026896477,SAT,,4.11,
2,1,76,4.51932096481,0,2000.0,-1,4.51932096481,0.0,2,0.0,1,8.48958992958,UNSAT,,4.557,
3,2,76,4.78848195076,0,6.877717644321919,-1,4.78848195076,0.0,2,0.0,1,13.278071880339999,UNSAT,,4.851,
4,1,128,3.83949780464,0,2000.0,-1,3.83949780464,0.0,1,0.0,1,17.117569684979998,SAT,,3.953,
5,3,76,4.36853909492,0,6.877717644321919,-1,4.36853909492,0.0,2,0.0,1,21.486108779899997,UNSAT,,4.414,
6,3,118,4.24838709831,0,11.353914149451256,-1,4.24838709831,0.0,1,0.0,1,25.734495878209998,SAT,,4.272,
7,3,128,3.54936599731,0,5.831010815101862,-1,3.54936599731,0.0,1,0.0,1,29.283861875519996,SAT,,3.596,
8,3,22,4.886095047,0,2000.0,-1,4.886095047,0.0,2,0.0,2,34.169956922519994,UNSAT,,4.911,
9,4,118,4.8882420063,0,6.5255036469280725,-1,4.8882420063,0.0,1,0.0,2,39.05819892881999,SAT,,4.918,
10,3,45,5.07844400406,0,2000.0,-1,5.07844400406,0.0,1,0.0,2,44.136642932879994,SAT,,5.127,
11,5,22,3.57776713371,0,7.354524348276854,-1,3.57776713371,0.0,2,0.0,2,47.71441006658999,UNSAT,,3.596,
12,5,76,3.70504307747,0,13.908030733811856,-1,3.70504307747,0.0,2,0.0,2,51.41945314405999,UNSAT,,3.746,
13,5,118,6.89394402504,0,9.09147438441515,-1,6.89394402504,0.0,1,0.0,2,58.31339716909999,SAT,,6.932,
14,3,98,3.07959413528,0,2000.0,-1,3.07959413528,0.0,1,0.0,3,61.39299130437999,SAT,,3.118,
15,6,128,9.0090610981,0,5.616776448088884,-1,9.0090610981,0.0,1,0.0,3,70.40205240248,SAT,,9.048,
16,3,138,4.04068613052,0,2000.0,-1,4.04068613052,0.0,1,0.0,3,74.442738533,SAT,,4.072,
17,7,76,3.47504997253,0,6.681700971323252,-1,3.47504997253,0.0,2,0.0,3,77.91778850553,UNSAT,,3.507,
18,7,118,46.8803141117,0,14.041563392031193,-1,46.8803141117,0.0,1,0.0,3,124.79810261723,SAT,,46.926,
19,3,121,3.72328710556,0,2000.0,-1,3.72328710556,0.0,1,0.0,4,128.52138972279,SAT,,3.748,
20,8,45,2000.0,0,7.60457784717083,-1,77.03455,0.0,-1,1.0E9,4,205.55593972279,CRASHED,Run Exceeded Captime -- Treating as CRASHED;Killed Manually,81.089,
21,3,73,4.62894010544,0,2000.0,-1,4.62894010544,0.0,2,0.0,4,210.18487982822998,UNSAT,,4.676,
22,9,128,4.52294611931,0,5.616776448088884,-1,4.52294611931,0.0,1,0.0,4,214.70782594754,SAT,,4.551,
23,3,114,5.05750703812,0,2000.0,-1,5.05750703812,0.0,1,0.0,5,219.76533298566,SAT,,5.082,
24,10,128,12.5611319542,0,5.616776448088884,-1,12.5611319542,0.0,1,0.0,5,232.32646493986,SAT,,12.606,
25,3,62,4.51405286789,0,2000.0,-1,4.51405286789,0.0,1,0.0,5,236.84051780775,SAT,,4.549,
26,11,128,4.79405093193,0,5.616776448088884,-1,4.79405093193,0.0,1,0.0,5,241.63456873968,SAT,,4.826,
27,3,146,12.264179945,0,2000.0,-1,12.264179945,0.0,1,0.0,6,253.89874868468,SAT,,12.288,
28,12,121,4.61301994324,0,5.842873443263769,-1,4.61301994324,0.0,1,0.0,6,258.51176862792,SAT,,4.656,
29,3,93,7.34608316422,0,2000.0,-1,7.34608316422,0.0,1,0.0,6,265.85785179213997,SAT,,7.367,
30,13,146,2000.0,0,16.946034308868647,-1,170.19819999999999,0.0,-1,1.0E9,6,436.05605179213995,CRASHED,Run Exceeded Captime -- Treating as CRASHED;Killed Manually,179.156,
31,3,44,5.15522193909,0,2000.0,-1,5.15522193909,0.0,1,0.0,7,441.21127373122994,SAT,,5.176,
32,14,62,4.9833741188,0,6.870869815695286,-1,4.9833741188,0.0,1,0.0,7,446.1946478500299,SAT,,5.031,
33,3,116,6.56950116158,0,2000.0,-1,6.56950116158,0.0,1,0.0,7,452.7641490116099,SAT,,6.607,
34,15,22,5.62715411186,0,7.354524348276854,-1,5.62715411186,0.0,2,0.0,7,458.3913031234699,UNSAT,,5.658,
35,3,42,13.6822268963,0,2000.0,-1,13.6822268963,0.0,1,0.0,8,472.0735300197699,SAT,,13.717,
36,16,45,2000.0,0,7.60457784717083,-1,76.56714999999998,0.0,-1,1.0E9,8,548.6406800197699,CRASHED,Run Exceeded Captime -- Treating as CRASHED;Killed Manually,80.597,
37,3,84,93.6555798054,0,2000.0,-1,93.6555798054,0.0,1,0.0,8,642.2962598251698,SAT,,93.706,
38,17,42,2000.0,0,18.789496168839932,-1,188.6985,0.0,-1,1.0E9,8,830.9947598251698,CRASHED,Run Exceeded Captime -- Treating as CRASHED;Killed Manually,198.63,
39,3,135,4.83242607117,0,2000.0,-1,4.83242607117,0.0,1,0.0,9,835.8271858963398,SAT,,4.859,
40,18,45,10.0918011665,0,7.60457784717083,-1,10.0918011665,0.0,1,0.0,9,845.9189870628397,SAT,,10.118,
41,3,35,138.341258049,0,2000.0,-1,138.341258049,0.0,1,0.0,9,984.2602451118397,SAT,,138.364,
42,19,45,9.40969896317,0,7.60457784717083,-1,9.40969896317,0.0,1,0.0,9,993.6699440750097,SAT,,9.445,
43,3,101,6.00005912781,0,2000.0,-1,6.00005912781,0.0,1,0.0,10,999.6700032028197,SAT,,6.037,
44,20,93,2000.0,0,10.5525087456882,-1,106.52159999999999,0.0,-1,1.0E9,10,1106.1916032028196,CRASHED,Run Exceeded Captime -- Treating as CRASHED;Killed Manually,112.128,
45,3,130,6.93209195137,0,2000.0,-1,6.93209195137,0.0,1,0.0,10,1113.1236951541896,SAT,,6.985,
46,21,130,5.88966584206,0,10.014319781559706,-1,5.88966584206,0.0,1,0.0,10,1119.0133609962495,SAT,,5.967,
47,21,138,5.80403804779,0,129.36550023813845,-1,5.80403804779,0.0,1,0.0,10,1124.8173990440396,SAT,,5.854,
48,21,84,115.391705036,0,121.8202512602985,-1,115.391705036,0.0,1,0.0,10,1240.2091040800397,SAT,,115.43,
49,3,26,7.35505104065,0,2000.0,-1,7.35505104065,0.0,2,0.0,11,1247.5641551206897,UNSAT,,7.392,
50,22,118,6.16615700722,0,6.5255036469280725,-1,6.16615700722,0.0,1,0.0,11,1253.7303121279097,SAT,,6.197,
51,3,108,6.25537705421,0,2000.0,-1,6.25537705421,0.0,1,0.0,11,1259.9856891821196,SAT,,6.298,
52,23,128,5.43807601929,0,5.616776448088884,-1,5.43807601929,0.0,1,0.0,11,1265.4237652014097,SAT,,5.482,
53,3,143,115.461177111,0,2000.0,-1,115.461177111,0.0,1,0.0,12,1380.8849423124097,SAT,,115.492,
54,24,42,17.7480280399,0,18.789496168839932,-1,17.7480280399,0.0,1,0.0,12,1398.6329703523097,SAT,,17.808,
55,3,19,10.4636740685,0,2000.0,-1,10.4636740685,0.0,2,0.0,12,1409.0966444208098,UNSAT,,10.535,
56,25,44,8.33005404472,0,7.70438955013752,-1,8.33005404472,0.0,1,0.0,12,1417.4266984655299,SAT,,8.403,
57,3,1,8.48670101166,0,2000.0,-1,8.48670101166,0.0,2,0.0,13,1425.9133994771898,UNSAT,,8.556,
58,26,101,9.62840819359,0,8.80267786641717,-1,9.62840819359,0.0,1,0.0,13,1435.54180767078,SAT,,9.687,
59,3,23,13.9796888828,0,2000.0,-1,13.9796888828,0.0,2,0.0,13,1449.52149655358,UNSAT,,14.02,
60,27,44,8.01153516769,0,7.70438955013752,-1,8.01153516769,0.0,1,0.0,13,1457.53303172127,SAT,,8.068,
61,3,20,8.67674207687,0,2000.0,-1,8.67674207687,0.0,2,0.0,14,1466.2097737981398,UNSAT,,8.733,
62,28,23,7.12403702736,0,19.17619629611373,-1,7.12403702736,0.0,2,0.0,14,1473.3338108254998,UNSAT,,7.197,
63,28,135,5.47693109512,0,22.551624931740765,-1,5.47693109512,0.0,1,0.0,14,1478.8107419206199,SAT,,5.513,
64,28,22,7.64008903503,0,15.431614488708973,-1,7.64008903503,0.0,2,0.0,14,1486.45083095565,UNSAT,,7.691,
65,28,84,2000.0,0,147.4866054843843,-1,1475.58655,0.0,-1,1.0E9,14,2962.03738095565,CRASHED,Run Exceeded Captime -- Treating as CRASHED;Killed Manually,1553.249,
66,3,119,4.93342089653,0,2000.0,-1,4.93342089653,0.0,1,0.0,14,2966.97080185218,SAT,,4.976,
67,29,35,132.502074957,0,180.8462360765517,-1,132.502074957,0.0,1,0.0,14,3099.47287680918,SAT,,132.564,
68,29,138,4.01871204376,0,25.128794823187594,-1,4.01871204376,0.0,1,0.0,14,3103.49158885294,SAT,,4.049,
69,29,20,4.94133400917,0,19.90446940844059,-1,4.94133400917,0.0,2,0.0,14,3108.43292286211,UNSAT,,4.979,
70,29,73,4.46408200264,0,56.40192738582492,-1,4.46408200264,0.0,2,0.0,14,3112.89700486475,UNSAT,,4.488,
71,29,42,12.1163339615,0,50.59862023999095,-1,12.1163339615,0.0,1,0.0,14,3125.01333882625,SAT,,12.14,
72,29,26,5.83521699905,0,34.847386729317904,-1,5.83521699905,0.0,2,0.0,14,3130.8485558253,UNSAT,,5.877,
73,29,93,8.09788799286,0,27.261604078459744,-1,8.09788799286,0.0,1,0.0,14,3138.94644381816,SAT,,8.142,
74,29,118,3.82360601425,0,334.88184408133026,-1,3.82360601425,0.0,1,0.0,14,3142.7700498324098,SAT,,3.852,
75,29,119,3.83373999596,0,329.91115710546376,-1,3.83373999596,0.0,1,0.0,14,3146.60378982837,SAT,,3.87,
76,29,98,3.29483795166,0,324.92729508166315,-1,3.29483795166,0.0,1,0.0,14,3149.89862778003,SAT,,3.322,
77,29,146,14.4708089828,0,320.64400491153003,-1,14.4708089828,0.0,1,0.0,14,3164.36943676283,SAT,,14.492,
78,29,84,81.8137769699,0,301.8319542411447,-1,81.8137769699,0.0,1,0.0,14,3246.18321373273,SAT,,81.858,
79,29,45,6.60665011406,0,195.47404310514332,-1,6.60665011406,0.0,1,0.0,14,3252.78986384679,SAT,,6.641,
80,29,143,75.8034219742,0,186.88539861549737,-1,75.8034219742,0.0,1,0.0,14,3328.59328582099,SAT,,75.837,
81,29,101,5.09554386139,0,88.3409495357156,-1,5.09554386139,0.0,1,0.0,14,3333.68882968238,SAT,,5.139,
82,29,116,5.94644594193,0,197.14053048600556,-1,5.94644594193,0.0,1,0.0,14,3339.63527562431,SAT,,5.98,
83,29,135,3.86329388618,0,189.41015162353517,-1,3.86329388618,0.0,1,0.0,14,3343.49856951049,SAT,,3.896,
84,29,44,4.85487008095,0,184.38786863197686,-1,4.85487008095,0.0,1,0.0,14,3348.3534395914403,SAT,,4.899,
85,29,121,4.61284399033,0,178.0765375945449,-1,4.61284399033,0.0,1,0.0,14,3352.9662835817703,SAT,,4.653,
86,29,62,4.42186999321,0,172.07984103669526,-1,4.42186999321,0.0,1,0.0,14,3357.38815357498,SAT,,4.449,
87,29,22,6.24627184868,0,166.33140974526407,-1,6.24627184868,0.0,2,0.0,14,3363.63442542366,UNSAT,,6.28,
88,29,19,6.47023701668,0,158.21125673909785,-1,6.47023701668,0.0,2,0.0,14,3370.1046624403402,UNSAT,,6.516,
89,29,128,4.71248197556,0,149.7999487336457,-1,4.71248197556,0.0,1,0.0,14,3374.8171444159,SAT,,4.751,
90,29,23,7.47086715698,0,143.6737221557379,-1,7.47086715698,0.0,2,0.0,14,3382.2880115728804,UNSAT,,7.517,
91,29,108,4.86398911476,0,133.9615942802012,-1,4.86398911476,0.0,1,0.0,14,3387.1520006876403,SAT,,4.9,
92,29,114,5.42082500458,0,127.63840908964278,-1,5.42082500458,0.0,1,0.0,14,3392.5728256922202,SAT,,5.451,
93,29,76,5.71010518074,0,120.59133601223232,-1,5.71010518074,0.0,2,0.0,14,3398.28293087296,UNSAT,,5.734,
94,29,1,5.39826202393,0,113.16819897701146,-1,5.39826202393,0.0,2,0.0,14,3403.68119289689,UNSAT,,5.427,
95,29,130,4.87963008881,0,106.15045920794012,-1,4.87963008881,0.0,1,0.0,14,3408.5608229857,SAT,,4.902,
96,29,151,157.33180809,0,2000.0,-1,157.33180809,0.0,1,0.0,15,3565.8926310756997,SAT,,157.368,
97,30,62,4.25051307678,0,6.751031604009867,-1,4.25051307678,0.0,1,0.0,15,3570.1431441524796,SAT,,4.279,
98,30,121,4.20554089546,0,13.027968526232243,-1,4.20554089546,0.0,1,0.0,15,3574.34868504794,SAT,,4.246,
99,30,73,4.51797604561,0,7.560765546160937,-1,4.51797604561,0.0,2,0.0,15,3578.8666610935497,UNSAT,,4.558,
100,30,151,260.848814964,0,229.49540688504578,-1,260.848814964,0.0,1,0.0,15,3839.7154760575495,SAT,,260.883,
101,29,124,5.0346930027,0,2000.0,-1,5.0346930027,0.0,1,0.0,15,3844.7501690602494,SAT,,5.074,
102,31,20,4.88697981834,0,7.426334534186125,-1,4.88697981834,0.0,2,0.0,15,3849.6371488785894,UNSAT,,4.933,
103,31,124,25.5676100254,0,15.2067439522326,-1,25.5676100254,0.0,1,0.0,15,3875.2047589039894,SAT,,25.589,
104,29,125,5.57003808022,0,2000.0,-1,5.57003808022,0.0,1,0.0,16,3880.7747969842094,SAT,,5.603,
105,32,1,4.79522013664,0,8.020341292369366,-1,4.79522013664,0.0,2,0.0,16,3885.5700171208496,UNSAT,,4.835,
106,32,101,6.40349602699,0,14.724693622785807,-1,6.40349602699,0.0,1,0.0,16,3891.9735131478396,SAT,,6.436,
107,32,44,6.33755397797,0,6.400148187178374,-1,6.33755397797,0.0,1,0.0,16,3898.3110671258096,SAT,,6.356,
108,29,5,7.2166390419,0,2000.0,-1,7.2166390419,0.0,2,0.0,16,3905.5277061677098,UNSAT,,7.26,
109,33,1,4.65806889534,0,8.020341292369366,-1,4.65806889534,0.0,2,0.0,16,3910.1857750630497,UNSAT,,4.683,
110,33,116,12.8279221058,0,19.409958355474473,-1,12.8279221058,0.0,1,0.0,16,3923.01369716885,SAT,,12.863,
111,33,23,5.68968296051,0,2.7336601990938183,-1,5.68968296051,0.0,2,0.0,16,3928.7033801293596,UNSAT,,5.727,
