Run Number,Run History Configuration ID,Instance ID,Response Value (y),Censored?,Cutoff Time Used,Seed,Runtime,Run Length,Run Result Code,Run Quality,SMAC Iteration,SMAC Cumulative Runtime,Run Result,Additional Algorithm Run Data,Wall Clock Time,
1,1,21,9.52376699448,0,2000.0,-1,9.52376699448,0.0,2,0.0,0,9.52376699448,UNSAT,,9.633,
2,1,97,3.90110898018,0,2000.0,-1,3.90110898018,0.0,1,0.0,1,13.42487597466,SAT,,4.013,
3,2,97,3.72608208656,0,6.074042141783237,-1,3.72608208656,0.0,1,0.0,1,17.150958061220003,SAT,,3.754,
4,2,21,13.098623991,0,13.612333115535975,-1,13.098623991,0.0,2,0.0,1,30.249582052220003,UNSAT,,13.119,
5,1,58,4.32629680634,0,2000.0,-1,4.32629680634,0.0,1,0.0,1,34.57587885856,SAT,,4.449,
6,3,58,3.32308793068,0,6.626786373901368,-1,3.32308793068,0.0,1,0.0,1,37.898966789240006,SAT,,3.351,
7,3,97,3.63548994064,0,19.761711068797112,-1,3.63548994064,0.0,1,0.0,1,41.534456729880006,SAT,,3.669,
8,3,21,4.4797141552,0,15.03557366167307,-1,4.4797141552,0.0,2,0.0,1,46.014170885080006,UNSAT,,4.511,
9,3,93,1287.3796339,0,2000.0,-1,1287.3796339,0.0,1,0.0,2,1333.39380478508,SAT,,1287.413,
10,4,21,6.39139389992,0,6.826229382652045,-1,6.39139389992,0.0,2,0.0,2,1339.785198685,UNSAT,,6.462,
11,3,65,1802.2999351,0,2000.0,-1,1802.2999351,0.0,2,0.0,2,3142.085133785,UNSAT,,1802.348,
12,5,21,5.49342703819,0,6.826229382652045,-1,5.49342703819,0.0,2,0.0,2,3147.57856082319,UNSAT,,5.553,
13,3,118,8.11075496674,0,2000.0,-1,8.11075496674,0.0,1,0.0,3,3155.68931578993,SAT,,8.138,
14,6,58,5.16398000717,0,5.322615232664346,-1,5.16398000717,0.0,1,0.0,3,3160.8532957970997,SAT,,5.208,
15,3,86,11.8779969215,0,2000.0,-1,11.8779969215,0.0,1,0.0,3,3172.7312927186,SAT,,11.908,
16,7,93,92.445638895,0,1674.5961252491654,-1,92.445638895,0.0,1,0.0,3,3265.1769316135997,SAT,,92.473,
17,7,118,6.26148104668,0,1580.4047715741874,-1,6.26148104668,0.0,1,0.0,3,3271.4384126602795,SAT,,6.285,
18,7,86,15.050714016,0,1572.2648463103653,-1,15.050714016,0.0,1,0.0,3,3286.4891266762793,SAT,,15.074,
19,7,97,4.13619685173,0,2000.0,-1,4.13619685173,0.0,1,0.0,3,3290.625323528009,SAT,,4.178,
20,7,58,5.33745217323,0,2000.0,-1,5.33745217323,0.0,1,0.0,3,3295.962775701239,SAT,,5.357,
21,7,21,5.07661700249,0,2000.0,-1,5.07661700249,0.0,2,0.0,3,3301.039392703729,UNSAT,,5.102,
22,7,65,19.464094162,0,2000.0,-1,19.464094162,0.0,2,0.0,3,3320.503486865729,UNSAT,,19.505,
23,7,46,8.25624799728,0,2000.0,-1,8.25624799728,0.0,1,0.0,4,3328.759734863009,SAT,,8.28,
24,6,21,4.86474204063,0,7.829016156840325,-1,4.86474204063,0.0,2,0.0,4,3333.624476903639,UNSAT,,4.904,
25,6,97,3.63746809959,0,32.18782980774641,-1,3.63746809959,0.0,1,0.0,4,3337.261945003229,SAT,,3.669,
26,6,65,2000.0,0,27.45912204344869,-1,275.17035,0.0,-1,1.0E9,4,3612.432295003229,CRASHED,Run Exceeded Captime -- Treating as CRASHED;Killed Manually,289.653,
27,7,59,99.7279398441,0,2000.0,-1,99.7279398441,0.0,1,0.0,4,3712.160234847329,SAT,,99.761,
28,8,97,4.89197206497,0,6.379656762230397,-1,4.89197206497,0.0,1,0.0,4,3717.052206912299,SAT,,4.929,
29,7,133,14.5638182163,0,2000.0,-1,14.5638182163,0.0,1,0.0,5,3731.616025128599,SAT,,14.605,
30,9,86,13.3058447838,0,20.56852838804126,-1,13.3058447838,0.0,1,0.0,5,3744.921869912399,SAT,,13.342,
31,9,93,55.2757959366,0,142.3858242932439,-1,55.2757959366,0.0,1,0.0,5,3800.197665848999,SAT,,55.312,
32,9,133,27.6740977764,0,70.52729072828889,-1,27.6740977764,0.0,1,0.0,5,3827.8717636253987,SAT,,27.71,
33,9,118,8.42992901802,0,204.58442046155335,-1,8.42992901802,0.0,1,0.0,5,3836.301692643419,SAT,,8.45,
34,9,59,124.773852825,0,193.6255131739855,-1,124.773852825,0.0,1,0.0,5,3961.075545468419,SAT,,124.815,
35,9,65,2000.0,0,31.419503677982096,-1,315.07795,0.0,-1,1.0E9,5,4276.153495468419,CRASHED,Run Exceeded Captime -- Treating as CRASHED;Killed Manually,331.661,
36,7,8,471.525056124,0,2000.0,-1,471.525056124,0.0,2,0.0,5,4747.678551592419,UNSAT,,471.569,
37,10,59,2000.0,0,130.64892207120658,-1,1307.5002,0.0,-1,1.0E9,5,6055.178751592419,CRASHED,Run Exceeded Captime -- Treating as CRASHED;Killed Manually,1376.316,
38,7,25,6.07137417793,0,2000.0,-1,6.07137417793,0.0,2,0.0,6,6061.250125770349,UNSAT,,6.104,
39,11,46,10.2929649353,0,11.735722970563174,-1,10.2929649353,0.0,1,0.0,6,6071.543090705649,SAT,,10.369,
40,7,9,101.86712718,0,2000.0,-1,101.86712718,0.0,2,0.0,6,6173.410217885649,UNSAT,,101.89,
41,12,97,4.97757005692,0,6.379656762230397,-1,4.97757005692,0.0,1,0.0,6,6178.387787942569,SAT,,5.004,
42,7,84,1500.96405792,0,2000.0,-1,1500.96405792,0.0,1,0.0,7,7679.3518458625695,SAT,,1501.003,
43,13,9,16.1445119381,0,133.4298657145083,-1,16.1445119381,0.0,2,0.0,7,7695.496357800669,UNSAT,,16.202,
44,13,59,8.8218998909,0,855.0734953846514,-1,8.8218998909,0.0,1,0.0,7,7704.318257691569,SAT,,8.852,
45,13,8,34.8503160477,0,843.6050253811956,-1,34.8503160477,0.0,2,0.0,7,7739.168573739269,UNSAT,,34.876,
46,13,93,15.8149209023,0,2000.0,-1,15.8149209023,0.0,1,0.0,7,7754.983494641569,SAT,,15.838,
47,13,118,5.27324080467,0,2000.0,-1,5.27324080467,0.0,1,0.0,7,7760.25673544624,SAT,,5.315,
48,13,84,173.814517975,0,2000.0,-1,173.814517975,0.0,1,0.0,7,7934.07125342124,SAT,,173.855,
49,13,97,5.11713194847,0,2000.0,-1,5.11713194847,0.0,1,0.0,7,7939.18838536971,SAT,,5.156,
50,13,21,10.1299231052,0,2000.0,-1,10.1299231052,0.0,2,0.0,7,7949.31830847491,UNSAT,,10.155,
51,13,86,5.27685618401,0,2000.0,-1,5.27685618401,0.0,1,0.0,7,7954.59516465892,SAT,,5.369,
52,13,65,23.7323150635,0,2000.0,-1,23.7323150635,0.0,2,0.0,7,7978.32747972242,UNSAT,,23.762,
53,13,25,8.484375,0,2000.0,-1,8.484375,0.0,2,0.0,7,7986.81185472242,UNSAT,,8.52,
54,13,46,13.1688718796,0,2000.0,-1,13.1688718796,0.0,1,0.0,7,7999.980726602021,SAT,,13.194,
55,13,58,7.61804509163,0,2000.0,-1,7.61804509163,0.0,1,0.0,7,8007.598771693651,SAT,,7.662,
56,13,133,10.2351779938,0,2000.0,-1,10.2351779938,0.0,1,0.0,7,8017.8339496874505,SAT,,10.277,
57,13,42,12.3289139271,0,2000.0,-1,12.3289139271,0.0,1,0.0,7,8030.162863614551,SAT,,12.407,
58,14,58,7.24450206757,0,10.906059377241135,-1,7.24450206757,0.0,1,0.0,7,8037.40736568212,SAT,,7.271,
59,14,93,9.98887705803,0,28.702475119727854,-1,9.98887705803,0.0,1,0.0,7,8047.39624274015,SAT,,10.022,
60,14,97,5.00623512268,0,15.716935031461716,-1,5.00623512268,0.0,1,0.0,7,8052.40247786283,SAT,,5.027,
61,14,46,2000.0,0,89.52857441117169,-1,895.89845,0.0,-1,1.0E9,7,8948.30092786283,CRASHED,Run Exceeded Captime -- Treating as CRASHED;Killed Manually,943.051,
62,13,17,6.56516098976,0,2000.0,-1,6.56516098976,0.0,2,0.0,8,8954.86608885259,UNSAT,,6.594,
63,15,58,4.64001202583,0,10.906059377241135,-1,4.64001202583,0.0,1,0.0,8,8959.50610087842,SAT,,4.714,
64,15,59,14.8922159672,0,29.514013033705954,-1,14.8922159672,0.0,1,0.0,8,8974.39831684562,SAT,,14.928,
65,15,21,6.26959514618,0,10.154132441031933,-1,6.26959514618,0.0,2,0.0,8,8980.667911991799,UNSAT,,6.305,
66,15,97,4.78645992279,0,78.52883924578428,-1,4.78645992279,0.0,1,0.0,8,8985.45437191459,SAT,,4.828,
67,15,42,405.628953934,0,72.30644038726687,-1,405.628953934,0.0,1,0.0,8,9391.083325848589,SAT,,405.652,
68,13,117,4.8934340477,0,2000.0,-1,4.8934340477,0.0,1,0.0,8,9395.97675989629,SAT,,4.928,
69,16,9,17.5741112232,0,21.990466200160984,-1,17.5741112232,0.0,2,0.0,8,9413.55087111949,UNSAT,,17.609,
70,13,80,5.06475996971,0,2000.0,-1,5.06475996971,0.0,2,0.0,9,9418.6156310892,UNSAT,,5.101,
71,17,93,14.4006888866,0,21.561997466135026,-1,14.4006888866,0.0,1,0.0,9,9433.0163199758,SAT,,14.426,
72,17,21,14.997177124,0,22.596790816980604,-1,14.997177124,0.0,2,0.0,9,9448.0134970998,UNSAT,,15.021,
73,17,80,5.41494178772,0,3.1004597324609757,-1,5.41494178772,0.0,2,0.0,9,9453.42843888752,UNSAT,,5.439,
74,13,110,9.44144487381,0,2000.0,-1,9.44144487381,0.0,1,0.0,9,9462.86988376133,SAT,,9.484,
75,18,59,21.6796009541,0,12.471070316034556,-1,21.6796009541,0.0,1,0.0,9,9484.54948471543,SAT,,21.729,
76,13,36,8.86480402946,0,2000.0,-1,8.86480402946,0.0,1,0.0,10,9493.414288744889,SAT,,8.899,
77,19,21,8.44692897797,0,14.17150021378994,-1,8.44692897797,0.0,2,0.0,10,9501.861217722859,UNSAT,,8.477,
78,19,84,164.319152117,0,236.0071797746897,-1,164.319152117,0.0,1,0.0,10,9666.180369839858,SAT,,164.346,
79,19,118,5.20536398888,0,22.39228215848208,-1,5.20536398888,0.0,1,0.0,10,9671.385733828738,SAT,,5.23,
80,19,46,17.4518220425,0,83.26924740185142,-1,17.4518220425,0.0,1,0.0,10,9688.837555871238,SAT,,17.498,
81,19,117,5.36572504044,0,60.58187902753353,-1,5.36572504044,0.0,1,0.0,10,9694.203280911677,SAT,,5.406,
82,19,65,27.750357151,0,53.60643573884964,-1,27.750357151,0.0,2,0.0,10,9721.953638062678,UNSAT,,27.792,
83,19,133,9.77960085869,0,17.53097156842351,-1,9.77960085869,0.0,1,0.0,10,9731.733238921368,SAT,,9.836,
84,19,9,100.016875982,0,123.05581456829907,-1,100.016875982,0.0,2,0.0,10,9831.750114903369,UNSAT,,100.054,
85,13,64,6.99918699265,0,2000.0,-1,6.99918699265,0.0,1,0.0,10,9838.74930189602,SAT,,7.026,
86,20,64,4.14227199554,0,10.101543635475636,-1,4.14227199554,0.0,1,0.0,10,9842.89157389156,SAT,,4.21,
87,20,46,2000.0,0,34.11260236834288,-1,341.71215,0.0,-1,1.0E9,10,10184.60372389156,CRASHED,Run Exceeded Captime -- Treating as CRASHED;Killed Manually,359.697,
88,13,147,145.081898212,0,2000.0,-1,145.081898212,0.0,1,0.0,11,10329.68562210356,SAT,,145.107,
89,21,9,2.66367793083,0,21.990466200160984,-1,2.66367793083,0.0,2,0.0,11,10332.34930003439,UNSAT,,2.753,
90,21,59,2000.0,0,47.118287615823746,-1,471.90869999999995,0.0,-1,1.0E9,11,10804.25800003439,CRASHED,Run Exceeded Captime -- Treating as CRASHED;Killed Manually,496.746,
91,13,98,3.61342477798,0,2000.0,-1,3.61342477798,0.0,1,0.0,11,10807.871424812369,SAT,,3.648,
92,22,17,5.60692000389,0,9.537309676754475,-1,5.60692000389,0.0,2,0.0,11,10813.478344816258,UNSAT,,5.628,
93,22,46,2000.0,0,30.400134891617302,-1,304.6479,0.0,-1,1.0E9,11,11118.126244816258,CRASHED,Run Exceeded Captime -- Treating as CRASHED;Killed Manually,320.682,
94,13,44,4.48619103432,0,2000.0,-1,4.48619103432,0.0,1,0.0,12,11122.612435850579,SAT,,4.532,
95,23,80,4.53780817986,0,7.5867887478053575,-1,4.53780817986,0.0,2,0.0,12,11127.15024403044,UNSAT,,4.573,
96,23,147,236.131290913,0,197.15191851218344,-1,236.131290913,0.0,1,0.0,12,11363.281534943439,SAT,,236.166,
97,13,50,4.24420809746,0,2000.0,-1,4.24420809746,0.0,1,0.0,12,11367.525743040898,SAT,,4.273,
98,24,50,3.50750613213,0,6.520071149218083,-1,3.50750613213,0.0,1,0.0,12,11371.033249173028,SAT,,3.546,
99,24,25,5.3204190731,0,43.8446102555573,-1,5.3204190731,0.0,2,0.0,12,11376.353668246127,UNSAT,,5.355,
100,24,65,2000.0,0,36.92806604166627,-1,370.1941,0.0,-1,1.0E9,12,11746.547768246128,CRASHED,Run Exceeded Captime -- Treating as CRASHED;Killed Manually,389.678,
101,13,49,4.29532504082,0,2000.0,-1,4.29532504082,0.0,1,0.0,13,11750.843093286949,SAT,,4.321,
102,25,58,6.65099000931,0,10.906059377241135,-1,6.65099000931,0.0,1,0.0,13,11757.494083296258,SAT,,6.73,
103,25,93,6.61531496048,0,29.474041134464745,-1,6.61531496048,0.0,1,0.0,13,11764.109398256738,SAT,,6.649,
104,25,97,4.24673604965,0,20.874130901294947,-1,4.24673604965,0.0,1,0.0,13,11768.356134306388,SAT,,4.275,
105,25,84,72.9132750034,0,458.07313694466944,-1,72.9132750034,0.0,1,0.0,13,11841.269409309789,SAT,,72.951,
106,25,46,12.380453825,0,363.28587931429144,-1,12.380453825,0.0,1,0.0,13,11853.64986313479,SAT,,12.402,
107,25,25,8.24315190315,0,347.1912894289672,-1,8.24315190315,0.0,2,0.0,13,11861.89301503794,UNSAT,,8.26,
108,25,147,109.726433992,0,336.4751919064402,-1,109.726433992,0.0,1,0.0,13,11971.61944902994,SAT,,109.752,
109,25,36,8.27556800842,0,293.24471418594123,-1,8.27556800842,0.0,1,0.0,13,11979.89501703836,SAT,,8.315,
110,25,59,8.75778698921,0,282.4864751551032,-1,8.75778698921,0.0,1,0.0,13,11988.65280402757,SAT,,8.792,
111,25,117,4.69753313065,0,271.1013522822142,-1,4.69753313065,0.0,1,0.0,13,11993.35033715822,SAT,,4.731,
112,25,50,3.35916495323,0,264.9945589605451,-1,3.35916495323,0.0,1,0.0,13,11996.70950211145,SAT,,3.394,
113,25,65,21.9927370548,0,260.62764440511467,-1,21.9927370548,0.0,2,0.0,13,12018.702239166249,UNSAT,,22.033,
114,25,9,73.6570520401,0,232.037086960274,-1,73.6570520401,0.0,2,0.0,13,12092.359291206349,UNSAT,,73.683,
115,25,86,4.17842292786,0,136.28291859139802,-1,4.17842292786,0.0,1,0.0,13,12096.537714134209,SAT,,4.199,
116,25,44,4.58856415749,0,130.85096933727266,-1,4.58856415749,0.0,1,0.0,13,12101.126278291698,SAT,,4.625,
117,25,21,8.80743694305,0,266.3360723186016,-1,8.80743694305,0.0,2,0.0,13,12109.933715234749,UNSAT,,8.852,
118,25,8,24.2688651085,0,254.88640478660466,-1,24.2688651085,0.0,2,0.0,13,12134.20258034325,UNSAT,,24.29,
119,25,42,10.1939370632,0,223.33687952567936,-1,10.1939370632,0.0,1,0.0,13,12144.39651740645,SAT,,10.224,
120,25,17,5.23548817635,0,210.0847620408714,-1,5.23548817635,0.0,2,0.0,13,12149.6320055828,UNSAT,,5.26,
121,25,110,9.13318920135,0,203.27862695639135,-1,9.13318920135,0.0,1,0.0,13,12158.76519478415,SAT,,9.166,
122,25,133,6.72517514229,0,191.40548127551676,-1,6.72517514229,0.0,1,0.0,13,12165.49036992644,SAT,,6.757,
123,25,80,4.11398410797,0,182.6627533774555,-1,4.11398410797,0.0,2,0.0,13,12169.604354034409,UNSAT,,4.149,
124,25,49,4.30317997932,0,177.31457379494907,-1,4.30317997932,0.0,1,0.0,13,12173.90753401373,SAT,,4.348,
125,25,118,3.78451609612,0,171.72044020925762,-1,3.78451609612,0.0,1,0.0,13,12177.69205010985,SAT,,3.819,
126,25,98,3.76682901382,0,166.80056954582335,-1,3.76682901382,0.0,1,0.0,13,12181.458879123671,SAT,,3.795,
127,25,64,5.72144699097,0,161.90369165350796,-1,5.72144699097,0.0,1,0.0,13,12187.180326114642,SAT,,5.765,
128,25,26,8.64024281502,0,2000.0,-1,8.64024281502,0.0,2,0.0,13,12195.820568929661,UNSAT,,8.683,
129,26,80,3.97945189476,0,6.350779895085097,-1,3.97945189476,0.0,2,0.0,13,12199.800020824421,UNSAT,,4.021,
130,26,9,2000.0,0,102.36620939185025,-1,1023.8055,0.0,-1,1.0E9,13,13223.605520824422,CRASHED,Run Exceeded Captime -- Treating as CRASHED;Killed Manually,1077.69,
131,25,34,3.94982409477,0,2000.0,-1,3.94982409477,0.0,1,0.0,14,13227.555344919192,SAT,,3.974,
132,27,8,7.33438801765,0,32.55212557350397,-1,7.33438801765,0.0,2,0.0,14,13234.889732936843,UNSAT,,7.398,
133,27,118,5.58624720573,0,38.698130462664366,-1,5.58624720573,0.0,1,0.0,14,13240.475980142573,SAT,,5.608,
134,27,36,6.14320802689,0,31.4360082041204,-1,6.14320802689,0.0,1,0.0,14,13246.619188169463,SAT,,6.18,
135,27,93,8.87116289139,0,62.99905841087103,-1,8.87116289139,0.0,1,0.0,14,13255.490351060853,SAT,,8.893,
136,27,133,2000.0,0,51.466546196836234,-1,515.2952,0.0,-1,1.0E9,14,13770.785551060853,CRASHED,Run Exceeded Captime -- Treating as CRASHED;Killed Manually,542.416,
137,25,77,5.98459601402,0,2000.0,-1,5.98459601402,0.0,2,0.0,14,13776.770147074873,UNSAT,,6.006,
138,28,133,18.4429278374,0,9.745328210639954,-1,18.4429278374,0.0,1,0.0,14,13795.213074912272,SAT,,18.512,
139,25,108,5.27659893036,0,2000.0,-1,5.27659893036,0.0,1,0.0,15,13800.489673842632,SAT,,5.301,
140,29,42,13.2852258682,0,14.254719008105994,-1,13.2852258682,0.0,1,0.0,15,13813.774899710832,SAT,,13.334,
141,25,87,5.73371911049,0,2000.0,-1,5.73371911049,0.0,1,0.0,15,13819.508618821323,SAT,,5.794,
142,30,93,51.2089049816,0,9.602510545748473,-1,51.2089049816,0.0,1,0.0,15,13870.717523802923,SAT,,51.236,
143,25,119,4.37914586067,0,2000.0,-1,4.37914586067,0.0,1,0.0,16,13875.096669663593,SAT,,4.42,
144,31,34,4.68837690353,0,6.1373724493861195,-1,4.68837690353,0.0,1,0.0,16,13879.785046567124,SAT,,4.733,
145,25,130,5.16083502769,0,2000.0,-1,5.16083502769,0.0,1,0.0,16,13884.945881594813,SAT,,5.199,
146,32,118,6.60996508598,0,5.922470976012945,-1,6.60996508598,0.0,1,0.0,16,13891.555846680792,SAT,,6.635,
