Run Number,Run History Configuration ID,Instance ID,Response Value (y),Censored?,Cutoff Time Used,Seed,Runtime,Run Length,Run Result Code,Run Quality,SMAC Iteration,SMAC Cumulative Runtime,Run Result,Additional Algorithm Run Data,Wall Clock Time,
1,1,1944,1870.45337796,0,2000.0,-1,1870.45337796,0.0,1,0.0,0,1870.45337796,SAT,,1874.027,
2,1,2483,2925.93663597,0,2000.0,-1,2925.93663597,0.0,1,0.0,1,4796.39001393,SAT,,2928.757,
3,2,1944,1863.48380113,0,2000.0,-1,1863.48380113,0.0,1,0.0,1,6659.87381506,SAT,,1865.02,
4,2,2483,3046.0404532,0,2000.0,-1,3046.0404532,0.0,1,0.0,1,9705.91426826,SAT,,3047.232,
5,1,2143,4785.68690109,0,2000.0,-1,4785.68690109,0.0,1,0.0,1,14491.60116935,SAT,,4788.293,
6,3,1944,1856.57114816,0,2000.0,-1,1856.57114816,0.0,1,0.0,1,16348.17231751,SAT,,1856.97,
7,3,2483,2925.74958611,0,2000.0,-1,2925.74958611,0.0,1,0.0,1,19273.92190362,SAT,,2926.734,
8,3,2143,4755.25439,0,2000.0,-1,4755.25439,0.0,1,0.0,1,24029.176293620003,SAT,,4755.605,
9,3,2450,6025.679847,0,2000.0,-1,6025.679847,0.0,1,0.0,2,30054.856140620002,SAT,,6027.001,
10,4,2483,3025.95051003,0,2000.0,-1,3025.95051003,0.0,1,0.0,2,33080.80665065,SAT,,3026.696,
11,3,2037,4826.28894806,0,2000.0,-1,4826.28894806,0.0,1,0.0,2,37907.09559871,SAT,,4826.821,
12,5,1944,1863.43975401,0,2000.0,-1,1863.43975401,0.0,1,0.0,2,39770.535352720006,SAT,,1864.213,
13,3,1351,2941.95081401,0,2000.0,-1,2941.95081401,0.0,1,0.0,3,42712.48616673001,SAT,,2942.899,
14,6,2450,5851.88889813,0,2000.0,-1,5851.88889813,0.0,1,0.0,3,48564.37506486,SAT,,5852.5,
15,6,1351,2904.92841196,0,2000.0,-1,2904.92841196,0.0,1,0.0,3,51469.30347682,SAT,,2905.463,
16,6,2483,3054.65642095,0,2000.0,-1,3054.65642095,0.0,1,0.0,3,54523.95989777,SAT,,3055.937,
17,6,2037,5377.19240808,0,2000.0,-1,5377.19240808,0.0,1,0.0,3,59901.15230585,SAT,,5382.157,
18,6,2143,5068.28918314,0,2000.0,-1,5068.28918314,0.0,1,0.0,3,64969.44148899,SAT,,5071.187,
19,3,437,56.6538150311,0,2000.0,-1,56.6538150311,0.0,1,0.0,3,65026.0953040211,SAT,,57.208,
20,7,437,2000.0,0,74.65256023069024,-1,747.2111,0.0,-1,1.0E9,3,65773.3064040211,CRASHED,Run Exceeded Captime -- Treating as CRASHED;Killed Manually,786.538,
21,3,2576,1943.42858195,0,2000.0,-1,1943.42858195,0.0,1,0.0,4,67716.7349859711,SAT,,1944.957,
22,8,2450,5572.37802982,0,2000.0,-1,5572.37802982,0.0,1,0.0,4,73289.1130157911,SAT,,5572.842,
23,8,2576,1932.01702118,0,2000.0,-1,1932.01702118,0.0,1,0.0,4,75221.1300369711,SAT,,1933.026,
24,8,437,141.385772943,0,2000.0,-1,141.385772943,0.0,1,0.0,4,75362.5158099141,SAT,,142.082,
25,8,1351,2979.39115691,0,2000.0,-1,2979.39115691,0.0,1,0.0,4,78341.9069668241,SAT,,2980.955,
26,8,2037,5434.14641285,0,2000.0,-1,5434.14641285,0.0,1,0.0,4,83776.0533796741,SAT,,5438.687,
27,8,2483,3066.90141511,0,2000.0,-1,3066.90141511,0.0,1,0.0,4,86842.95479478409,SAT,,3067.402,
