Run Number,Run History Configuration ID,Instance ID,Response Value (y),Censored?,Cutoff Time Used,Seed,Runtime,Run Length,Run Result Code,Run Quality,SMAC Iteration,SMAC Cumulative Runtime,Run Result,Additional Algorithm Run Data,Wall Clock Time,
1,1,566,15.2442610264,0,2000.0,-1,15.2442610264,0.0,1,0.0,0,15.2442610264,SAT,,15.697,
2,1,1075,355.140400171,0,2000.0,-1,355.140400171,0.0,1,0.0,1,370.3846611974,SAT,,355.174,
3,2,566,13.0468890667,0,20.820140082734824,-1,13.0468890667,0.0,1,0.0,1,383.4315502641,SAT,,13.075,
4,2,1075,1805.30354095,0,465.54300411452647,-1,1805.30354095,0.0,1,0.0,1,2188.7350912141,SAT,,1805.334,
5,1,207,10.7469651699,0,2000.0,-1,10.7469651699,0.0,1,0.0,1,2199.482056384,SAT,,10.784,
6,3,1075,1803.60877705,0,462.68512046744223,-1,1803.60877705,0.0,1,0.0,1,4003.090833434,SAT,,1803.696,
7,1,518,388.338521957,0,2000.0,-1,388.338521957,0.0,1,0.0,2,4391.429355391,SAT,,388.386,
8,4,207,9.83186793327,0,14.97365505282879,-1,9.83186793327,0.0,1,0.0,2,4401.26122332427,SAT,,9.908,
9,4,566,10.8969271183,0,483.6948870572924,-1,10.8969271183,0.0,1,0.0,2,4412.158150442569,SAT,,10.925,
10,4,1075,1805.40825009,0,469.528881077069,-1,1805.40825009,0.0,1,0.0,2,6217.566400532569,SAT,,1805.446,
11,1,970,298.888719797,0,2000.0,-1,298.888719797,0.0,1,0.0,2,6516.455120329569,SAT,,298.974,
12,5,1075,1805.76406002,0,462.68512046744223,-1,1805.76406002,0.0,1,0.0,2,8322.219180349568,SAT,,1805.899,
13,1,1516,1825.95721102,0,2000.0,-1,1825.95721102,0.0,2,0.0,3,10148.176391369569,UNSAT,,1825.997,
14,6,1516,1820.33366203,0,2000.0,-1,1820.33366203,0.0,2,0.0,3,11968.510053399568,UNSAT,,1820.452,
15,6,566,6.82493209839,0,532.9734321575344,-1,6.82493209839,0.0,1,0.0,3,11975.334985497959,SAT,,6.859,
16,6,518,8.32662010193,0,524.1010204780579,-1,8.32662010193,0.0,1,0.0,3,11983.66160559989,SAT,,8.369,
17,6,970,9.30054593086,0,1377.489224810499,-1,9.30054593086,0.0,1,0.0,3,11992.96215153075,SAT,,9.344,
18,6,207,7.1856470108,0,1365.3985152844073,-1,7.1856470108,0.0,1,0.0,3,12000.14779854155,SAT,,7.209,
19,6,1075,8.33039808273,0,1356.0571738410474,-1,8.33039808273,0.0,1,0.0,3,12008.478196624279,SAT,,8.371,
20,6,2238,1837.82926321,0,2000.0,-1,1837.82926321,0.0,1,0.0,3,13846.30745983428,SAT,,1837.892,
21,7,1075,2000.0,0,11.83211802353263,-1,118.97705,0.0,-1,1.0E9,3,13965.284509834279,CRASHED,Run Exceeded Captime -- Treating as CRASHED;Killed Manually,125.239,
22,6,1076,3.97392296791,0,2000.0,-1,3.97392296791,0.0,1,0.0,4,13969.25843280219,SAT,,4.024,
23,8,1076,3.63847398758,0,6.168701023209095,-1,3.63847398758,0.0,1,0.0,4,13972.896906789769,SAT,,3.671,
24,8,207,4.66059398651,0,2000.0,-1,4.66059398651,0.0,1,0.0,4,13977.557500776278,SAT,,4.698,
25,8,2238,1839.19901896,0,2000.0,-1,1839.19901896,0.0,1,0.0,4,15816.756519736278,SAT,,1839.24,
26,8,970,7.47530913353,0,2000.0,-1,7.47530913353,0.0,1,0.0,4,15824.231828869808,SAT,,7.511,
27,8,1516,1822.5096581,0,2000.0,-1,1822.5096581,0.0,2,0.0,4,17646.741486969808,UNSAT,,1822.545,
28,8,1075,8.90754818916,0,24.146506738263373,-1,8.90754818916,0.0,1,0.0,4,17655.649035158967,SAT,,8.944,
29,8,518,5.93178701401,0,12.566694140779973,-1,5.93178701401,0.0,1,0.0,4,17661.58082217298,SAT,,5.952,
30,8,566,4.67805790901,0,13.729082782167197,-1,4.67805790901,0.0,1,0.0,4,17666.258880081987,SAT,,4.723,
31,8,1286,33.4830999374,0,2000.0,-1,33.4830999374,0.0,2,0.0,4,17699.741980019386,UNSAT,,33.582,
32,9,518,2000.0,0,8.713923663246632,-1,87.46459999999999,0.0,-1,1.0E9,4,17787.206580019385,CRASHED,Run Exceeded Captime -- Treating as CRASHED;Killed Manually,92.068,
33,8,161,7.09235811234,0,2000.0,-1,7.09235811234,0.0,1,0.0,5,17794.298938131724,SAT,,7.139,
34,10,1286,2000.0,0,44.5306304733932,-1,446.27484999999996,0.0,-1,1.0E9,5,18240.573788131725,CRASHED,Run Exceeded Captime -- Treating as CRASHED;Killed Manually,469.763,
35,8,372,3.92950606346,0,2000.0,-1,3.92950606346,0.0,1,0.0,5,18244.503294195187,SAT,,3.997,
36,11,1076,3.69509220123,0,5.732616864490509,-1,3.69509220123,0.0,1,0.0,5,18248.198386396416,SAT,,3.721,
37,8,2708,1849.81671,0,2000.0,-1,1849.81671,0.0,2,0.0,6,20098.015096396415,UNSAT,,1849.872,
38,12,1075,8.20244503021,0,12.582412910062075,-1,8.20244503021,0.0,1,0.0,6,20106.217541426624,SAT,,8.256,
39,12,2708,389.262125969,0,2000.0,-1,389.262125969,0.0,2,0.0,6,20495.479667395623,UNSAT,,389.311,
40,12,161,7.44016885757,0,1909.8628593500437,-1,7.44016885757,0.0,1,0.0,6,20502.919836253193,SAT,,7.49,
41,12,970,7.09490704536,0,2000.0,-1,7.09490704536,0.0,1,0.0,6,20510.014743298554,SAT,,7.135,
42,12,2238,1974.92143703,0,2000.0,-1,1974.92143703,0.0,1,0.0,6,22484.936180328554,SAT,,1974.943,
43,12,566,49.2053198814,0,1736.3914671245695,-1,49.2053198814,0.0,1,0.0,6,22534.141500209953,SAT,,49.33,
44,12,207,4.49458789825,0,1672.424551181841,-1,4.49458789825,0.0,1,0.0,6,22538.636088108204,SAT,,4.523,
45,12,1516,1827.43077493,0,2000.0,-1,1827.43077493,0.0,2,0.0,6,24366.066863038202,UNSAT,,1827.479,
46,12,1076,147.500018835,0,1721.2683620754362,-1,147.500018835,0.0,1,0.0,6,24513.5668818732,SAT,,147.575,
47,12,372,3.92108297348,0,1529.5183366987587,-1,3.92108297348,0.0,1,0.0,6,24517.48796484668,SAT,,3.982,
48,12,1286,225.893445015,0,1524.4209297824384,-1,225.893445015,0.0,2,0.0,6,24743.381409861682,UNSAT,,225.923,
49,12,518,6.05164694786,0,1230.7594508755683,-1,6.05164694786,0.0,1,0.0,6,24749.433056809543,SAT,,6.079,
50,12,2725,1974.79824495,0,2000.0,-1,1974.79824495,0.0,2,0.0,6,26724.231301759544,UNSAT,,1974.868,
51,13,1286,15.1118350029,0,294.6640792194486,-1,15.1118350029,0.0,2,0.0,6,26739.343136762443,UNSAT,,15.189,
52,13,207,4.55373215675,0,288.73139944707157,-1,4.55373215675,0.0,1,0.0,6,26743.896868919193,SAT,,4.576,
53,13,518,6.28244495392,0,282.811547246176,-1,6.28244495392,0.0,1,0.0,6,26750.179313873112,SAT,,6.326,
54,13,2725,1846.02617383,0,2000.0,-1,1846.02617383,0.0,2,0.0,6,28596.20548770311,UNSAT,,1846.065,
55,13,1516,1822.880723,0,2000.0,-1,1822.880723,0.0,2,0.0,6,30419.08621070311,UNSAT,,1822.925,
56,13,1076,3.4428050518,0,650.3815315555513,-1,3.4428050518,0.0,1,0.0,6,30422.52901575491,SAT,,3.508,
57,13,1075,7.04257583618,0,645.9058847170055,-1,7.04257583618,0.0,1,0.0,6,30429.57159159109,SAT,,7.088,
58,13,2238,1836.20503783,0,2000.0,-1,1836.20503783,0.0,1,0.0,6,32265.776629421092,SAT,,1836.28,
59,13,970,6.00259280205,0,1411.090341851461,-1,6.00259280205,0.0,1,0.0,6,32271.779222223144,SAT,,6.034,
60,13,2708,320.918503046,0,1403.2869711409987,-1,320.918503046,0.0,2,0.0,6,32592.697725269143,UNSAT,,320.962,
61,13,161,7.32788586617,0,986.0929169583798,-1,7.32788586617,0.0,1,0.0,6,32600.025611135312,SAT,,7.355,
62,13,372,3.72506284714,0,976.5666659813106,-1,3.72506284714,0.0,1,0.0,6,32603.750673982453,SAT,,3.743,
63,13,566,92.9695019722,0,971.7240840088308,-1,92.9695019722,0.0,1,0.0,6,32696.72017595465,SAT,,92.997,
64,13,2420,1810.241925,0,2000.0,-1,1810.241925,0.0,1,0.0,7,34506.96210095465,SAT,,1810.307,
65,14,566,10.6606619358,0,121.8629533316672,-1,10.6606619358,0.0,1,0.0,7,34517.62276289045,SAT,,10.756,
66,14,1516,1565.31304884,0,2000.0,-1,1565.31304884,0.0,2,0.0,7,36082.93581173045,UNSAT,,1565.342,
67,14,970,575.276701927,0,450.6480397548258,-1,575.276701927,0.0,1,0.0,7,36658.212513657454,SAT,,575.375,
68,13,2310,38.7406308651,0,2000.0,-1,38.7406308651,0.0,1,0.0,7,36696.95314452255,SAT,,38.818,
69,15,2725,1856.2177341,0,2000.0,-1,1856.2177341,0.0,2,0.0,7,38553.17087862255,UNSAT,,1856.261,
70,13,444,4.06981110573,0,2000.0,-1,4.06981110573,0.0,1,0.0,8,38557.24068972828,SAT,,4.117,
71,16,2725,1850.08962703,0,2000.0,-1,1850.08962703,0.0,2,0.0,8,40407.33031675828,UNSAT,,1850.168,
72,13,1172,5.19061684608,0,2000.0,-1,5.19061684608,0.0,1,0.0,8,40412.520933604355,SAT,,5.279,
73,17,2310,2000.0,0,51.36542086337805,-1,579.7764500000001,0.0,-1,1.0E9,8,40992.29738360435,CRASHED,Run Exceeded Captime -- Treating as CRASHED;Killed Manually,610.291,
74,13,2508,2053.157516,0,2000.0,-1,2053.157516,0.0,1,0.0,9,43045.45489960435,SAT,,2053.211,
75,18,2238,1949.50164986,0,2000.0,-1,1949.50164986,0.0,1,0.0,9,44994.956549464354,SAT,,1949.632,
76,13,2180,1820.73890305,0,2000.0,-1,1820.73890305,0.0,1,0.0,9,46815.69545251435,SAT,,1820.85,
77,19,444,6.23432302475,0,6.293355476456881,-1,6.23432302475,0.0,1,0.0,9,46821.9297755391,SAT,,6.41,
78,13,2450,949.846405983,0,2000.0,-1,949.846405983,0.0,1,0.0,10,47771.7761815221,SAT,,949.883,
79,20,444,2000.0,0,6.293355476456881,-1,63.71364999999999,0.0,-1,1.0E9,10,47835.4898315221,CRASHED,Run Exceeded Captime -- Treating as CRASHED;Killed Manually,67.067,
80,13,2604,1815.21691203,0,2000.0,-1,1815.21691203,0.0,1,0.0,10,49650.7067435521,SAT,,1815.273,
81,21,161,49.7722520828,0,10.528852500367165,-1,49.7722520828,0.0,1,0.0,10,49700.478995634905,SAT,,49.93,
82,13,199,4.66852688789,0,2000.0,-1,4.66852688789,0.0,1,0.0,11,49705.14752252279,SAT,,4.698,
83,22,2420,1669.23026395,0,2000.0,-1,1669.23026395,0.0,1,0.0,11,51374.37778647279,SAT,,1669.278,
84,22,207,16.8899991512,0,194.71585796062948,-1,16.8899991512,0.0,1,0.0,11,51391.26778562399,SAT,,16.958,
85,22,1076,7.57703304291,0,172.75885966454746,-1,7.57703304291,0.0,1,0.0,11,51398.8448186669,SAT,,7.612,
86,22,2450,2168.69326496,0,2000.0,-1,2168.69326496,0.0,1,0.0,11,53567.538083626896,SAT,,2168.732,
87,22,2180,1151.77490187,0,2000.0,-1,1151.77490187,0.0,1,0.0,11,54719.312985496894,SAT,,1151.807,
88,22,2508,1624.12464404,0,773.5698872137547,-1,1624.12464404,0.0,1,0.0,11,56343.43762953689,SAT,,1624.176,
89,13,1494,23.6209249496,0,2000.0,-1,23.6209249496,0.0,2,0.0,11,56367.058554486495,UNSAT,,23.894,
90,23,566,2000.0,0,121.8629533316672,-1,1219.42285,0.0,-1,1.0E9,11,57586.4814044865,CRASHED,Run Exceeded Captime -- Treating as CRASHED;Killed Manually,1283.603,
91,13,2775,1809.50462914,0,2000.0,-1,1809.50462914,0.0,1,0.0,12,59395.9860336265,SAT,,1809.536,
92,24,2238,1840.00736713,0,2000.0,-1,1840.00736713,0.0,1,0.0,12,61235.993400756495,SAT,,1840.169,
93,13,2315,2038.59066987,0,2000.0,-1,2038.59066987,0.0,1,0.0,12,63274.58407062649,SAT,,2038.65,
94,25,199,5.22896885872,0,7.071685780185462,-1,5.22896885872,0.0,1,0.0,12,63279.81303948521,SAT,,5.356,
95,13,2773,1911.38918185,0,2000.0,-1,1911.38918185,0.0,2,0.0,13,65191.20222133521,UNSAT,,1911.425,
96,26,444,4.00802397728,0,6.293355476456881,-1,4.00802397728,0.0,1,0.0,13,65195.21024531249,SAT,,4.27,
97,26,2773,1641.32088614,0,2000.0,-1,1641.32088614,0.0,2,0.0,13,66836.53113145249,UNSAT,,1641.671,
98,26,2180,1820.26693416,0,2000.0,-1,1820.26693416,0.0,1,0.0,13,68656.79806561249,SAT,,1820.29,
99,26,161,6.8422100544,0,396.0517356063902,-1,6.8422100544,0.0,1,0.0,13,68663.64027566688,SAT,,6.911,
100,26,1286,27.28657794,0,387.15686266158815,-1,27.28657794,0.0,2,0.0,13,68690.92685360688,UNSAT,,27.325,
101,26,518,5.30919194221,0,351.6843113008618,-1,5.30919194221,0.0,1,0.0,13,68696.2360455491,SAT,,5.331,
102,26,207,4.09596300125,0,344.7823610979795,-1,4.09596300125,0.0,1,0.0,13,68700.33200855035,SAT,,4.143,
103,26,1494,1808.28618121,0,2000.0,-1,1808.28618121,0.0,2,0.0,13,70508.61818976035,UNSAT,,1808.322,
104,26,2420,1972.43340111,0,2000.0,-1,1972.43340111,0.0,1,0.0,13,72481.05159087035,SAT,,1972.48,
105,26,2725,1993.50717688,0,2000.0,-1,1993.50717688,0.0,2,0.0,13,74474.55876775035,UNSAT,,1993.562,
106,26,372,4.49192404747,0,2000.0,-1,4.49192404747,0.0,1,0.0,13,74479.05069179782,SAT,,4.549,
107,26,970,6.40764904022,0,2000.0,-1,6.40764904022,0.0,1,0.0,13,74485.45834083804,SAT,,6.44,
108,26,2508,2001.93442988,0,2000.0,-1,2001.93442988,0.0,1,0.0,13,76487.39277071804,SAT,,2001.964,
109,13,2470,1814.00382614,0,2000.0,-1,1814.00382614,0.0,1,0.0,13,78301.39659685805,SAT,,1814.105,
110,27,207,13.7921960354,0,6.9224525134742265,-1,13.7921960354,0.0,1,0.0,13,78315.18879289344,SAT,,13.868,
111,13,1847,1876.06817698,0,2000.0,-1,1876.06817698,0.0,1,0.0,14,80191.25696987344,SAT,,1876.114,
112,28,207,4.65093398094,0,6.9224525134742265,-1,4.65093398094,0.0,1,0.0,14,80195.90790385439,SAT,,4.73,
113,13,1420,1814.06599307,0,2000.0,-1,1814.06599307,0.0,1,0.0,14,82009.97389692439,SAT,,1814.158,
114,29,2604,1670.53932214,0,2000.0,-1,1670.53932214,0.0,1,0.0,14,83680.51321906439,SAT,,1670.583,
115,29,199,17.2716701031,0,2000.0,-1,17.2716701031,0.0,1,0.0,14,83697.7848891675,SAT,,17.333,
116,29,2238,1839.72136617,0,2000.0,-1,1839.72136617,0.0,1,0.0,14,85537.50625533749,SAT,,1839.754,
117,29,444,8.79448199272,0,2000.0,-1,8.79448199272,0.0,1,0.0,14,85546.30073733021,SAT,,8.849,
118,29,518,746.215417862,0,2000.0,-1,746.215417862,0.0,1,0.0,14,86292.5161551922,SAT,,746.267,
119,29,1847,1872.08657193,0,1646.7730185840012,-1,1872.08657193,0.0,1,0.0,14,88164.60272712221,SAT,,1872.129,
120,13,1658,148.791607857,0,2000.0,-1,148.791607857,0.0,2,0.0,15,88313.39433497921,UNSAT,,148.831,
121,30,970,2000.0,0,8.80597102304101,-1,88.45925,0.0,-1,1.0E9,15,88401.85358497921,CRASHED,Run Exceeded Captime -- Treating as CRASHED;Killed Manually,93.115,
122,13,1060,7.56132388115,0,2000.0,-1,7.56132388115,0.0,1,0.0,15,88409.41490886036,SAT,,7.606,
123,31,518,9.00715613365,0,9.16977886890173,-1,9.00715613365,0.0,1,0.0,15,88418.42206499401,SAT,,9.047,
124,13,2304,1915.26269507,0,2000.0,-1,1915.26269507,0.0,1,0.0,16,90333.68476006402,SAT,,1915.299,
125,32,1286,2000.0,0,20.64798668806553,-1,206.5585,0.0,-1,1.0E9,16,90540.24326006402,CRASHED,Run Exceeded Captime -- Treating as CRASHED;Killed Manually,217.43,
126,13,1570,182.310750008,0,2000.0,-1,182.310750008,0.0,1,0.0,16,90722.55401007201,SAT,,182.334,
127,33,2304,2064.08366585,0,2000.0,-1,2064.08366585,0.0,1,0.0,16,92786.63767592201,SAT,,2064.141,
