Run Number,Run History Configuration ID,Instance ID,Response Value (y),Censored?,Cutoff Time Used,Seed,Runtime,Run Length,Run Result Code,Run Quality,SMAC Iteration,SMAC Cumulative Runtime,Run Result,Additional Algorithm Run Data,Wall Clock Time,
1,1,67,73.3073740005,0,2000.0,-1,73.3073740005,0.0,2,0.0,0,73.3073740005,UNSAT,,73.424,
2,1,91,3.53118991852,0,2000.0,-1,3.53118991852,0.0,1,0.0,1,76.83856391902,SAT,,3.576,
3,2,91,3.61242389679,0,5.59314804931283,-1,3.61242389679,0.0,1,0.0,1,80.45098781581001,SAT,,3.649,
4,1,147,98.8440570831,0,2000.0,-1,98.8440570831,0.0,1,0.0,1,179.29504489891002,SAT,,98.924,
5,3,67,2000.0,0,96.30218715255262,-1,963.7237,0.0,-1,1.0E9,1,1143.01874489891,CRASHED,Run Exceeded Captime -- Treating as CRASHED;Killed Manually,1014.446,
6,1,112,4.94285702705,0,2000.0,-1,4.94285702705,0.0,1,0.0,2,1147.96160192596,SAT,,5.072,
7,4,67,95.539743185,0,96.30218715255262,-1,95.539743185,0.0,2,0.0,2,1243.5013451109598,UNSAT,,95.592,
8,1,107,4.4995059967,0,2000.0,-1,4.4995059967,0.0,1,0.0,2,1248.0008511076599,SAT,,4.617,
9,5,91,5.00033593178,0,5.59314804931283,-1,5.00033593178,0.0,1,0.0,2,1253.0011870394399,SAT,,5.056,
10,1,65,1793.65565205,0,2000.0,-1,1793.65565205,0.0,2,0.0,3,3046.65683908944,UNSAT,,1793.68,
11,6,107,5.58043503761,0,6.851958379495144,-1,5.58043503761,0.0,1,0.0,3,3052.23727412705,SAT,,5.616,
12,1,26,5.99367022514,0,2000.0,-1,5.99367022514,0.0,2,0.0,3,3058.23094435219,UNSAT,,6.11,
13,7,65,27.7592120171,0,2000.0,-1,27.7592120171,0.0,2,0.0,3,3085.9901563692897,UNSAT,,27.8,
14,7,107,6.27902293205,0,2000.0,-1,6.27902293205,0.0,1,0.0,3,3092.2691793013396,SAT,,6.313,
15,7,112,6.22709202766,0,2000.0,-1,6.22709202766,0.0,1,0.0,3,3098.4962713289997,SAT,,6.266,
16,7,67,87.2021539211,0,2000.0,-1,87.2021539211,0.0,2,0.0,3,3185.6984252500997,UNSAT,,87.248,
17,7,26,11.3348240852,0,2000.0,-1,11.3348240852,0.0,2,0.0,3,3197.0332493353,UNSAT,,11.357,
18,7,147,134.030148029,0,2000.0,-1,134.030148029,0.0,1,0.0,3,3331.0633973643,SAT,,134.073,
19,7,91,4.74230384827,0,2000.0,-1,4.74230384827,0.0,1,0.0,3,3335.8057012125696,SAT,,4.789,
20,7,136,4.89463114738,0,2000.0,-1,4.89463114738,0.0,1,0.0,4,3340.7003323599497,SAT,,4.931,
21,8,136,5.00966620445,0,7.36562059109211,-1,5.00966620445,0.0,1,0.0,4,3345.7099985643995,SAT,,5.058,
22,7,122,5.11155390739,0,2000.0,-1,5.11155390739,0.0,1,0.0,4,3350.8215524717893,SAT,,5.158,
23,9,112,54.0361959934,0,9.097819764512778,-1,54.0361959934,0.0,1,0.0,4,3404.857748465189,SAT,,54.063,
24,7,62,5.58238005638,0,2000.0,-1,5.58238005638,0.0,1,0.0,5,3410.440128521569,SAT,,5.619,
25,8,62,5.07710194588,0,8.111449133950472,-1,5.07710194588,0.0,1,0.0,5,3415.517230467449,SAT,,5.109,
26,8,65,1307.36620808,0,211.83998425339462,-1,1307.36620808,0.0,2,0.0,5,4722.883438547449,UNSAT,,1307.395,
27,7,132,4.63502717018,0,2000.0,-1,4.63502717018,0.0,1,0.0,5,4727.51846571763,SAT,,4.675,
28,10,26,6.33647108078,0,15.73787200112939,-1,6.33647108078,0.0,2,0.0,5,4733.85493679841,UNSAT,,6.383,
29,10,132,4.61139297485,0,21.623814374554158,-1,4.61139297485,0.0,1,0.0,5,4738.4663297732595,SAT,,4.649,
30,10,112,5.91533589363,0,15.629004117447138,-1,5.91533589363,0.0,1,0.0,5,4744.38166566689,SAT,,5.961,
31,10,107,5.35865497589,0,35.89210676808953,-1,5.35865497589,0.0,1,0.0,5,4749.74032064278,SAT,,5.384,
32,10,91,5.0410759449,0,28.92585526068807,-1,5.0410759449,0.0,1,0.0,5,4754.781396587679,SAT,,5.084,
33,10,62,4.75272989273,0,22.372456629174952,-1,4.75272989273,0.0,1,0.0,5,4759.534126480409,SAT,,4.779,
34,10,136,4.74152994156,0,16.19390760396719,-1,4.74152994156,0.0,1,0.0,5,4764.275656421969,SAT,,4.776,
35,10,67,87.3787839413,0,340.36910625954266,-1,87.3787839413,0.0,2,0.0,5,4851.654440363269,UNSAT,,87.422,
36,10,65,24.1750981808,0,226.77668695186378,-1,24.1750981808,0.0,2,0.0,5,4875.829538544069,UNSAT,,24.215,
37,10,122,4.84826397896,0,195.34905933623315,-1,4.84826397896,0.0,1,0.0,5,4880.677802523029,SAT,,4.883,
38,10,147,137.693913937,0,189.04631714184882,-1,137.693913937,0.0,1,0.0,5,5018.371716460028,SAT,,137.739,
39,10,155,121.477090836,0,2000.0,-1,121.477090836,0.0,2,0.0,6,5139.848807296028,UNSAT,,121.504,
40,11,147,1801.59355092,0,180.00468927283885,-1,1801.59355092,0.0,1,0.0,6,6941.442358216028,SAT,,1801.618,
41,10,153,83.7054510117,0,2000.0,-1,83.7054510117,0.0,1,0.0,6,7025.147809227728,SAT,,83.761,
42,12,65,22.722728014,0,32.430227928209305,-1,22.722728014,0.0,2,0.0,6,7047.870537241728,UNSAT,,22.814,
43,12,153,9.54093694687,0,117.70517843623759,-1,9.54093694687,0.0,1,0.0,6,7057.411474188598,SAT,,9.565,
44,12,132,17.4439840317,0,105.3019604537368,-1,17.4439840317,0.0,1,0.0,6,7074.855458220298,SAT,,17.479,
45,12,136,8.48338580132,0,110.8998690623522,-1,8.48338580132,0.0,1,0.0,6,7083.338844021618,SAT,,8.524,
46,12,62,4.88610816002,0,99.87146648426653,-1,4.88610816002,0.0,1,0.0,6,7088.2249521816375,SAT,,4.931,
47,12,112,196.359440804,0,93.51952670921685,-1,196.359440804,0.0,1,0.0,6,7284.584392985637,SAT,,196.387,
48,10,106,5.35079288483,0,2000.0,-1,5.35079288483,0.0,1,0.0,7,7289.935185870468,SAT,,5.382,
49,13,155,122.215646029,0,158.92281829227807,-1,122.215646029,0.0,2,0.0,7,7412.150831899467,UNSAT,,122.287,
50,10,20,5.20126605034,0,2000.0,-1,5.20126605034,0.0,2,0.0,7,7417.352097949807,UNSAT,,5.228,
51,14,132,5.58061695099,0,6.997411780405045,-1,5.58061695099,0.0,1,0.0,7,7422.932714900797,SAT,,5.609,
52,10,76,6.20419287682,0,2000.0,-1,6.20419287682,0.0,2,0.0,8,7429.136907777617,UNSAT,,6.243,
53,15,62,4.3863530159,0,7.181149337786437,-1,4.3863530159,0.0,1,0.0,8,7433.523260793517,SAT,,4.427,
54,15,112,47.5600459576,0,15.933072649288178,-1,47.5600459576,0.0,1,0.0,8,7481.083306751117,SAT,,47.597,
55,10,103,9.10183906555,0,2000.0,-1,9.10183906555,0.0,1,0.0,8,7490.185145816667,SAT,,9.126,
56,16,153,82.5746650696,0,109.81968705390693,-1,82.5746650696,0.0,1,0.0,8,7572.759810886267,SAT,,82.605,
57,16,62,4.40168190002,0,14.956514899033309,-1,4.40168190002,0.0,1,0.0,8,7577.1614927862865,SAT,,4.425,
58,16,122,4.61315894127,0,9.234328370887042,-1,4.61315894127,0.0,1,0.0,8,7581.774651727556,SAT,,4.661,
59,16,132,3.96882295609,0,30.192031607377533,-1,3.96882295609,0.0,1,0.0,8,7585.743474683646,SAT,,3.999,
60,16,91,4.11805796623,0,25.032562006610636,-1,4.11805796623,0.0,1,0.0,8,7589.861532649876,SAT,,4.147,
61,16,136,4.44898295403,0,19.679086737680436,-1,4.44898295403,0.0,1,0.0,8,7594.3105156039055,SAT,,4.478,
62,16,26,5.47459101677,0,13.89540898461938,-1,5.47459101677,0.0,2,0.0,8,7599.785106620676,UNSAT,,5.514,
63,16,147,119.937051058,0,517.4805722091079,-1,119.937051058,0.0,1,0.0,8,7719.722157678676,SAT,,119.967,
64,16,67,162.220044851,0,361.5624057952046,-1,162.220044851,0.0,2,0.0,8,7881.942202529676,UNSAT,,162.268,
65,16,76,5.87003517151,0,150.67634851520063,-1,5.87003517151,0.0,2,0.0,8,7887.812237701186,UNSAT,,5.904,
66,16,155,110.394648075,0,143.04530191083552,-1,110.394648075,0.0,2,0.0,8,7998.206885776186,UNSAT,,110.428,
67,10,151,139.79399085,0,2000.0,-1,139.79399085,0.0,1,0.0,9,8138.000876626186,SAT,,139.817,
68,17,122,4.93733787537,0,7.305343717682362,-1,4.93733787537,0.0,1,0.0,9,8142.938214501556,SAT,,4.977,
69,10,119,4.3998939991,0,2000.0,-1,4.3998939991,0.0,1,0.0,9,8147.338108500656,SAT,,4.436,
70,18,151,140.317141056,0,182.7347887571633,-1,140.317141056,0.0,1,0.0,9,8287.655249556656,SAT,,140.344,
71,10,90,4.23991298676,0,2000.0,-1,4.23991298676,0.0,1,0.0,10,8291.895162543417,SAT,,4.274,
72,19,107,9.60024809837,0,7.968851819980145,-1,9.60024809837,0.0,1,0.0,10,8301.495410641786,SAT,,9.625,
73,10,14,40.6173779964,0,2000.0,-1,40.6173779964,0.0,2,0.0,10,8342.112788638186,UNSAT,,40.654,
74,20,147,1801.74392009,0,180.00468927283885,-1,1801.74392009,0.0,1,0.0,10,10143.856708728186,SAT,,1801.792,
75,10,89,4.28293704987,0,2000.0,-1,4.28293704987,0.0,1,0.0,11,10148.139645778056,SAT,,4.35,
76,21,119,4.45118308067,0,6.722462259578705,-1,4.45118308067,0.0,1,0.0,11,10152.590828858725,SAT,,4.497,
77,10,118,4.91158509254,0,2000.0,-1,4.91158509254,0.0,1,0.0,11,10157.502413951264,SAT,,4.933,
78,22,62,3.71143388748,0,7.181149337786437,-1,3.71143388748,0.0,1,0.0,11,10161.213847838744,SAT,,3.747,
79,22,65,2000.0,0,142.6035988036275,-1,1426.6111999999998,0.0,-1,1.0E9,11,11587.825047838744,CRASHED,Run Exceeded Captime -- Treating as CRASHED;Killed Manually,1501.696,
80,10,96,4.31424093246,0,2000.0,-1,4.31424093246,0.0,1,0.0,12,11592.139288771203,SAT,,4.354,
81,23,153,77.1996529102,0,109.81968705390693,-1,77.1996529102,0.0,1,0.0,12,11669.338941681403,SAT,,77.277,
82,23,89,4.0627040863,0,21.415616654205323,-1,4.0627040863,0.0,1,0.0,12,11673.401645767703,SAT,,4.094,
83,23,118,4.54289102554,0,16.134101700383425,-1,4.54289102554,0.0,1,0.0,12,11677.944536793242,SAT,,4.577,
84,23,26,6.30293488503,0,190.6351731981814,-1,6.30293488503,0.0,2,0.0,12,11684.247471678273,UNSAT,,6.327,
85,23,76,4.89541292191,0,182.441357605505,-1,4.89541292191,0.0,2,0.0,12,11689.142884600182,UNSAT,,4.924,
86,23,62,4.09834814072,0,176.07732153345944,-1,4.09834814072,0.0,1,0.0,12,11693.241232740902,SAT,,4.118,
87,23,155,96.9352681637,0,170.7494687180698,-1,96.9352681637,0.0,2,0.0,12,11790.176500904601,UNSAT,,96.968,
88,23,91,3.60326004028,0,409.86953507025834,-1,3.60326004028,0.0,1,0.0,12,11793.77976094488,SAT,,3.643,
89,23,112,4.35378789902,0,405.1852970275759,-1,4.35378789902,0.0,1,0.0,12,11798.1335488439,SAT,,4.371,
90,23,122,3.51733994484,0,399.5253729525685,-1,3.51733994484,0.0,1,0.0,12,11801.65088878874,SAT,,3.542,
91,23,65,27.1184520721,0,394.9528310339629,-1,27.1184520721,0.0,2,0.0,12,11828.76934086084,UNSAT,,27.161,
92,23,132,4.14332580566,0,359.6988435726344,-1,4.14332580566,0.0,1,0.0,12,11832.9126666665,SAT,,4.172,
93,23,151,108.61599493,0,354.3125190663814,-1,108.61599493,0.0,1,0.0,12,11941.5286615965,SAT,,108.656,
94,23,67,68.6002130508,0,213.11172627692224,-1,68.6002130508,0.0,2,0.0,12,12010.1288746473,UNSAT,,68.631,
95,23,103,8.45526695251,0,123.9314491752267,-1,8.45526695251,0.0,1,0.0,12,12018.58414159981,SAT,,8.489,
96,23,107,5.51842308044,0,388.4441612180054,-1,5.51842308044,0.0,1,0.0,12,12024.10256468025,SAT,,5.55,
97,23,119,3.87356686592,0,381.27021080662604,-1,3.87356686592,0.0,1,0.0,12,12027.97613154617,SAT,,3.896,
98,23,147,108.9549191,0,376.2345735806703,-1,108.9549191,0.0,1,0.0,12,12136.93105064617,SAT,,108.977,
99,23,90,3.44366192818,0,234.5931794386089,-1,3.44366192818,0.0,1,0.0,12,12140.37471257435,SAT,,3.467,
100,23,14,257.76195097,0,230.11641873826386,-1,257.76195097,0.0,2,0.0,12,12398.13666354435,UNSAT,,257.796,
101,10,30,41.8068499565,0,2000.0,-1,41.8068499565,0.0,2,0.0,12,12439.94351350085,UNSAT,,41.833,
102,24,30,2000.0,0,55.351506069648266,-1,554.14165,0.0,-1,1.0E9,12,12994.08516350085,CRASHED,Run Exceeded Captime -- Treating as CRASHED;Killed Manually,583.307,
103,10,135,3.78312778473,0,2000.0,-1,3.78312778473,0.0,1,0.0,13,12997.86829128558,SAT,,3.82,
104,25,155,166.657284975,0,158.92281829227807,-1,166.657284975,0.0,2,0.0,13,13164.52557626058,UNSAT,,166.707,
105,10,1,4.663189888,0,2000.0,-1,4.663189888,0.0,2,0.0,13,13169.18876614858,UNSAT,,4.698,
106,26,122,4.59335494041,0,7.305343717682362,-1,4.59335494041,0.0,1,0.0,13,13173.78212108899,SAT,,4.628,
107,26,151,129.292747974,0,189.4538307454169,-1,129.292747974,0.0,1,0.0,13,13303.07486906299,SAT,,129.329,
108,26,118,6.62078714371,0,21.373258427131177,-1,6.62078714371,0.0,1,0.0,13,13309.695656206699,SAT,,6.662,
109,26,20,5.71326994896,0,83.62335254286528,-1,5.71326994896,0.0,2,0.0,13,13315.408926155658,UNSAT,,5.757,
110,26,89,4.93526005745,0,76.19610269402266,-1,4.93526005745,0.0,1,0.0,13,13320.344186213108,SAT,,4.979,
111,26,14,2000.0,0,69.780263573277,-1,698.6166999999999,0.0,-1,1.0E9,13,14018.960886213108,CRASHED,Run Exceeded Captime -- Treating as CRASHED;Killed Manually,735.386,
112,10,126,4.91481089592,0,2000.0,-1,4.91481089592,0.0,1,0.0,14,14023.875697109028,SAT,,4.996,
113,27,62,4.469851017,0,7.181149337786437,-1,4.469851017,0.0,1,0.0,14,14028.345548126028,SAT,,4.504,
114,27,153,2000.0,0,164.538934909153,-1,1647.0738999999999,0.0,-1,1.0E9,14,15675.419448126027,CRASHED,Run Exceeded Captime -- Treating as CRASHED;Killed Manually,1733.762,
115,10,72,7.05432605743,0,2000.0,-1,7.05432605743,0.0,2,0.0,14,15682.473774183458,UNSAT,,7.083,
116,28,153,90.8058900833,0,109.81968705390693,-1,90.8058900833,0.0,1,0.0,14,15773.279664266758,SAT,,90.89,
117,10,121,4.26237487793,0,2000.0,-1,4.26237487793,0.0,1,0.0,15,15777.542039144688,SAT,,4.297,
118,29,151,1801.76181102,0,182.7347887571633,-1,1801.76181102,0.0,1,0.0,15,17579.303850164688,SAT,,1801.804,
119,10,109,1801.80721307,0,2000.0,-1,1801.80721307,0.0,1,0.0,15,19381.111063234686,SAT,,1801.867,
120,30,112,22.801497221,0,8.692537516701222,-1,22.801497221,0.0,1,0.0,15,19403.912560455687,SAT,,22.854,
121,10,117,5.29872107506,0,2000.0,-1,5.29872107506,0.0,1,0.0,16,19409.21128153075,SAT,,5.33,
122,31,121,4.5945827961,0,6.543687440800667,-1,4.5945827961,0.0,1,0.0,16,19413.80586432685,SAT,,4.629,
123,10,140,4.41023015976,0,2000.0,-1,4.41023015976,0.0,1,0.0,16,19418.21609448661,SAT,,4.448,
124,32,103,2000.0,0,12.834991969513894,-1,129.27694999999997,0.0,-1,1.0E9,16,19547.493044486608,CRASHED,Run Exceeded Captime -- Treating as CRASHED;Killed Manually,136.081,
