Run Number,Run History Configuration ID,Instance ID,Response Value (y),Censored?,Cutoff Time Used,Seed,Runtime,Run Length,Run Result Code,Run Quality,SMAC Iteration,SMAC Cumulative Runtime,Run Result,Additional Algorithm Run Data,Wall Clock Time,
1,1,131,46.199409008,0,2000.0,-1,46.199409008,0.0,2,0.0,0,46.199409008,UNSAT,,46.349,
2,1,139,25.6773459911,0,2000.0,-1,25.6773459911,0.0,2,0.0,1,71.8767549991,UNSAT,,25.73,
3,2,131,46.6947038174,0,61.06183239107132,-1,46.6947038174,0.0,2,0.0,1,118.5714588165,UNSAT,,46.724,
4,1,88,75.0551571846,0,2000.0,-1,75.0551571846,0.0,2,0.0,1,193.6266160011,UNSAT,,75.106,
5,3,131,56.563395977,0,61.06183239107132,-1,56.563395977,0.0,2,0.0,1,250.1900119781,UNSAT,,56.596,
6,1,216,59.6960740089,0,2000.0,-1,59.6960740089,0.0,1,0.0,2,309.886085987,SAT,,59.779,
7,4,88,2000.0,0,98.57430540804864,-1,986.6994500000001,0.0,-1,1.0E9,2,1296.5855359870002,CRASHED,Run Exceeded Captime -- Treating as CRASHED;Killed Manually,1038.631,
8,1,273,12.1683368683,0,2000.0,-1,12.1683368683,0.0,1,0.0,2,1308.7538728553002,SAT,,12.211,
9,5,131,58.7226128578,0,61.06183239107132,-1,58.7226128578,0.0,2,0.0,2,1367.4764857131001,UNSAT,,58.764,
10,1,90,70.4500300884,0,2000.0,-1,70.4500300884,0.0,2,0.0,3,1437.9265158015,UNSAT,,70.605,
11,6,273,8.58692097664,0,16.821437970149518,-1,8.58692097664,0.0,1,0.0,3,1446.51343677814,SAT,,8.647,
12,6,88,2000.0,0,163.29197752137782,-1,1633.7549,0.0,-1,1.0E9,3,3080.26833677814,CRASHED,Run Exceeded Captime -- Treating as CRASHED;Killed Manually,1719.742,
13,1,233,155.363185883,0,2000.0,-1,155.363185883,0.0,1,0.0,3,3235.63152266114,SAT,,155.571,
14,7,131,2000.0,0,61.06183239107132,-1,611.4143,0.0,-1,1.0E9,3,3847.04582266114,CRASHED,Run Exceeded Captime -- Treating as CRASHED;Killed Manually,643.594,
15,1,158,100.018740177,0,2000.0,-1,100.018740177,0.0,2,0.0,4,3947.06456283814,UNSAT,,100.295,
16,8,273,59.3381531239,0,16.821437970149518,-1,59.3381531239,0.0,1,0.0,4,4006.40271596204,SAT,,59.404,
17,1,201,17.0785570145,0,2000.0,-1,17.0785570145,0.0,1,0.0,4,4023.48127297654,SAT,,17.125,
18,9,216,2000.0,0,78.60749726032019,-1,787.2878000000001,0.0,-1,1.0E9,4,4810.76907297654,CRASHED,Run Exceeded Captime -- Treating as CRASHED;Killed Manually,828.724,
19,1,66,129.263015985,0,2000.0,-1,129.263015985,0.0,2,0.0,5,4940.03208896154,UNSAT,,129.454,
20,10,131,208.333760977,0,61.06183239107132,-1,208.333760977,0.0,2,0.0,5,5148.365849938539,UNSAT,,208.376,
21,1,108,23.4785649776,0,2000.0,-1,23.4785649776,0.0,2,0.0,5,5171.84441491614,UNSAT,,23.521,
22,11,158,2000.0,0,131.02696313371064,-1,1310.93635,0.0,-1,1.0E9,5,6482.78076491614,CRASHED,Run Exceeded Captime -- Treating as CRASHED;Killed Manually,1379.933,
23,1,212,17.6957271099,0,2000.0,-1,17.6957271099,0.0,1,0.0,6,6500.4764920260395,SAT,,17.72,
24,12,66,61.2435390949,0,169.04452162643076,-1,61.2435390949,0.0,2,0.0,6,6561.72003112094,UNSAT,,61.273,
25,12,233,2.78944396973,0,307.22150047158004,-1,2.78944396973,0.0,1,0.0,6,6564.50947509067,SAT,,2.815,
26,12,273,26.313847065,0,303.59522289444806,-1,26.313847065,0.0,1,0.0,6,6590.82332215567,SAT,,26.352,
27,12,90,790.154502153,0,546.5844964500249,-1,790.154502153,0.0,2,0.0,6,7380.97782430867,UNSAT,,790.176,
28,1,18,558.994841099,0,2000.0,-1,558.994841099,0.0,2,0.0,6,7939.97266540767,UNSAT,,559.185,
29,13,90,2000.0,0,92.5876396599889,-1,926.7668,0.0,-1,1.0E9,6,8866.73946540767,CRASHED,Run Exceeded Captime -- Treating as CRASHED;Killed Manually,975.544,
30,1,9,493.016016006,0,2000.0,-1,493.016016006,0.0,2,0.0,7,9359.755481413671,UNSAT,,493.21,
31,14,108,2000.0,0,31.52473456074596,-1,316.6825,0.0,-1,1.0E9,7,9676.437981413672,CRASHED,Run Exceeded Captime -- Treating as CRASHED;Killed Manually,333.35,
32,1,46,818.091357946,0,2000.0,-1,818.091357946,0.0,1,0.0,7,10494.529339359671,SAT,,818.298,
33,15,216,2000.0,0,78.60749726032019,-1,786.9020999999999,0.0,-1,1.0E9,7,11281.43143935967,CRASHED,Run Exceeded Captime -- Treating as CRASHED;Killed Manually,828.318,
34,1,110,28.3389890194,0,2000.0,-1,28.3389890194,0.0,2,0.0,8,11309.77042837907,UNSAT,,28.455,
35,16,90,83.4406700134,0,92.5876396599889,-1,83.4406700134,0.0,2,0.0,8,11393.21109839247,UNSAT,,83.47,
36,1,100,1802.6836009,0,2000.0,-1,1802.6836009,0.0,2,0.0,8,13195.89469929247,UNSAT,,1802.717,
37,17,90,2000.0,0,92.5876396599889,-1,926.6699,0.0,-1,1.0E9,8,14122.564599292471,CRASHED,Run Exceeded Captime -- Treating as CRASHED;Killed Manually,975.442,
38,1,124,21.6780269146,0,2000.0,-1,21.6780269146,0.0,2,0.0,9,14144.242626207071,UNSAT,,21.796,
39,18,139,26.3940889835,0,34.38315092434287,-1,26.3940889835,0.0,2,0.0,9,14170.63671519057,UNSAT,,26.428,
40,1,185,445.077932119,0,2000.0,-1,445.077932119,0.0,2,0.0,9,14615.71464730957,UNSAT,,445.115,
41,19,201,12.9506371021,0,23.204724479812388,-1,12.9506371021,0.0,1,0.0,9,14628.66528441167,SAT,,12.992,
42,19,273,7.39847517014,0,82.2495662498951,-1,7.39847517014,0.0,1,0.0,9,14636.06375958181,SAT,,7.438,
43,19,131,587.187302113,0,72.63154879992008,-1,587.187302113,0.0,2,0.0,9,15223.25106169481,UNSAT,,587.236,
44,1,133,74.7468290329,0,2000.0,-1,74.7468290329,0.0,2,0.0,10,15297.99789072771,UNSAT,,74.802,
45,20,66,162.995482206,0,169.04452162643076,-1,162.995482206,0.0,2,0.0,10,15460.99337293371,UNSAT,,163.045,
46,1,102,14.0903890133,0,2000.0,-1,14.0903890133,0.0,2,0.0,10,15475.08376194701,UNSAT,,14.236,
47,21,212,2000.0,0,24.007046398121123,-1,251.98844999999997,0.0,-1,1.0E9,10,15727.07221194701,CRASHED,Run Exceeded Captime -- Treating as CRASHED;Killed Manually,265.251,
48,1,177,136.97982502,0,2000.0,-1,136.97982502,0.0,2,0.0,11,15864.05203696701,UNSAT,,137.015,
49,20,133,78.4623701572,0,54.32257260044217,-1,78.4623701572,0.0,2,0.0,11,15942.51440712421,UNSAT,,78.489,
50,1,99,1554.29014206,0,2000.0,-1,1554.29014206,0.0,2,0.0,11,17496.80454918421,UNSAT,,1554.336,
51,22,9,410.091405153,0,641.9234219830215,-1,410.091405153,0.0,2,0.0,11,17906.89595433721,UNSAT,,410.123,
52,22,233,3.12667798996,0,1037.4726303744792,-1,3.12667798996,0.0,1,0.0,11,17910.02263232717,SAT,,3.195,
53,22,18,310.992591143,0,1033.4079489003598,-1,310.992591143,0.0,2,0.0,11,18221.01522347017,UNSAT,,311.026,
54,22,90,1802.08443809,0,2000.0,-1,1802.08443809,0.0,2,0.0,11,20023.099661560173,UNSAT,,1802.138,
55,22,133,1801.79289198,0,663.7880327071726,-1,1801.79289198,0.0,2,0.0,11,21824.892553540172,UNSAT,,1801.829,
56,1,31,1538.50217795,0,2000.0,-1,1538.50217795,0.0,2,0.0,12,23363.39473149017,UNSAT,,1538.704,
57,23,88,117.149909973,0,98.57430540804864,-1,117.149909973,0.0,2,0.0,12,23480.54464146317,UNSAT,,117.268,
58,1,197,1803.16881013,0,2000.0,-1,1803.16881013,0.0,1,0.0,12,25283.71345159317,SAT,,1803.24,
59,24,139,2000.0,0,34.38315092434287,-1,344.70939999999996,0.0,-1,1.0E9,12,25628.422851593168,CRASHED,Run Exceeded Captime -- Treating as CRASHED;Killed Manually,362.852,
60,1,199,11.3086340427,0,2000.0,-1,11.3086340427,0.0,1,0.0,13,25639.731485635868,SAT,,11.344,
61,25,177,501.93484807,0,179.0763726349652,-1,501.93484807,0.0,2,0.0,13,26141.666333705867,UNSAT,,501.979,
62,1,120,10.4805781841,0,2000.0,-1,10.4805781841,0.0,2,0.0,13,26152.146911889966,UNSAT,,10.535,
63,26,90,2000.0,0,92.5876396599889,-1,931.80085,0.0,-1,1.0E9,13,27083.947761889965,CRASHED,Run Exceeded Captime -- Treating as CRASHED;Killed Manually,980.843,
64,1,25,210.095879078,0,2000.0,-1,210.095879078,0.0,2,0.0,14,27294.043640967964,UNSAT,,210.312,
65,27,88,69.388491869,0,98.57430540804864,-1,69.388491869,0.0,2,0.0,14,27363.432132836962,UNSAT,,69.427,
66,27,197,117.932261944,0,2000.0,-1,117.932261944,0.0,1,0.0,14,27481.36439478096,SAT,,117.979,
67,27,273,13.3748710155,0,2000.0,-1,13.3748710155,0.0,1,0.0,14,27494.739265796463,SAT,,13.449,
68,27,131,49.4583158493,0,2000.0,-1,49.4583158493,0.0,2,0.0,14,27544.197581645763,UNSAT,,49.496,
69,27,233,156.031008005,0,2000.0,-1,156.031008005,0.0,1,0.0,14,27700.228589650764,SAT,,156.062,
70,27,124,18.7698800564,0,2000.0,-1,18.7698800564,0.0,2,0.0,14,27718.998469707163,UNSAT,,18.847,
71,27,99,172.891613007,0,2000.0,-1,172.891613007,0.0,2,0.0,14,27891.890082714162,UNSAT,,172.923,
72,27,100,166.410270929,0,2000.0,-1,166.410270929,0.0,2,0.0,14,28058.30035364316,UNSAT,,166.438,
73,27,18,427.644120932,0,2000.0,-1,427.644120932,0.0,2,0.0,14,28485.94447457516,UNSAT,,427.716,
74,27,9,496.323124886,0,2000.0,-1,496.323124886,0.0,2,0.0,14,28982.26759946116,UNSAT,,496.387,
75,27,212,19.9271659851,0,2000.0,-1,19.9271659851,0.0,1,0.0,14,29002.19476544626,SAT,,19.97,
76,27,31,1804.46880698,0,2000.0,-1,1804.46880698,0.0,2,0.0,14,30806.66357242626,UNSAT,,1804.501,
77,27,177,594.117624998,0,2000.0,-1,594.117624998,0.0,2,0.0,14,31400.78119742426,UNSAT,,594.184,
78,27,185,243.221493959,0,2000.0,-1,243.221493959,0.0,2,0.0,14,31644.002691383263,UNSAT,,243.248,
79,27,158,200.782548904,0,2000.0,-1,200.782548904,0.0,2,0.0,14,31844.785240287263,UNSAT,,200.941,
80,27,199,10.4825751781,0,2000.0,-1,10.4825751781,0.0,1,0.0,14,31855.267815465362,SAT,,10.928,
81,27,102,12.7118930817,0,2000.0,-1,12.7118930817,0.0,2,0.0,14,31867.979708547064,UNSAT,,12.734,
82,27,133,158.758538008,0,2000.0,-1,158.758538008,0.0,2,0.0,14,32026.738246555065,UNSAT,,158.848,
83,27,216,56.9655809402,0,2000.0,-1,56.9655809402,0.0,1,0.0,14,32083.703827495265,SAT,,56.991,
84,27,110,177.84910202,0,2000.0,-1,177.84910202,0.0,2,0.0,14,32261.552929515266,UNSAT,,177.881,
85,27,90,74.9848740101,0,2000.0,-1,74.9848740101,0.0,2,0.0,14,32336.537803525367,UNSAT,,75.024,
86,27,46,782.421261072,0,2000.0,-1,782.421261072,0.0,1,0.0,14,33118.959064597366,SAT,,782.45,
87,27,66,157.860766172,0,2000.0,-1,157.860766172,0.0,2,0.0,14,33276.81983076937,UNSAT,,157.922,
88,27,120,8.18067622185,0,2000.0,-1,8.18067622185,0.0,2,0.0,14,33285.000506991215,UNSAT,,8.224,
89,27,108,18.6172099113,0,2000.0,-1,18.6172099113,0.0,2,0.0,14,33303.61771690252,UNSAT,,18.64,
90,27,201,16.5338149071,0,2000.0,-1,16.5338149071,0.0,1,0.0,14,33320.15153180962,SAT,,16.557,
91,27,25,263.313690186,0,2000.0,-1,263.313690186,0.0,2,0.0,14,33583.46522199562,UNSAT,,263.352,
92,27,139,23.4322538376,0,2000.0,-1,23.4322538376,0.0,2,0.0,14,33606.89747583322,UNSAT,,23.496,
93,27,24,325.271417856,0,2000.0,-1,325.271417856,0.0,2,0.0,14,33932.16889368922,UNSAT,,325.358,
94,28,25,9.50546193123,0,343.3103975731611,-1,9.50546193123,0.0,2,0.0,14,33941.674355620446,UNSAT,,9.55,
95,28,233,1802.3555541,0,551.1835398044169,-1,1802.3555541,0.0,1,0.0,14,35744.02990972045,SAT,,1802.382,
96,27,43,463.312676191,0,2000.0,-1,463.312676191,0.0,1,0.0,15,36207.34258591145,SAT,,463.355,
97,29,273,5.86245393753,0,18.389933359223605,-1,5.86245393753,0.0,1,0.0,15,36213.20503984898,SAT,,5.915,
98,29,201,15.0948619843,0,237.48429854248764,-1,15.0948619843,0.0,1,0.0,15,36228.29990183328,SAT,,15.123,
99,29,66,8.45062589645,0,217.86097752709986,-1,8.45062589645,0.0,2,0.0,15,36236.750527729724,UNSAT,,8.49,
100,29,25,5.7723429203,0,1491.0692572485389,-1,5.7723429203,0.0,2,0.0,15,36242.52287065003,UNSAT,,5.802,
101,29,185,225.110693932,0,1483.565211471516,-1,225.110693932,0.0,2,0.0,15,36467.63356458203,UNSAT,,225.151,
102,29,24,4.90325713158,0,1190.9213094863771,-1,4.90325713158,0.0,2,0.0,15,36472.536821713606,UNSAT,,4.925,
103,29,233,1802.23719311,0,1184.5470743145524,-1,1802.23719311,0.0,1,0.0,15,38274.774014823604,SAT,,1802.27,
104,27,144,29.3837840557,0,2000.0,-1,29.3837840557,0.0,2,0.0,15,38304.15779887931,UNSAT,,29.438,
105,30,90,2000.0,0,98.48293726180793,-1,993.33425,0.0,-1,1.0E9,15,39297.49204887931,CRASHED,Run Exceeded Captime -- Treating as CRASHED;Killed Manually,1045.615,
106,27,241,1268.83452606,0,2000.0,-1,1268.83452606,0.0,1,0.0,16,40566.3265749393,SAT,,1268.89,
107,31,133,1802.24876904,0,207.38869950954916,-1,1802.24876904,0.0,2,0.0,16,42368.575343979304,UNSAT,,1802.327,
108,27,263,16.0503849983,0,2000.0,-1,16.0503849983,0.0,1,0.0,16,42384.625728977604,SAT,,16.098,
109,32,110,599.146587133,0,232.2064326967776,-1,599.146587133,0.0,2,0.0,16,42983.772316110604,UNSAT,,599.208,
