Run Number,Run History Configuration ID,Instance ID,Response Value (y),Censored?,Cutoff Time Used,Seed,Runtime,Run Length,Run Result Code,Run Quality,SMAC Iteration,SMAC Cumulative Runtime,Run Result,Additional Algorithm Run Data,Wall Clock Time,
1,1,85,6.83013391495,0,2000.0,-1,6.83013391495,0.0,1,0.0,0,6.83013391495,SAT,,6.935,
2,1,137,4.61711096764,0,2000.0,-1,4.61711096764,0.0,1,0.0,1,11.44724488259,SAT,,4.681,
3,2,85,5.41893005371,0,9.881775070327521,-1,5.41893005371,0.0,1,0.0,1,16.8661749363,SAT,,5.446,
4,2,137,2.99097084999,0,8.840710193264485,-1,2.99097084999,0.0,1,0.0,1,19.857145786289998,SAT,,3.023,
5,2,90,3.23251414299,0,2000.0,-1,3.23251414299,0.0,1,0.0,1,23.089659929279996,SAT,,3.27,
6,3,137,3.08889889717,0,4.890863027769328,-1,3.08889889717,0.0,1,0.0,1,26.178558826449997,SAT,,3.125,
7,2,31,4.44855809212,0,2000.0,-1,4.44855809212,0.0,2,0.0,2,30.627116918569996,UNSAT,,4.472,
8,4,137,3.15421485901,0,4.890863027769328,-1,3.15421485901,0.0,1,0.0,2,33.78133177757999,SAT,,3.174,
9,2,15,6.25471687317,0,2000.0,-1,6.25471687317,0.0,2,0.0,2,40.03604865074999,UNSAT,,6.287,
10,5,137,3.32819914818,0,4.890863027769328,-1,3.32819914818,0.0,1,0.0,2,43.36424779892999,SAT,,3.371,
11,2,24,4.92268896103,0,2000.0,-1,4.92268896103,0.0,2,0.0,3,48.286936759959985,UNSAT,,4.953,
12,6,15,17.1921749115,0,9.133732121783495,-1,17.1921749115,0.0,2,0.0,3,65.47911167145999,UNSAT,,17.223,
13,2,122,3.77295517921,0,2000.0,-1,3.77295517921,0.0,1,0.0,3,69.25206685066999,SAT,,3.829,
14,7,24,4.01277899742,0,7.402095932859183,-1,4.01277899742,0.0,2,0.0,3,73.26484584808999,UNSAT,,4.059,
15,7,90,3.63980698586,0,12.17347792198062,-1,3.63980698586,0.0,1,0.0,3,76.90465283395,SAT,,3.669,
16,7,31,4.06333208084,0,7.441728830683232,-1,4.06333208084,0.0,2,0.0,3,80.96798491479,UNSAT,,4.098,
17,7,15,4.83447384834,0,26.133441262292866,-1,4.83447384834,0.0,2,0.0,3,85.80245876312999,UNSAT,,4.879,
18,7,85,5.57715988159,0,19.84862497856021,-1,5.57715988159,0.0,1,0.0,3,91.37961864472,SAT,,5.608,
19,7,137,2.99992084503,0,12.598318130123616,-1,2.99992084503,0.0,1,0.0,3,94.37953948975,SAT,,3.019,
20,7,122,5.72628116608,0,8.698420402008296,-1,5.72628116608,0.0,1,0.0,3,100.10582065583,SAT,,5.779,
21,7,70,4.28687214851,0,2000.0,-1,4.28687214851,0.0,2,0.0,4,104.39269280434,UNSAT,,4.332,
22,4,85,5.33992600441,0,8.053626388657094,-1,5.33992600441,0.0,1,0.0,4,109.73261880875,SAT,,5.379,
23,4,122,4.33632087708,0,14.843304165053368,-1,4.33632087708,0.0,1,0.0,4,114.06893968583,SAT,,4.375,
24,4,15,2000.0,0,9.206087131398917,-1,92.7143,0.0,-1,1.0E9,4,206.78323968582998,CRASHED,Run Exceeded Captime -- Treating as CRASHED;Killed Manually,97.594,
25,7,120,1801.65349293,0,2000.0,-1,1801.65349293,0.0,1,0.0,4,2008.4367326158301,SAT,,1801.691,
26,8,15,6.15507698059,0,7.287416596311331,-1,6.15507698059,0.0,2,0.0,4,2014.59180959642,UNSAT,,6.196,
27,7,130,6.47314190865,0,2000.0,-1,6.47314190865,0.0,1,0.0,5,2021.06495150507,SAT,,6.508,
28,9,70,4.07648491859,0,6.5755342025041585,-1,4.07648491859,0.0,2,0.0,5,2025.14143642366,UNSAT,,4.133,
29,9,90,4.41781902313,0,11.29278492962122,-1,4.41781902313,0.0,1,0.0,5,2029.55925544679,SAT,,4.453,
30,9,31,5.54782795906,0,5.549620267349481,-1,5.54782795906,0.0,2,0.0,5,2035.10708340585,UNSAT,,5.58,
31,7,43,4.85190606117,0,2000.0,-1,4.85190606117,0.0,1,0.0,5,2039.95898946702,SAT,,4.884,
32,10,137,3.80425000191,0,4.902498040693999,-1,3.80425000191,0.0,1,0.0,5,2043.7632394689301,SAT,,3.83,
33,7,23,4.63734078407,0,2000.0,-1,4.63734078407,0.0,2,0.0,6,2048.400580253,UNSAT,,4.675,
34,11,23,5.95344209671,0,7.0311436321318155,-1,5.95344209671,0.0,2,0.0,6,2054.3540223497102,UNSAT,,5.985,
35,7,121,3.81594800949,0,2000.0,-1,3.81594800949,0.0,1,0.0,6,2058.1699703592003,SAT,,3.846,
36,12,23,4.57258319855,0,7.0311436321318155,-1,4.57258319855,0.0,2,0.0,6,2062.7425535577504,UNSAT,,4.602,
37,12,137,2.86473798752,0,10.562216293412447,-1,2.86473798752,0.0,1,0.0,6,2065.6072915452705,SAT,,2.891,
38,12,70,4.29268288612,0,6.838056899952889,-1,4.29268288612,0.0,2,0.0,6,2069.8999744313905,UNSAT,,4.329,
39,12,15,5.49422097206,0,25.97674996440411,-1,5.49422097206,0.0,2,0.0,6,2075.3941954034503,UNSAT,,5.53,
40,12,90,3.9142510891,0,18.83426372741461,-1,3.9142510891,0.0,1,0.0,6,2079.3084464925505,SAT,,3.951,
41,12,31,4.14667797089,0,13.745736226785183,-1,4.14667797089,0.0,2,0.0,6,2083.4551244634404,UNSAT,,4.186,
42,12,130,4.36633896828,0,8.355055552321673,-1,4.36633896828,0.0,1,0.0,6,2087.8214634317205,SAT,,4.39,
43,12,24,4.60218214989,0,2000.0,-1,4.60218214989,0.0,2,0.0,6,2092.4236455816103,UNSAT,,4.624,
44,12,85,5.14691400528,0,2000.0,-1,5.14691400528,0.0,1,0.0,6,2097.5705595868903,SAT,,5.189,
45,12,120,1801.47133398,0,2000.0,-1,1801.47133398,0.0,1,0.0,6,3899.0418935668904,SAT,,1801.496,
46,12,43,4.54621601105,0,21.42889219184518,-1,4.54621601105,0.0,1,0.0,6,3903.5881095779405,SAT,,4.637,
47,12,121,3.74708795547,0,15.51881170679927,-1,3.74708795547,0.0,1,0.0,6,3907.3351975334103,SAT,,3.767,
48,12,122,4.72342610359,0,10.647597432482243,-1,4.72342610359,0.0,1,0.0,6,3912.0586236370004,SAT,,4.75,
49,12,47,4.18753910065,0,2000.0,-1,4.18753910065,0.0,1,0.0,7,3916.2461627376506,SAT,,4.258,
50,13,121,4.44946718216,0,5.873814586895704,-1,4.44946718216,0.0,1,0.0,7,3920.6956299198105,SAT,,4.48,
51,12,6,6.78090810776,0,2000.0,-1,6.78090810776,0.0,2,0.0,7,3927.4765380275703,UNSAT,,6.812,
52,14,85,5.44452214241,0,7.693588722842932,-1,5.44452214241,0.0,1,0.0,7,3932.92106016998,SAT,,5.488,
53,12,55,5.62094902992,0,2000.0,-1,5.62094902992,0.0,1,0.0,8,3938.5420091999003,SAT,,5.652,
54,15,90,5.81687712669,0,6.091126602488756,-1,5.81687712669,0.0,1,0.0,8,3944.3588863265904,SAT,,5.861,
55,12,54,3.53734612465,0,2000.0,-1,3.53734612465,0.0,1,0.0,8,3947.8962324512404,SAT,,3.575,
56,16,54,3.88003015518,0,5.6011509041965,-1,3.88003015518,0.0,1,0.0,8,3951.7762626064205,SAT,,3.928,
57,12,45,10.1598219872,0,2000.0,-1,10.1598219872,0.0,1,0.0,9,3961.9360845936203,SAT,,10.203,
58,17,130,4.64446187019,0,6.678841252225638,-1,4.64446187019,0.0,1,0.0,9,3966.58054646381,SAT,,4.68,
59,12,117,4.04139900208,0,2000.0,-1,4.04139900208,0.0,1,0.0,9,3970.6219454658903,SAT,,4.069,
60,18,130,3.64605402946,0,6.678841252225638,-1,3.64605402946,0.0,1,0.0,9,3974.2679994953505,SAT,,3.676,
61,18,54,3.46826696396,0,13.847354323017598,-1,3.46826696396,0.0,1,0.0,9,3977.7362664593106,SAT,,3.499,
62,18,55,3.40879011154,0,9.338607628244162,-1,3.40879011154,0.0,1,0.0,9,3981.1450565708506,SAT,,3.448,
63,18,137,3.21429204941,0,32.32351633568406,-1,3.21429204941,0.0,1,0.0,9,3984.3593486202603,SAT,,3.247,
64,18,90,4.09492897987,0,28.144936438995604,-1,4.09492897987,0.0,1,0.0,9,3988.4542776001304,SAT,,4.12,
65,18,45,2000.0,0,22.821529385048155,-1,228.95759999999999,0.0,-1,1.0E9,9,4217.4118776001305,CRASHED,Run Exceeded Captime -- Treating as CRASHED;Killed Manually,241.008,
66,12,129,4.65165686607,0,2000.0,-1,4.65165686607,0.0,1,0.0,10,4222.0635344662005,SAT,,4.679,
67,19,122,23.2961080074,0,7.143054053533078,-1,23.2961080074,0.0,1,0.0,10,4245.359642473601,SAT,,23.336,
68,12,61,1801.42462397,0,2000.0,-1,1801.42462397,0.0,1,0.0,10,6046.784266443601,SAT,,1801.465,
69,20,129,17.4043431282,0,7.049754809933901,-1,17.4043431282,0.0,1,0.0,10,6064.188609571801,SAT,,17.53,
70,12,58,4.40395498276,0,2000.0,-1,4.40395498276,0.0,1,0.0,11,6068.592564554561,SAT,,4.448,
71,21,90,3.56409502029,0,6.091126602488756,-1,3.56409502029,0.0,1,0.0,11,6072.156659574851,SAT,,3.601,
72,21,120,170.173045874,0,2000.0,-1,170.173045874,0.0,1,0.0,11,6242.329705448851,SAT,,170.214,
73,21,117,6.13293290138,0,2000.0,-1,6.13293290138,0.0,1,0.0,11,6248.462638350231,SAT,,6.16,
74,21,122,4.64150094986,0,2000.0,-1,4.64150094986,0.0,1,0.0,11,6253.1041393000905,SAT,,4.682,
75,21,45,13.2445819378,0,2000.0,-1,13.2445819378,0.0,1,0.0,11,6266.3487212378905,SAT,,13.29,
76,21,130,25.717705965,0,2000.0,-1,25.717705965,0.0,1,0.0,11,6292.066427202891,SAT,,25.756,
77,21,61,1801.48407817,0,2000.0,-1,1801.48407817,0.0,1,0.0,11,8093.55050537289,SAT,,1801.511,
78,21,15,1801.65909791,0,2000.0,-1,1801.65909791,0.0,2,0.0,11,9895.20960328289,UNSAT,,1801.699,
79,12,132,4.76456713676,0,2000.0,-1,4.76456713676,0.0,1,0.0,11,9899.974170419651,SAT,,4.797,
80,22,137,3.48475885391,0,4.726759706038237,-1,3.48475885391,0.0,1,0.0,11,9903.458929273562,SAT,,3.573,
81,12,53,3.88672184944,0,2000.0,-1,3.88672184944,0.0,1,0.0,12,9907.345651123002,SAT,,3.92,
82,23,85,6.19997501373,0,7.693588722842932,-1,6.19997501373,0.0,1,0.0,12,9913.54562613673,SAT,,6.233,
83,12,136,4.40426182747,0,2000.0,-1,4.40426182747,0.0,1,0.0,12,9917.949887964201,SAT,,4.448,
84,24,55,8.01128315926,0,8.309833973991871,-1,8.01128315926,0.0,1,0.0,12,9925.961171123461,SAT,,8.042,
85,12,103,1801.6061461,0,2000.0,-1,1801.6061461,0.0,1,0.0,13,11727.56731722346,SAT,,1801.644,
86,25,45,15.067800045,0,14.210369147706032,-1,15.067800045,0.0,1,0.0,13,11742.63511726846,SAT,,15.137,
87,12,13,12.3548069,0,2000.0,-1,12.3548069,0.0,2,0.0,13,11754.989924168462,UNSAT,,12.392,
88,26,121,7.66741299629,0,5.873814586895704,-1,7.66741299629,0.0,1,0.0,13,11762.657337164752,SAT,,7.714,
89,12,68,6.65367603302,0,2000.0,-1,6.65367603302,0.0,2,0.0,14,11769.311013197772,UNSAT,,6.685,
90,27,130,4.20203399658,0,6.678841252225638,-1,4.20203399658,0.0,1,0.0,14,11773.513047194352,SAT,,4.248,
91,27,61,7.22926497459,0,2000.0,-1,7.22926497459,0.0,1,0.0,14,11780.742312168943,SAT,,7.261,
92,27,122,4.83727812767,0,2000.0,-1,4.83727812767,0.0,1,0.0,14,11785.579590296613,SAT,,4.876,
93,27,47,14.4620008469,0,2000.0,-1,14.4620008469,0.0,1,0.0,14,11800.041591143512,SAT,,14.49,
94,27,85,5.8015999794,0,2000.0,-1,5.8015999794,0.0,1,0.0,14,11805.843191122913,SAT,,5.827,
95,27,68,7.10601091385,0,2000.0,-1,7.10601091385,0.0,2,0.0,14,11812.949202036763,UNSAT,,7.136,
96,27,15,7.50342988968,0,2000.0,-1,7.50342988968,0.0,2,0.0,14,11820.452631926444,UNSAT,,7.522,
97,27,13,5.87992286682,0,2000.0,-1,5.87992286682,0.0,2,0.0,14,11826.332554793264,UNSAT,,5.905,
98,27,31,5.97320604324,0,2000.0,-1,5.97320604324,0.0,2,0.0,14,11832.305760836503,UNSAT,,6.012,
99,27,120,291.488634109,0,2000.0,-1,291.488634109,0.0,1,0.0,14,12123.794394945504,SAT,,291.511,
100,27,70,4.63932490349,0,2000.0,-1,4.63932490349,0.0,2,0.0,14,12128.433719848994,UNSAT,,4.683,
101,27,136,4.42642784119,0,2000.0,-1,4.42642784119,0.0,1,0.0,14,12132.860147690184,SAT,,4.449,
102,27,103,8.8884241581,0,2000.0,-1,8.8884241581,0.0,1,0.0,14,12141.748571848284,SAT,,8.919,
103,27,23,7.88963913918,0,2000.0,-1,7.88963913918,0.0,2,0.0,14,12149.638210987465,UNSAT,,7.916,
104,27,90,4.66672086716,0,2000.0,-1,4.66672086716,0.0,1,0.0,14,12154.304931854625,SAT,,4.702,
105,27,117,4.91599082947,0,2000.0,-1,4.91599082947,0.0,1,0.0,14,12159.220922684095,SAT,,4.957,
106,27,45,6.11669588089,0,2000.0,-1,6.11669588089,0.0,1,0.0,14,12165.337618564985,SAT,,6.155,
107,27,55,4.58742594719,0,2000.0,-1,4.58742594719,0.0,1,0.0,14,12169.925044512174,SAT,,4.623,
108,27,137,3.31932210922,0,2000.0,-1,3.31932210922,0.0,1,0.0,14,12173.244366621395,SAT,,3.345,
109,27,53,4.05568599701,0,2000.0,-1,4.05568599701,0.0,1,0.0,14,12177.300052618404,SAT,,4.082,
110,27,58,4.3467130661,0,2000.0,-1,4.3467130661,0.0,1,0.0,14,12181.646765684503,SAT,,4.375,
111,27,6,6.21146893501,0,2000.0,-1,6.21146893501,0.0,2,0.0,14,12187.858234619513,UNSAT,,6.254,
112,27,132,4.15613102913,0,2000.0,-1,4.15613102913,0.0,1,0.0,14,12192.014365648643,SAT,,4.185,
113,27,54,6.90329194069,0,2000.0,-1,6.90329194069,0.0,1,0.0,14,12198.917657589334,SAT,,6.94,
114,27,129,4.09879994392,0,2000.0,-1,4.09879994392,0.0,1,0.0,14,12203.016457533255,SAT,,4.124,
115,27,24,5.29695606232,0,2000.0,-1,5.29695606232,0.0,2,0.0,14,12208.313413595575,UNSAT,,5.329,
116,27,121,4.38558006287,0,2000.0,-1,4.38558006287,0.0,1,0.0,14,12212.698993658445,SAT,,4.423,
117,27,43,3.6578438282,0,2000.0,-1,3.6578438282,0.0,1,0.0,14,12216.356837486645,SAT,,3.695,
118,27,144,74.5285701752,0,2000.0,-1,74.5285701752,0.0,1,0.0,14,12290.885407661845,SAT,,74.567,
119,28,144,96.3717710972,0,97.88974168558718,-1,96.3717710972,0.0,1,0.0,14,12387.257178759044,SAT,,96.41,
120,27,112,5.38054895401,0,2000.0,-1,5.38054895401,0.0,1,0.0,15,12392.637727713054,SAT,,5.404,
121,29,61,7.49258899689,0,10.400644585835934,-1,7.49258899689,0.0,1,0.0,15,12400.130316709945,SAT,,7.543,
122,27,67,89.5878379345,0,2000.0,-1,89.5878379345,0.0,2,0.0,15,12489.718154644444,UNSAT,,89.623,
123,30,70,4.38383698463,0,7.033722464340926,-1,4.38383698463,0.0,2,0.0,15,12494.101991629075,UNSAT,,4.429,
124,30,112,5.05471515656,0,14.086404804486037,-1,5.05471515656,0.0,1,0.0,15,12499.156706785636,SAT,,5.078,
125,30,136,4.15294504166,0,7.515275188136101,-1,4.15294504166,0.0,1,0.0,15,12503.309651827296,SAT,,4.195,
126,30,6,11.6699540615,0,32.527977776128054,-1,11.6699540615,0.0,2,0.0,15,12514.979605888797,UNSAT,,11.71,
127,30,68,7.15144300461,0,17.35703720559478,-1,7.15144300461,0.0,2,0.0,15,12522.131048893407,UNSAT,,7.191,
128,30,31,5.66183400154,0,8.0601618516922,-1,5.66183400154,0.0,2,0.0,15,12527.792882894946,UNSAT,,5.705,
129,27,9,138.32701993,0,2000.0,-1,138.32701993,0.0,2,0.0,16,12666.119902824947,UNSAT,,138.357,
130,31,13,5.1404800415,0,8.646499913531542,-1,5.1404800415,0.0,2,0.0,16,12671.260382866447,UNSAT,,5.182,
131,31,9,1802.01050401,0,187.8583387363434,-1,1802.01050401,0.0,2,0.0,16,14473.270886876448,UNSAT,,1802.049,
132,27,74,10.0948650837,0,2000.0,-1,10.0948650837,0.0,2,0.0,16,14483.365751960147,UNSAT,,10.121,
133,32,112,30.8629691601,0,7.997314621108771,-1,30.8629691601,0.0,1,0.0,16,14514.228721120247,SAT,,30.913,
