Run Number,Run History Configuration ID,Instance ID,Response Value (y),Censored?,Cutoff Time Used,Seed,Runtime,Run Length,Run Result Code,Run Quality,SMAC Iteration,SMAC Cumulative Runtime,Run Result,Additional Algorithm Run Data,Wall Clock Time,
1,1,140,4.31177902222,0,2000.0,-1,4.31177902222,0.0,1,0.0,0,4.31177902222,SAT,,4.419,
2,1,50,3.11656117439,0,2000.0,-1,3.11656117439,0.0,1,0.0,1,7.42834019661,SAT,,3.146,
3,2,140,4.6691532135,0,6.60791368072033,-1,4.6691532135,0.0,1,0.0,1,12.09749341011,SAT,,4.737,
4,1,80,4.66452002525,0,2000.0,-1,4.66452002525,0.0,2,0.0,1,16.76201343536,UNSAT,,4.807,
5,3,50,3.35128092766,0,5.05412974243164,-1,3.35128092766,0.0,1,0.0,1,20.11329436302,SAT,,3.38,
6,1,52,4.08326196671,0,2000.0,-1,4.08326196671,0.0,1,0.0,2,24.19655632973,SAT,,4.125,
7,4,80,4.25787091255,0,7.06647605483532,-1,4.25787091255,0.0,2,0.0,2,28.45442724228,UNSAT,,4.303,
8,4,52,4.19272112846,0,10.893614393073321,-1,4.19272112846,0.0,1,0.0,2,32.64714837074,SAT,,4.216,
9,4,50,3.56736397743,0,5.4430769648134705,-1,3.56736397743,0.0,1,0.0,2,36.21451234817,SAT,,3.607,
10,1,147,98.8440570831,0,2000.0,-1,98.8440570831,0.0,1,0.0,2,135.05856943127,SAT,,98.924,
11,5,147,105.58298707,0,129.49987434630395,-1,105.58298707,0.0,1,0.0,2,240.64155650127,SAT,,105.604,
12,1,72,4.1487159729,0,2000.0,-1,4.1487159729,0.0,2,0.0,3,244.79027247417,UNSAT,,4.238,
13,6,72,3.70894408226,0,6.395931251692772,-1,3.70894408226,0.0,2,0.0,3,248.49921655642999,UNSAT,,3.754,
14,6,140,3.9507291317,0,13.246092934507132,-1,3.9507291317,0.0,1,0.0,3,252.44994568813,SAT,,3.974,
15,6,80,3.98345899582,0,8.110145189213753,-1,3.98345899582,0.0,2,0.0,3,256.43340468394996,UNSAT,,4.023,
16,6,50,3.29619598389,0,140.79259269719125,-1,3.29619598389,0.0,1,0.0,3,259.72960066784,SAT,,3.318,
17,6,147,128.914775133,0,136.5075372982502,-1,128.914775133,0.0,1,0.0,3,388.64437580083995,SAT,,128.943,
18,1,151,118.085582018,0,2000.0,-1,118.085582018,0.0,1,0.0,3,506.7299578188399,SAT,,118.113,
19,7,52,5.17038321495,0,6.310840685266257,-1,5.17038321495,0.0,1,0.0,3,511.9003410337899,SAT,,5.246,
20,1,93,5.78503203392,0,2000.0,-1,5.78503203392,0.0,1,0.0,4,517.6853730677099,SAT,,5.804,
21,8,72,7.24443507195,0,6.395931251692772,-1,7.24443507195,0.0,2,0.0,4,524.9298081396598,UNSAT,,7.27,
22,1,114,4.7004108429,0,2000.0,-1,4.7004108429,0.0,1,0.0,4,529.6302189825599,SAT,,4.737,
23,9,147,21.515681982,0,129.49987434630395,-1,21.515681982,0.0,1,0.0,4,551.1459009645599,SAT,,21.558,
24,9,80,4.87097597122,0,113.20127704029085,-1,4.87097597122,0.0,2,0.0,4,556.0168769357799,UNSAT,,4.901,
25,9,140,17.202434063,0,106.86900782247187,-1,17.202434063,0.0,1,0.0,4,573.21931099878,SAT,,17.24,
26,9,72,7.63332796097,0,253.57769465853573,-1,7.63332796097,0.0,2,0.0,4,580.8526389597499,UNSAT,,7.666,
27,9,151,19.0056810379,0,243.65436890010835,-1,19.0056810379,0.0,1,0.0,4,599.8583199976499,SAT,,19.04,
28,9,114,1637.85542393,0,218.9469830956042,-1,1637.85542393,0.0,1,0.0,4,2237.71374392765,SAT,,1637.89,
29,1,39,1801.83511901,0,2000.0,-1,1801.83511901,0.0,1,0.0,5,4039.5488629376496,SAT,,1802.044,
30,10,80,5.36265516281,0,7.06647605483532,-1,5.36265516281,0.0,2,0.0,5,4044.9115181004595,UNSAT,,5.414,
31,1,95,4.28234004974,0,2000.0,-1,4.28234004974,0.0,1,0.0,5,4049.1938581501995,SAT,,4.324,
32,11,140,7.14116096497,0,6.60791368072033,-1,7.14116096497,0.0,1,0.0,5,4056.3350191151694,SAT,,7.171,
33,1,11,1802.36289215,0,2000.0,-1,1802.36289215,0.0,2,0.0,6,5858.69791126517,UNSAT,,1802.427,
34,12,114,6.30657696724,0,7.113134757030011,-1,6.30657696724,0.0,1,0.0,6,5865.00448823241,SAT,,6.355,
35,1,111,4.33766007423,0,2000.0,-1,4.33766007423,0.0,1,0.0,6,5869.34214830664,SAT,,4.377,
36,13,147,12.3758850098,0,129.49987434630395,-1,12.3758850098,0.0,1,0.0,6,5881.718033316441,SAT,,12.42,
37,13,52,4.78804779053,0,124.36102329601647,-1,4.78804779053,0.0,1,0.0,6,5886.506081106971,SAT,,4.833,
38,13,111,4.66852402687,0,118.13656137173177,-1,4.66852402687,0.0,1,0.0,6,5891.1746051338405,SAT,,4.694,
39,13,93,47.3891420364,0,2000.0,-1,47.3891420364,0.0,1,0.0,6,5938.56374717024,SAT,,47.436,
40,13,72,7.26781201363,0,2000.0,-1,7.26781201363,0.0,2,0.0,6,5945.83155918387,UNSAT,,7.295,
41,13,11,1802.67133498,0,2000.0,-1,1802.67133498,0.0,2,0.0,6,7748.50289416387,UNSAT,,1802.695,
42,13,114,2000.0,0,59.64207024161816,-1,596.9572,0.0,-1,1.0E9,6,8345.460094163871,CRASHED,Run Exceeded Captime -- Treating as CRASHED;Killed Manually,628.376,
43,1,135,3.01246809959,0,2000.0,-1,3.01246809959,0.0,1,0.0,7,8348.472562263461,SAT,,3.047,
44,14,39,1801.61691689,0,2000.0,-1,1801.61691689,0.0,1,0.0,7,10150.089479153461,SAT,,1801.688,
45,14,151,406.282181978,0,160.86399610002638,-1,406.282181978,0.0,1,0.0,7,10556.371661131461,SAT,,406.426,
46,1,98,3.60300779343,0,2000.0,-1,3.60300779343,0.0,1,0.0,7,10559.974668924891,SAT,,3.726,
47,15,111,4.3745071888,0,6.641558360654116,-1,4.3745071888,0.0,1,0.0,7,10564.349176113692,SAT,,4.483,
48,1,83,65.5880558491,0,2000.0,-1,65.5880558491,0.0,1,0.0,8,10629.937231962793,SAT,,65.706,
49,16,11,1802.85472107,0,2000.0,-1,1802.85472107,0.0,2,0.0,8,12432.791953032793,UNSAT,,1802.92,
50,1,132,4.90069890022,0,2000.0,-1,4.90069890022,0.0,1,0.0,8,12437.692651933012,SAT,,4.936,
51,17,11,1632.97269917,0,2000.0,-1,1632.97269917,0.0,2,0.0,8,14070.665351103013,UNSAT,,1633.024,
52,17,140,5.4332151413,0,230.7339727770269,-1,5.4332151413,0.0,1,0.0,8,14076.098566244313,SAT,,5.494,
53,17,135,3.71148204803,0,223.6707935001433,-1,3.71148204803,0.0,1,0.0,8,14079.810048292342,SAT,,3.779,
54,17,114,4.78168296814,0,241.47584167157413,-1,4.78168296814,0.0,1,0.0,8,14084.591731260482,SAT,,4.808,
55,17,52,5.44951605797,0,235.25965380330683,-1,5.44951605797,0.0,1,0.0,8,14090.041247318451,SAT,,5.485,
56,17,95,4.73218584061,0,228.17528209497334,-1,4.73218584061,0.0,1,0.0,8,14094.773433159062,SAT,,4.764,
57,17,111,5.45082116127,0,222.02344032784106,-1,5.45082116127,0.0,1,0.0,8,14100.224254320332,SAT,,5.489,
58,17,80,4.84633898735,0,462.79361666028495,-1,4.84633898735,0.0,2,0.0,8,14105.070593307682,UNSAT,,4.877,
59,17,147,127.727238894,0,456.4933758120715,-1,127.727238894,0.0,1,0.0,8,14232.797832201682,SAT,,127.77,
60,17,83,89.6908311844,0,290.44796581228377,-1,89.6908311844,0.0,1,0.0,8,14322.488663386082,SAT,,89.716,
61,17,93,6.78426814079,0,173.84988487546445,-1,6.78426814079,0.0,1,0.0,8,14329.272931526872,SAT,,6.823,
62,17,72,4.66470885277,0,165.03033683483602,-1,4.66470885277,0.0,2,0.0,8,14333.937640379641,UNSAT,,4.704,
63,17,132,4.36445498466,0,158.96621531655194,-1,4.36445498466,0.0,1,0.0,8,14338.3020953643,SAT,,4.407,
64,17,50,4.32279992104,0,153.29242366214396,-1,4.32279992104,0.0,1,0.0,8,14342.62489528534,SAT,,4.362,
65,17,98,4.12171816826,0,147.67278385196926,-1,4.12171816826,0.0,1,0.0,8,14346.7466134536,SAT,,4.159,
66,17,39,1802.55068302,0,2000.0,-1,1802.55068302,0.0,1,0.0,8,16149.2972964736,SAT,,1802.587,
67,17,151,269.721471071,0,294.8981730159104,-1,269.721471071,0.0,1,0.0,8,16419.0187675446,SAT,,269.744,
68,1,148,4.48382520676,0,2000.0,-1,4.48382520676,0.0,1,0.0,9,16423.50259275136,SAT,,4.599,
69,18,111,4.33386802673,0,6.641558360654116,-1,4.33386802673,0.0,1,0.0,9,16427.83646077809,SAT,,4.403,
70,18,93,2000.0,0,13.838911977010966,-1,139.27855,0.0,-1,1.0E9,9,16567.11501077809,CRASHED,Run Exceeded Captime -- Treating as CRASHED;Killed Manually,146.609,
71,1,153,64.5964620113,0,2000.0,-1,64.5964620113,0.0,1,0.0,9,16631.71147278939,SAT,,64.635,
72,19,135,4.07114505768,0,4.9188088517367845,-1,4.07114505768,0.0,1,0.0,9,16635.782617847068,SAT,,4.099,
73,1,123,46.4733831882,0,2000.0,-1,46.4733831882,0.0,1,0.0,10,16682.256001035268,SAT,,46.519,
74,20,111,4.90000104904,0,6.641558360654116,-1,4.90000104904,0.0,1,0.0,10,16687.15600208431,SAT,,4.934,
75,1,150,103.649124146,0,2000.0,-1,103.649124146,0.0,1,0.0,10,16790.80512623031,SAT,,103.812,
76,21,50,4.31950902939,0,5.05412974243164,-1,4.31950902939,0.0,1,0.0,10,16795.124635259697,SAT,,4.355,
77,1,43,4.52327203751,0,2000.0,-1,4.52327203751,0.0,1,0.0,11,16799.647907297207,SAT,,4.559,
78,20,83,83.168900013,0,85.5373303297639,-1,83.168900013,0.0,1,0.0,11,16882.816807310206,SAT,,83.203,
79,1,101,3.97783899307,0,2000.0,-1,3.97783899307,0.0,1,0.0,11,16886.794646303275,SAT,,3.998,
80,22,43,5.52745199203,0,6.8828547265112405,-1,5.52745199203,0.0,1,0.0,11,16892.322098295306,SAT,,5.554,
81,1,75,4.64505887032,0,2000.0,-1,4.64505887032,0.0,2,0.0,12,16896.967157165625,UNSAT,,4.675,
82,23,151,120.060930014,0,154.5138566646457,-1,120.060930014,0.0,1,0.0,12,17017.028087179624,SAT,,120.105,
83,1,100,7.15137696266,0,2000.0,-1,7.15137696266,0.0,2,0.0,12,17024.179464142286,UNSAT,,7.286,
84,24,135,4.52427315712,0,4.9188088517367845,-1,4.52427315712,0.0,1,0.0,12,17028.703737299405,SAT,,4.551,
85,1,13,4.99411010742,0,2000.0,-1,4.99411010742,0.0,2,0.0,13,17033.697847406824,UNSAT,,5.037,
86,25,148,5.48552012444,0,6.831573497849703,-1,5.48552012444,0.0,1,0.0,13,17039.183367531263,SAT,,5.511,
87,1,141,4.18014907837,0,2000.0,-1,4.18014907837,0.0,1,0.0,13,17043.363516609632,SAT,,4.304,
88,26,135,4.49157309532,0,4.9188088517367845,-1,4.49157309532,0.0,1,0.0,13,17047.855089704954,SAT,,4.528,
89,1,76,4.51932096481,0,2000.0,-1,4.51932096481,0.0,2,0.0,14,17052.374410669763,UNSAT,,4.557,
90,27,153,158.476279974,0,84.97800099511744,-1,158.476279974,0.0,1,0.0,14,17210.85069064376,SAT,,158.501,
91,1,44,5.22004985809,0,2000.0,-1,5.22004985809,0.0,1,0.0,14,17216.07074050185,SAT,,5.25,
92,28,98,3.62900304794,0,5.68651025031805,-1,3.62900304794,0.0,1,0.0,14,17219.69974354979,SAT,,3.679,
93,1,87,4.40654397011,0,2000.0,-1,4.40654397011,0.0,1,0.0,15,17224.106287519902,SAT,,4.455,
94,29,80,5.80796980858,0,7.06647605483532,-1,5.80796980858,0.0,2,0.0,15,17229.91425732848,UNSAT,,5.833,
95,1,37,4.03274178505,0,2000.0,-1,4.03274178505,0.0,1,0.0,15,17233.94699911353,SAT,,4.075,
96,30,87,8.777520895,0,6.731108006435633,-1,8.777520895,0.0,1,0.0,15,17242.72452000853,SAT,,8.821,
97,1,130,3.94495606422,0,2000.0,-1,3.94495606422,0.0,1,0.0,16,17246.66947607275,SAT,,4.068,
98,31,50,4.15902113914,0,5.05412974243164,-1,4.15902113914,0.0,1,0.0,16,17250.828497211893,SAT,,4.183,
99,1,26,5.99367022514,0,2000.0,-1,5.99367022514,0.0,2,0.0,16,17256.822167437032,UNSAT,,6.11,
100,32,11,1802.92516398,0,2000.0,-1,1802.92516398,0.0,2,0.0,16,19059.74733141703,UNSAT,,1802.954,
