Run Number,Run History Configuration ID,Instance ID,Response Value (y),Censored?,Cutoff Time Used,Seed,Runtime,Run Length,Run Result Code,Run Quality,SMAC Iteration,SMAC Cumulative Runtime,Run Result,Additional Algorithm Run Data,Wall Clock Time,
1,1,68,121.468407154,0,2000.0,-1,121.468407154,0.0,2,0.0,0,121.468407154,UNSAT,,121.726,
2,1,223,186.975517035,0,2000.0,-1,186.975517035,0.0,1,0.0,1,308.443924189,SAT,,187.08,
3,2,223,127.828464031,0,244.07077281584145,-1,127.828464031,0.0,1,0.0,1,436.27238822,SAT,,127.891,
4,2,68,114.080221891,0,235.80399927531482,-1,114.080221891,0.0,2,0.0,1,550.352610111,UNSAT,,114.142,
5,2,158,106.47891593,0,2000.0,-1,106.47891593,0.0,2,0.0,1,656.831526041,UNSAT,,106.533,
6,3,158,2000.0,0,139.42519173805715,-1,1394.8527,0.0,-1,1.0E9,1,2051.684226041,CRASHED,Run Exceeded Captime -- Treating as CRASHED;Killed Manually,1468.266,
7,2,95,143.203026056,0,2000.0,-1,143.203026056,0.0,2,0.0,2,2194.887252097,UNSAT,,143.243,
8,4,95,1802.30376005,0,187.16653491218688,-1,1802.30376005,0.0,2,0.0,2,3997.191012147,UNSAT,,1802.335,
9,2,140,32.1928319931,0,2000.0,-1,32.1928319931,0.0,2,0.0,2,4029.3838441401,UNSAT,,32.233,
10,5,140,2000.0,0,42.85328172926903,-1,429.15299999999996,0.0,-1,1.0E9,2,4458.5368441401,CRASHED,Run Exceeded Captime -- Treating as CRASHED;Killed Manually,451.74,
11,2,129,32.0740139484,0,2000.0,-1,32.0740139484,0.0,2,0.0,3,4490.610858088499,UNSAT,,32.102,
12,6,140,119.347386122,0,42.85328172926903,-1,119.347386122,0.0,2,0.0,3,4609.958244210499,UNSAT,,119.386,
13,2,75,20.106137991,0,2000.0,-1,20.106137991,0.0,2,0.0,3,4630.064382201499,UNSAT,,20.13,
14,7,158,990.558295012,0,139.42519173805715,-1,990.558295012,0.0,2,0.0,3,5620.622677213499,UNSAT,,990.637,
15,2,260,370.927917004,0,2000.0,-1,370.927917004,0.0,2,0.0,4,5991.550594217499,UNSAT,,370.998,
16,8,140,23.1264090538,0,42.85328172926903,-1,23.1264090538,0.0,2,0.0,4,6014.677003271298,UNSAT,,23.186,
17,8,260,1801.87329793,0,633.4204334657371,-1,1801.87329793,0.0,2,0.0,4,7816.550301201299,UNSAT,,1801.902,
18,2,217,511.888593912,0,2000.0,-1,511.888593912,0.0,1,0.0,4,8328.438895113299,SAT,,511.935,
19,9,217,536.154207945,0,666.4577729891718,-1,536.154207945,0.0,1,0.0,4,8864.593103058298,SAT,,536.191,
20,2,186,1503.1448729,0,2000.0,-1,1503.1448729,0.0,2,0.0,5,10367.737975958298,UNSAT,,1503.208,
21,10,158,198.530363083,0,139.42519173805715,-1,198.530363083,0.0,2,0.0,5,10566.268339041299,UNSAT,,198.587,
22,2,231,689.124191046,0,2000.0,-1,689.124191046,0.0,1,0.0,5,11255.392530087298,SAT,,689.184,
23,11,186,3.19745206833,0,1955.0909356105806,-1,3.19745206833,0.0,2,0.0,5,11258.589982155629,UNSAT,,3.25,
24,11,75,1801.59333587,0,2000.0,-1,1801.59333587,0.0,2,0.0,5,13060.183318025629,UNSAT,,1801.632,
25,11,231,1810.30740786,0,530.8649389896274,-1,1810.30740786,0.0,1,0.0,5,14870.49072588563,SAT,,1810.346,
26,2,177,451.200809002,0,2000.0,-1,451.200809002,0.0,2,0.0,6,15321.69153488763,UNSAT,,451.238,
27,12,223,277.01155901,0,167.17960339819194,-1,277.01155901,0.0,1,0.0,6,15598.70309389763,SAT,,277.093,
28,2,142,25.8846840858,0,2000.0,-1,25.8846840858,0.0,2,0.0,6,15624.58777798343,UNSAT,,25.951,
29,13,217,157.722675085,0,666.4577729891718,-1,157.722675085,0.0,1,0.0,6,15782.31045306843,SAT,,157.76,
30,13,231,449.828700066,0,1399.1330245401443,-1,449.828700066,0.0,1,0.0,6,16232.13915313443,SAT,,449.858,
31,13,140,30.0790369511,0,814.3557155396521,-1,30.0790369511,0.0,2,0.0,6,16262.21819008553,UNSAT,,30.149,
32,13,260,185.131472826,0,2000.0,-1,185.131472826,0.0,2,0.0,6,16447.34966291153,UNSAT,,185.172,
33,13,142,24.2388660908,0,2000.0,-1,24.2388660908,0.0,2,0.0,6,16471.58852900233,UNSAT,,24.304,
34,13,186,1802.97912097,0,2000.0,-1,1802.97912097,0.0,2,0.0,6,18274.56764997233,UNSAT,,1803.011,
35,13,177,533.37072897,0,1215.7096367221056,-1,533.37072897,0.0,2,0.0,6,18807.93837894233,UNSAT,,533.403,
36,13,223,98.1513040066,0,1229.237502802509,-1,98.1513040066,0.0,1,0.0,6,18906.08968294893,SAT,,98.217,
37,13,129,35.103664875,0,1101.6408078264176,-1,35.103664875,0.0,2,0.0,6,18941.19334782393,UNSAT,,35.16,
38,13,75,98.8594219685,0,1056.0060436729073,-1,98.8594219685,0.0,2,0.0,6,19040.05276979243,UNSAT,,98.887,
39,13,158,118.33698988,0,927.4887951913953,-1,118.33698988,0.0,2,0.0,6,19158.38975967243,UNSAT,,118.375,
40,13,68,264.924765825,0,773.6507075730443,-1,264.924765825,0.0,2,0.0,6,19423.31452549743,UNSAT,,265.001,
41,13,95,140.874983072,0,429.2485123391926,-1,140.874983072,0.0,2,0.0,6,19564.18950856943,UNSAT,,140.911,
42,13,215,103.424164057,0,2000.0,-1,103.424164057,0.0,1,0.0,7,19667.61367262643,SAT,,103.456,
43,14,260,1801.97402096,0,241.67351581935884,-1,1801.97402096,0.0,2,0.0,7,21469.58769358643,UNSAT,,1802.026,
44,13,230,687.57249999,0,2000.0,-1,687.57249999,0.0,1,0.0,7,22157.16019357643,SAT,,687.675,
45,15,142,2000.0,0,32.51312709261775,-1,334.51685,0.0,-1,1.0E9,7,22491.67704357643,CRASHED,Run Exceeded Captime -- Treating as CRASHED;Killed Manually,352.123,
46,13,12,1708.771873,0,2000.0,-1,1708.771873,0.0,2,0.0,8,24200.44891657643,UNSAT,,1708.802,
47,16,68,12.9373729229,0,345.40479675714965,-1,12.9373729229,0.0,2,0.0,8,24213.386289499333,UNSAT,,13.048,
48,16,95,1805.70943499,0,639.322984487164,-1,1805.70943499,0.0,2,0.0,8,26019.095724489332,UNSAT,,1805.741,
49,13,196,1802.43477702,0,2000.0,-1,1802.43477702,0.0,1,0.0,8,27821.530501509333,SAT,,1802.525,
50,17,196,1802.03858018,0,2000.0,-1,1802.03858018,0.0,1,0.0,8,29623.569081689333,SAT,,1802.153,
51,17,158,304.332632065,0,289.8097569014609,-1,304.332632065,0.0,2,0.0,8,29927.901713754334,UNSAT,,304.367,
52,13,166,85.4055690765,0,2000.0,-1,85.4055690765,0.0,2,0.0,9,30013.307282830836,UNSAT,,85.477,
53,18,260,344.575815916,0,241.67351581935884,-1,344.575815916,0.0,2,0.0,9,30357.883098746835,UNSAT,,344.64,
54,13,185,397.086029768,0,2000.0,-1,397.086029768,0.0,2,0.0,9,30754.969128514836,UNSAT,,397.152,
55,19,231,734.673238039,0,585.7799105237901,-1,734.673238039,0.0,1,0.0,9,31489.642366553835,SAT,,734.743,
56,13,152,259.161573887,0,2000.0,-1,259.161573887,0.0,2,0.0,10,31748.803940440834,UNSAT,,259.186,
57,20,230,843.138000011,0,894.8468511815846,-1,843.138000011,0.0,1,0.0,10,32591.941940451834,SAT,,843.202,
58,13,250,1803.62631607,0,2000.0,-1,1803.62631607,0.0,1,0.0,10,34395.56825652183,SAT,,1803.681,
59,21,215,203.781321049,0,135.45401411910655,-1,203.781321049,0.0,1,0.0,10,34599.34957757083,SAT,,203.847,
60,13,174,373.825273037,0,2000.0,-1,373.825273037,0.0,2,0.0,11,34973.17485060783,UNSAT,,373.869,
61,22,177,1833.34957623,0,694.3845487091422,-1,1833.34957623,0.0,2,0.0,11,36806.52442683783,UNSAT,,1833.381,
62,13,99,374.343222857,0,2000.0,-1,374.343222857,0.0,2,0.0,11,37180.86764969483,UNSAT,,374.456,
63,23,250,3.33819007874,0,2000.0,-1,3.33819007874,0.0,1,0.0,11,37184.205839773575,SAT,,3.424,
64,23,166,15.3500199318,0,2000.0,-1,15.3500199318,0.0,2,0.0,11,37199.555859705375,UNSAT,,15.384,
65,23,230,517.487358093,0,2000.0,-1,517.487358093,0.0,1,0.0,11,37717.043217798375,SAT,,517.52,
66,23,95,154.57397294,0,2000.0,-1,154.57397294,0.0,2,0.0,11,37871.617190738376,UNSAT,,154.632,
67,23,68,267.159469843,0,2000.0,-1,267.159469843,0.0,2,0.0,11,38138.776660581374,UNSAT,,267.276,
68,23,174,13.4964530468,0,2000.0,-1,13.4964530468,0.0,2,0.0,11,38152.27311362817,UNSAT,,13.547,
69,23,142,1804.0630641,0,2000.0,-1,1804.0630641,0.0,2,0.0,11,39956.336177728175,UNSAT,,1804.103,
70,23,12,1029.53084207,0,2000.0,-1,1029.53084207,0.0,2,0.0,11,40985.86701979818,UNSAT,,1029.574,
71,23,186,6.04141378403,0,2000.0,-1,6.04141378403,0.0,2,0.0,11,40991.908433582204,UNSAT,,6.078,
72,23,129,1801.79639387,0,2000.0,-1,1801.79639387,0.0,2,0.0,11,42793.7048274522,UNSAT,,1801.841,
73,23,215,1801.75857592,0,2000.0,-1,1801.75857592,0.0,1,0.0,11,44595.4634033722,SAT,,1801.789,
74,23,158,455.305183887,0,749.6484313983202,-1,455.305183887,0.0,2,0.0,11,45050.768587259205,UNSAT,,455.341,
75,23,185,3.95731091499,0,157.7516931000829,-1,3.95731091499,0.0,2,0.0,11,45054.7258981742,UNSAT,,4.021,
76,23,152,2000.0,0,152.60718920116426,-1,1526.6224499999998,0.0,-1,1.0E9,11,46581.3483481742,CRASHED,Run Exceeded Captime -- Treating as CRASHED;Killed Manually,1606.971,
77,13,227,329.504019022,0,2000.0,-1,329.504019022,0.0,1,0.0,12,46910.8523671962,SAT,,329.542,
78,24,231,700.881141901,0,585.7799105237901,-1,700.881141901,0.0,1,0.0,12,47611.733509097205,SAT,,700.976,
79,13,126,18.6671161652,0,2000.0,-1,18.6671161652,0.0,2,0.0,12,47630.4006252624,UNSAT,,18.757,
80,25,140,61.9549190998,0,40.10534834896326,-1,61.9549190998,0.0,2,0.0,12,47692.3555443622,UNSAT,,62.031,
81,13,240,722.087940931,0,2000.0,-1,722.087940931,0.0,1,0.0,13,48414.4434852932,SAT,,722.131,
82,26,126,17.6183600426,0,25.269852102148537,-1,17.6183600426,0.0,2,0.0,13,48432.061845335804,UNSAT,,17.688,
83,26,129,50.1094789505,0,2000.0,-1,50.1094789505,0.0,2,0.0,13,48482.171324286304,UNSAT,,50.135,
84,26,12,1805.65881395,0,2000.0,-1,1805.65881395,0.0,2,0.0,13,50287.830138236306,UNSAT,,1805.713,
85,13,94,221.111110926,0,2000.0,-1,221.111110926,0.0,2,0.0,13,50508.94124916231,UNSAT,,221.157,
86,27,94,168.50604105,0,288.44704505835773,-1,168.50604105,0.0,2,0.0,13,50677.44729021231,UNSAT,,168.596,
87,27,231,661.63030982,0,991.0791471492231,-1,661.63030982,0.0,1,0.0,13,51339.07760003231,SAT,,661.699,
88,27,152,755.796468019,0,130.95974520628454,-1,755.796468019,0.0,2,0.0,13,52094.87406805131,UNSAT,,755.858,
89,13,113,133.681252956,0,2000.0,-1,133.681252956,0.0,2,0.0,14,52228.555321007305,UNSAT,,133.72,
90,28,75,127.900972128,0,129.51984879409076,-1,127.900972128,0.0,2,0.0,14,52356.45629313531,UNSAT,,127.972,
91,13,229,499.800383091,0,2000.0,-1,499.800383091,0.0,1,0.0,14,52856.25667622631,SAT,,499.831,
92,29,177,3.72614789009,0,694.3845487091422,-1,3.72614789009,0.0,2,0.0,14,52859.9828241164,UNSAT,,3.797,
93,29,231,557.219254971,0,1760.293321393776,-1,557.219254971,0.0,1,0.0,14,53417.2020790874,SAT,,557.26,
94,29,174,10.9509718418,0,1035.908290174204,-1,10.9509718418,0.0,2,0.0,14,53428.1530509292,UNSAT,,10.999,
95,29,113,1801.55743003,0,2000.0,-1,1801.55743003,0.0,2,0.0,14,55229.7104809592,UNSAT,,1801.58,
96,29,126,1801.53393316,0,1708.224494371909,-1,1801.53393316,0.0,2,0.0,14,57031.244414119195,UNSAT,,1801.674,
97,13,206,162.849442005,0,2000.0,-1,162.849442005,0.0,1,0.0,15,57194.09385612419,SAT,,162.874,
98,30,129,2000.0,0,46.63736446608901,-1,500.8039,0.0,-1,1.0E9,15,57694.89775612419,CRASHED,Run Exceeded Captime -- Treating as CRASHED;Killed Manually,527.162,
99,13,232,139.363921881,0,2000.0,-1,139.363921881,0.0,1,0.0,15,57834.26167800519,SAT,,139.438,
100,31,227,3.46209406853,0,429.35782576759453,-1,3.46209406853,0.0,1,0.0,15,57837.72377207372,SAT,,3.494,
101,31,230,498.822788954,0,1453.1553665999056,-1,498.822788954,0.0,1,0.0,15,58336.54656102772,SAT,,498.864,
102,31,215,1802.00086594,0,804.6857400689006,-1,1802.00086594,0.0,1,0.0,15,60138.547426967714,SAT,,1802.056,
103,13,109,24.2184770107,0,2000.0,-1,24.2184770107,0.0,2,0.0,16,60162.76590397841,UNSAT,,24.332,
104,32,206,1801.71148205,0,212.70687504519822,-1,1801.71148205,0.0,1,0.0,16,61964.47738602841,SAT,,1801.797,
105,13,103,14.0992548466,0,2000.0,-1,14.0992548466,0.0,2,0.0,16,61978.57664087501,UNSAT,,14.138,
106,33,186,1805.13132787,0,2000.0,-1,1805.13132787,0.0,2,0.0,16,63783.70796874502,UNSAT,,1805.199,
