Run Number,Run History Configuration ID,Instance ID,Response Value (y),Censored?,Cutoff Time Used,Seed,Runtime,Run Length,Run Result Code,Run Quality,SMAC Iteration,SMAC Cumulative Runtime,Run Result,Additional Algorithm Run Data,Wall Clock Time,
1,1,246,1804.23422313,0,2000.0,-1,1804.23422313,0.0,1,0.0,0,1804.23422313,SAT,,1804.514,
2,1,59,1802.95440102,0,2000.0,-1,1802.95440102,0.0,1,0.0,1,3607.1886241499997,SAT,,1803.055,
3,2,246,1803.23891497,0,2000.0,-1,1803.23891497,0.0,1,0.0,1,5410.42753912,SAT,,1803.284,
4,2,59,1802.04309893,0,2000.0,-1,1802.04309893,0.0,1,0.0,1,7212.47063805,SAT,,1802.112,
5,2,114,1801.93838406,0,2000.0,-1,1801.93838406,0.0,2,0.0,1,9014.40902211,UNSAT,,1801.969,
6,3,246,112.487259865,0,2000.0,-1,112.487259865,0.0,1,0.0,1,9126.896281975,SAT,,112.514,
7,3,114,1044.85081005,0,2000.0,-1,1044.85081005,0.0,2,0.0,1,10171.747092025,UNSAT,,1044.963,
8,3,59,1802.253093,0,2000.0,-1,1802.253093,0.0,1,0.0,1,11974.000185025,SAT,,1802.344,
9,3,100,402.237782955,0,2000.0,-1,402.237782955,0.0,2,0.0,2,12376.23796798,UNSAT,,402.273,
10,4,246,2000.0,0,147.2360386404872,-1,1473.0529000000001,0.0,-1,1.0E9,2,13849.29086798,CRASHED,Run Exceeded Captime -- Treating as CRASHED;Killed Manually,1550.582,
11,3,137,908.453059196,0,2000.0,-1,908.453059196,0.0,2,0.0,2,14757.743927176,UNSAT,,908.532,
12,5,246,107.691684008,0,147.2360386404872,-1,107.691684008,0.0,1,0.0,2,14865.435611183999,SAT,,107.719,
13,5,114,52.748456955,0,2000.0,-1,52.748456955,0.0,2,0.0,2,14918.184068138999,UNSAT,,52.785,
14,5,59,296.080231905,0,2000.0,-1,296.080231905,0.0,1,0.0,2,15214.264300043998,SAT,,296.125,
15,5,100,180.285714149,0,2000.0,-1,180.285714149,0.0,2,0.0,2,15394.550014192999,UNSAT,,180.337,
16,5,137,32.9292089939,0,2000.0,-1,32.9292089939,0.0,2,0.0,2,15427.4792231869,UNSAT,,33.002,
17,5,63,224.586699963,0,2000.0,-1,224.586699963,0.0,2,0.0,3,15652.0659231499,UNSAT,,224.735,
18,6,100,306.236166954,0,235.3740292492986,-1,306.236166954,0.0,2,0.0,3,15958.3020901039,UNSAT,,306.285,
19,5,52,394.025812864,0,2000.0,-1,394.025812864,0.0,1,0.0,3,16352.3279029679,SAT,,394.082,
20,7,59,1516.47157097,0,385.90690147911306,-1,1516.47157097,0.0,1,0.0,3,17868.7994739379,SAT,,1516.522,
21,5,133,244.775956869,0,2000.0,-1,244.775956869,0.0,2,0.0,4,18113.5754308069,UNSAT,,244.837,
22,8,63,209.536994934,0,292.9653104286373,-1,209.536994934,0.0,2,0.0,4,18323.1124257409,UNSAT,,209.57,
23,8,133,103.948251009,0,381.58653302897807,-1,103.948251009,0.0,2,0.0,4,18427.060676749898,UNSAT,,104.001,
24,8,137,23.8425569534,0,246.4538062814355,-1,23.8425569534,0.0,2,0.0,4,18450.9032337033,UNSAT,,23.877,
25,8,100,138.225677013,0,1415.5459633920075,-1,138.225677013,0.0,2,0.0,4,18589.1289107163,UNSAT,,138.268,
26,8,114,35.318212986,0,1235.8525827418744,-1,35.318212986,0.0,2,0.0,4,18624.4471237023,UNSAT,,35.384,
27,8,59,655.320338011,0,1189.938906383115,-1,655.320338011,0.0,1,0.0,4,19279.767461713298,SAT,,655.352,
28,8,52,717.509459972,0,338.02246701751943,-1,717.509459972,0.0,1,0.0,4,19997.276921685298,SAT,,717.577,
29,5,23,161.107156038,0,2000.0,-1,161.107156038,0.0,2,0.0,4,20158.384077723298,UNSAT,,161.17,
30,9,63,1802.02516699,0,292.9653104286373,-1,1802.02516699,0.0,2,0.0,4,21960.409244713297,UNSAT,,1802.082,
31,5,182,467.420693874,0,2000.0,-1,467.420693874,0.0,2,0.0,5,22427.829938587296,UNSAT,,467.91,
32,10,100,95.4738559723,0,235.3740292492986,-1,95.4738559723,0.0,2,0.0,5,22523.303794559597,UNSAT,,98.646,
33,10,133,1805.07862711,0,472.27733143453594,-1,1805.07862711,0.0,2,0.0,5,24328.382421669598,UNSAT,,1805.146,
34,5,118,32.3900430202,0,2000.0,-1,32.3900430202,0.0,2,0.0,5,24360.7724646898,UNSAT,,32.444,
35,11,118,2000.0,0,43.10965639387369,-1,437.87305,0.0,-1,1.0E9,5,24798.645514689797,CRASHED,Run Exceeded Captime -- Treating as CRASHED;Killed Manually,460.919,
36,5,174,65.7800428867,0,2000.0,-1,65.7800428867,0.0,2,0.0,6,24864.4255575765,UNSAT,,65.847,
37,12,63,57.2097241879,0,292.9653104286373,-1,57.2097241879,0.0,2,0.0,6,24921.635281764396,UNSAT,,57.252,
38,12,174,223.911679029,0,372.6823193844139,-1,223.911679029,0.0,2,0.0,6,25145.546960793396,UNSAT,,223.962,
39,12,114,43.7860310078,0,81.59713622962236,-1,43.7860310078,0.0,2,0.0,6,25189.332991801195,UNSAT,,43.831,
40,12,246,111.274177074,0,928.4596008140326,-1,111.274177074,0.0,1,0.0,6,25300.607168875194,SAT,,111.301,
41,12,23,172.200299025,0,783.8031704429269,-1,172.200299025,0.0,2,0.0,6,25472.807467900195,UNSAT,,172.231,
42,12,118,12.849957943,0,559.9427819143713,-1,12.849957943,0.0,2,0.0,6,25485.657425843194,UNSAT,,12.922,
43,12,52,408.258019924,0,543.2378357168019,-1,408.258019924,0.0,1,0.0,6,25893.915445767194,SAT,,408.3,
44,12,137,30.8859570026,0,1600.4482582103194,-1,30.8859570026,0.0,2,0.0,6,25924.801402769794,UNSAT,,30.913,
45,12,133,71.1179249287,0,1560.2965138744296,-1,71.1179249287,0.0,2,0.0,6,25995.919327698495,UNSAT,,71.155,
46,12,182,375.739523172,0,1467.8432119901956,-1,375.739523172,0.0,2,0.0,6,26371.658850870495,UNSAT,,375.764,
47,12,59,729.015465021,0,979.3818318176747,-1,729.015465021,0.0,1,0.0,6,27100.674315891494,SAT,,729.061,
48,12,100,2000.0,0,31.661726244139675,-1,317.3266,0.0,-1,1.0E9,6,27418.000915891495,CRASHED,Run Exceeded Captime -- Treating as CRASHED;Killed Manually,334.028,
49,5,154,181.356207132,0,2000.0,-1,181.356207132,0.0,2,0.0,6,27599.357123023496,UNSAT,,181.382,
50,13,137,16.617552042,0,43.81057209183574,-1,16.617552042,0.0,2,0.0,6,27615.974675065496,UNSAT,,16.734,
51,13,100,1805.31432009,0,864.228685096252,-1,1805.31432009,0.0,2,0.0,6,29421.288995155497,UNSAT,,1805.363,
52,5,125,41.8669350147,0,2000.0,-1,41.8669350147,0.0,2,0.0,7,29463.155930170196,UNSAT,,42.617,
53,14,118,2000.0,0,43.10965639387369,-1,431.36269999999996,0.0,-1,1.0E9,7,29894.518630170198,CRASHED,Run Exceeded Captime -- Treating as CRASHED;Killed Manually,454.066,
54,5,163,233.76168108,0,2000.0,-1,233.76168108,0.0,2,0.0,7,30128.280311250197,UNSAT,,233.81,
55,15,52,1803.89488006,0,513.2361570264876,-1,1803.89488006,0.0,1,0.0,7,31932.175191310198,SAT,,1803.955,
56,5,178,1049.81601906,0,2000.0,-1,1049.81601906,0.0,2,0.0,8,32981.9912103702,UNSAT,,1049.869,
57,16,59,360.958295107,0,385.90690147911306,-1,360.958295107,0.0,1,0.0,8,33342.9495054772,SAT,,361.076,
58,5,147,83.7054162025,0,2000.0,-1,83.7054162025,0.0,2,0.0,8,33426.6549216797,UNSAT,,83.769,
59,17,63,131.829725981,0,292.9653104286373,-1,131.829725981,0.0,2,0.0,8,33558.4846476607,UNSAT,,131.86,
60,17,163,191.119307041,0,937.7130089219391,-1,191.119307041,0.0,2,0.0,8,33749.6039547017,UNSAT,,191.186,
61,17,52,572.086190939,0,689.2579101849079,-1,572.086190939,0.0,1,0.0,8,34321.6901456407,SAT,,572.147,
62,5,24,181.369656086,0,2000.0,-1,181.369656086,0.0,2,0.0,9,34503.0598017267,UNSAT,,181.444,
63,18,133,1802.46160007,0,319.2113449688733,-1,1802.46160007,0.0,2,0.0,9,36305.521401796694,UNSAT,,1802.57,
64,5,73,569.915510178,0,2000.0,-1,569.915510178,0.0,2,0.0,9,36875.43691197469,UNSAT,,569.938,
65,19,174,556.628859043,0,86.51665578444602,-1,556.628859043,0.0,2,0.0,9,37432.06577101769,UNSAT,,556.735,
66,5,51,252.21296382,0,2000.0,-1,252.21296382,0.0,1,0.0,10,37684.27873483769,SAT,,252.267,
67,20,174,13.3038749695,0,86.51665578444602,-1,13.3038749695,0.0,2,0.0,10,37697.582609807185,UNSAT,,13.381,
68,20,125,225.781069994,0,359.43178673123117,-1,225.781069994,0.0,2,0.0,10,37923.36367980119,UNSAT,,225.823,
69,20,24,249.202069044,0,65.9163968529284,-1,249.202069044,0.0,2,0.0,10,38172.56574884518,UNSAT,,249.235,
70,5,78,20.4865889549,0,2000.0,-1,20.4865889549,0.0,2,0.0,10,38193.05233780008,UNSAT,,20.552,
71,21,125,95.4541251659,0,55.42961562831998,-1,95.4541251659,0.0,2,0.0,10,38288.50646296598,UNSAT,,95.49,
72,5,49,306.861380816,0,2000.0,-1,306.861380816,0.0,1,0.0,11,38595.36784378198,SAT,,306.877,
73,22,246,1448.155128,0,141.00178926100136,-1,1448.155128,0.0,1,0.0,11,40043.52297178198,SAT,,1448.184,
74,5,148,102.035794973,0,2000.0,-1,102.035794973,0.0,2,0.0,11,40145.558766754984,UNSAT,,102.072,
75,23,137,131.957798004,0,43.81057209183574,-1,131.957798004,0.0,2,0.0,11,40277.51656475898,UNSAT,,132.118,
76,5,95,146.656631947,0,2000.0,-1,146.656631947,0.0,2,0.0,12,40424.17319670598,UNSAT,,146.709,
77,24,49,1801.759058,0,399.9223956729948,-1,1801.759058,0.0,1,0.0,12,42225.932254705986,SAT,,1801.801,
78,5,91,65.0206961632,0,2000.0,-1,65.0206961632,0.0,2,0.0,12,42290.952950869185,UNSAT,,65.064,
79,25,59,1804.73603106,0,385.90690147911306,-1,1804.73603106,0.0,1,0.0,12,44095.68898192918,SAT,,1804.798,
80,5,117,121.835247993,0,2000.0,-1,121.835247993,0.0,2,0.0,13,44217.524229922186,UNSAT,,121.923,
81,26,23,7.87101912498,0,210.44190366600753,-1,7.87101912498,0.0,2,0.0,13,44225.395249047164,UNSAT,,7.942,
82,26,73,61.3590300083,0,1244.9925270754575,-1,61.3590300083,0.0,2,0.0,13,44286.754279055465,UNSAT,,61.405,
83,26,163,3.32200789452,0,1165.2257878225028,-1,3.32200789452,0.0,2,0.0,13,44290.07628694999,UNSAT,,3.36,
84,26,52,1801.71698809,0,2000.0,-1,1801.71698809,0.0,1,0.0,13,46091.79327503999,SAT,,1801.757,
85,26,59,2000.0,0,34.4134273830533,-1,344.98015,0.0,-1,1.0E9,13,46436.773425039995,CRASHED,Run Exceeded Captime -- Treating as CRASHED;Killed Manually,363.137,
86,5,2,286.539402008,0,2000.0,-1,286.539402008,0.0,2,0.0,13,46723.312827047994,UNSAT,,286.58,
87,27,91,2000.0,0,85.52950545062424,-1,856.102,0.0,-1,1.0E9,13,47579.41482704799,CRASHED,Run Exceeded Captime -- Treating as CRASHED;Killed Manually,901.16,
88,5,158,112.954797029,0,2000.0,-1,112.954797029,0.0,2,0.0,14,47692.36962407699,UNSAT,,112.996,
89,28,182,911.418903112,0,608.6495030563057,-1,911.418903112,0.0,2,0.0,14,48603.78852718899,UNSAT,,911.526,
90,5,111,46.2781238556,0,2000.0,-1,46.2781238556,0.0,2,0.0,14,48650.06665104459,UNSAT,,46.339,
91,29,59,625.273054123,0,385.90690147911306,-1,625.273054123,0.0,1,0.0,14,49275.339705167586,SAT,,625.318,
92,5,162,235.077808857,0,2000.0,-1,235.077808857,0.0,2,0.0,15,49510.417514024586,UNSAT,,235.137,
93,30,148,157.790477991,0,133.6491342525661,-1,157.790477991,0.0,2,0.0,15,49668.20799201559,UNSAT,,157.879,
94,5,89,65.1378121376,0,2000.0,-1,65.1378121376,0.0,2,0.0,15,49733.345804153185,UNSAT,,65.175,
95,31,24,369.291297913,0,236.783154018569,-1,369.291297913,0.0,2,0.0,15,50102.63710206618,UNSAT,,369.336,
96,5,97,201.749251127,0,2000.0,-1,201.749251127,0.0,2,0.0,16,50304.386353193186,UNSAT,,201.807,
97,32,100,133.281896114,0,235.3740292492986,-1,133.281896114,0.0,2,0.0,16,50437.668249307186,UNSAT,,133.353,
98,32,111,501.284430981,0,190.8447196598828,-1,501.284430981,0.0,2,0.0,16,50938.95268028819,UNSAT,,501.346,
99,5,239,555.430214882,0,2000.0,-1,555.430214882,0.0,1,0.0,16,51494.38289517019,SAT,,555.459,
100,33,174,363.103898048,0,86.51665578444602,-1,363.103898048,0.0,2,0.0,16,51857.48679321819,UNSAT,,363.162,
