Run Number,Run History Configuration ID,Instance ID,Response Value (y),Censored?,Cutoff Time Used,Seed,Runtime,Run Length,Run Result Code,Run Quality,SMAC Iteration,SMAC Cumulative Runtime,Run Result,Additional Algorithm Run Data,Wall Clock Time,
1,1,92,3.83484005928,0,2000.0,-1,3.83484005928,0.0,1,0.0,0,3.83484005928,SAT,,3.971,
2,1,55,5.00016212463,0,2000.0,-1,5.00016212463,0.0,1,0.0,1,8.83500218391,SAT,,5.029,
3,2,92,3.97175812721,0,5.987892195928096,-1,3.97175812721,0.0,1,0.0,1,12.80676031112,SAT,,4.011,
4,1,94,3.42658996582,0,2000.0,-1,3.42658996582,0.0,1,0.0,1,16.23335027694,SAT,,3.601,
5,3,55,8.19289302826,0,7.502810832458735,-1,8.19289302826,0.0,1,0.0,1,24.426243305200003,SAT,,8.224,
6,1,12,6.729845047,0,2000.0,-1,6.729845047,0.0,2,0.0,1,31.156088352200005,UNSAT,,6.852,
7,2,94,3.56106710434,0,5.280473724353313,-1,3.56106710434,0.0,1,0.0,1,34.717155456540006,SAT,,3.598,
8,1,36,6.68523716927,0,2000.0,-1,6.68523716927,0.0,1,0.0,2,41.40239262581001,SAT,,6.711,
9,4,55,4.65341496468,0,7.502810832458735,-1,4.65341496468,0.0,1,0.0,2,46.055807590490005,SAT,,4.688,
10,4,92,5.96607613564,0,15.190062661069632,-1,5.96607613564,0.0,1,0.0,2,52.02188372613001,SAT,,6.005,
11,4,12,3.95374083519,0,7.434163045483828,-1,3.95374083519,0.0,2,0.0,2,55.975624561320004,UNSAT,,3.997,
12,4,94,3.47491598129,0,15.442276083278657,-1,3.47491598129,0.0,1,0.0,2,59.45054054261001,SAT,,3.518,
13,4,36,4.8859899044,0,10.92488485236764,-1,4.8859899044,0.0,1,0.0,2,64.33653044701,SAT,,4.926,
14,4,50,3.1357550621,0,2000.0,-1,3.1357550621,0.0,1,0.0,2,67.47228550911001,SAT,,3.174,
15,5,92,4.31842088699,0,8.758499928164483,-1,4.31842088699,0.0,1,0.0,2,71.7907063961,SAT,,4.349,
16,5,12,2000.0,0,14.638802770870925,-1,147.34974999999997,0.0,-1,1.0E9,2,219.14045639609998,CRASHED,Run Exceeded Captime -- Treating as CRASHED;Killed Manually,155.105,
17,4,114,228.368654013,0,2000.0,-1,228.368654013,0.0,1,0.0,3,447.5091104091,SAT,,228.406,
18,6,92,4.90548491478,0,8.758499928164483,-1,4.90548491478,0.0,1,0.0,3,452.41459532388,SAT,,4.932,
19,6,55,5.20855617523,0,14.785195689994097,-1,5.20855617523,0.0,1,0.0,3,457.62315149911,SAT,,5.235,
20,6,36,5.49925088882,0,8.0140721875906,-1,5.49925088882,0.0,1,0.0,3,463.12240238793,SAT,,5.533,
21,4,148,23.9080920219,0,2000.0,-1,23.9080920219,0.0,1,0.0,3,487.03049440983,SAT,,23.941,
22,7,12,5.32110905647,0,6.142463524240255,-1,5.32110905647,0.0,2,0.0,3,492.3516034663,UNSAT,,5.356,
23,4,65,766.909540892,0,2000.0,-1,766.909540892,0.0,2,0.0,4,1259.2611443583,UNSAT,,766.953,
24,8,36,9.99355912209,0,7.354387536990643,-1,9.99355912209,0.0,1,0.0,4,1269.25470348039,SAT,,10.049,
25,4,109,276.382695913,0,2000.0,-1,276.382695913,0.0,1,0.0,4,1545.6373993933898,SAT,,276.418,
26,9,12,6.42639803886,0,6.142463524240255,-1,6.42639803886,0.0,2,0.0,4,1552.0637974322499,UNSAT,,6.461,
27,4,86,16.3935391903,0,2000.0,-1,16.3935391903,0.0,1,0.0,5,1568.45733662255,SAT,,16.445,
28,10,55,6.44762301445,0,7.052040648061038,-1,6.44762301445,0.0,1,0.0,5,1574.904959637,SAT,,6.485,
29,4,89,5.94599604607,0,2000.0,-1,5.94599604607,0.0,1,0.0,5,1580.85095568307,SAT,,5.985,
30,11,109,1801.77029705,0,360.3001049611449,-1,1801.77029705,0.0,1,0.0,5,3382.62125273307,SAT,,1801.818,
31,4,60,4.18214297295,0,2000.0,-1,4.18214297295,0.0,1,0.0,6,3386.8033957060197,SAT,,4.212,
32,12,86,4.56241297722,0,22.314201657074694,-1,4.56241297722,0.0,1,0.0,6,3391.3658086832397,SAT,,4.649,
33,12,50,3.76507997513,0,25.898932189095024,-1,3.76507997513,0.0,1,0.0,6,3395.1308886583697,SAT,,3.797,
34,12,60,5.33366584778,0,21.0043280277133,-1,5.33366584778,0.0,1,0.0,6,3400.46455450615,SAT,,5.374,
35,12,109,768.899362087,0,418.5353689718723,-1,768.899362087,0.0,1,0.0,6,4169.36391659315,SAT,,768.928,
36,4,1,3.90726780891,0,2000.0,-1,3.90726780891,0.0,2,0.0,6,4173.27118440206,UNSAT,,3.95,
37,13,86,4.05200004578,0,22.314201657074694,-1,4.05200004578,0.0,1,0.0,6,4177.32318444784,SAT,,4.288,
38,13,36,4.64030098915,0,1020.383390959698,-1,4.64030098915,0.0,1,0.0,6,4181.96348543699,SAT,,4.677,
39,13,65,1622.29338813,0,1014.3509999740601,-1,1622.29338813,0.0,2,0.0,6,5804.25687356699,UNSAT,,1622.335,
40,4,47,4.27706384659,0,2000.0,-1,4.27706384659,0.0,1,0.0,7,5808.53393741358,SAT,,4.34,
41,14,89,22.3961539268,0,8.732395608323813,-1,22.3961539268,0.0,1,0.0,7,5830.93009134038,SAT,,22.539,
42,4,143,1324.08192992,0,2000.0,-1,1324.08192992,0.0,1,0.0,7,7155.012021260381,SAT,,1324.148,
43,15,12,5.25030303001,0,6.142463524240255,-1,5.25030303001,0.0,2,0.0,7,7160.262324290391,UNSAT,,5.28,
44,4,150,27.4695119858,0,2000.0,-1,27.4695119858,0.0,1,0.0,8,7187.731836276191,SAT,,27.501,
45,10,89,4.30900597572,0,6.401224516677857,-1,4.30900597572,0.0,1,0.0,8,7192.04084225191,SAT,,4.35,
46,4,156,1904.11436486,0,2000.0,-1,1904.11436486,0.0,2,0.0,8,9096.155207111911,UNSAT,,1904.16,
47,16,65,1801.81356001,0,997.9850043434382,-1,1801.81356001,0.0,2,0.0,8,10897.96876712191,UNSAT,,1801.935,
48,4,62,3.3102889061,0,2000.0,-1,3.3102889061,0.0,1,0.0,9,10901.27905602801,SAT,,3.345,
49,17,109,797.596091986,0,360.3001049611449,-1,797.596091986,0.0,1,0.0,9,11698.87514801401,SAT,,797.676,
50,4,91,4.68663811684,0,2000.0,-1,4.68663811684,0.0,1,0.0,9,11703.561786130851,SAT,,4.723,
51,18,86,4.61711716652,0,22.314201657074694,-1,4.61711716652,0.0,1,0.0,9,11708.17890329737,SAT,,4.648,
52,18,143,97.4663949013,0,2000.0,-1,97.4663949013,0.0,1,0.0,9,11805.64529819867,SAT,,97.508,
53,18,109,1801.66116714,0,1970.2122500057997,-1,1801.66116714,0.0,1,0.0,9,13607.30646533867,SAT,,1801.693,
54,4,111,4.05384302139,0,2000.0,-1,4.05384302139,0.0,1,0.0,10,13611.36030836006,SAT,,4.077,
55,19,92,3.64914512634,0,8.758499928164483,-1,3.64914512634,0.0,1,0.0,10,13615.009453486398,SAT,,3.697,
56,19,111,5.03956007957,0,15.379836865115166,-1,5.03956007957,0.0,1,0.0,10,13620.049013565967,SAT,,5.073,
57,19,91,3.57102203369,0,8.828408073979617,-1,3.57102203369,0.0,1,0.0,10,13623.620035599657,SAT,,3.595,
58,19,148,4.64198493958,0,1042.380123854029,-1,4.64198493958,0.0,1,0.0,10,13628.262020539238,SAT,,4.674,
59,19,50,3.51717996597,0,1036.3455426770925,-1,3.51717996597,0.0,1,0.0,10,13631.779200505207,SAT,,3.549,
60,19,55,5.18507599831,0,1031.7732090022146,-1,5.18507599831,0.0,1,0.0,10,13636.964276503517,SAT,,5.227,
61,19,65,31.7809660435,0,1025.0326101559876,-1,31.7809660435,0.0,2,0.0,10,13668.745242547016,UNSAT,,31.82,
62,19,47,5.33064889908,0,2000.0,-1,5.33064889908,0.0,1,0.0,10,13674.075891446097,SAT,,5.377,
63,19,1,4.88241887093,0,2000.0,-1,4.88241887093,0.0,2,0.0,10,13678.958310317026,UNSAT,,4.905,
64,19,150,176.304651976,0,2000.0,-1,176.304651976,0.0,1,0.0,10,13855.262962293025,SAT,,176.345,
65,19,86,4.47881388664,0,2000.0,-1,4.47881388664,0.0,1,0.0,10,13859.741776179666,SAT,,4.519,
66,19,143,73.1804821491,0,2000.0,-1,73.1804821491,0.0,1,0.0,10,13932.922258328766,SAT,,73.221,
67,19,62,4.20850896835,0,2000.0,-1,4.20850896835,0.0,1,0.0,10,13937.130767297116,SAT,,4.246,
68,19,89,4.22349405289,0,2000.0,-1,4.22349405289,0.0,1,0.0,10,13941.354261350007,SAT,,4.246,
69,19,114,5.95364117622,0,2000.0,-1,5.95364117622,0.0,1,0.0,10,13947.307902526227,SAT,,5.979,
70,19,36,5.82326698303,0,2000.0,-1,5.82326698303,0.0,1,0.0,10,13953.131169509257,SAT,,5.858,
71,19,60,4.93283390999,0,2000.0,-1,4.93283390999,0.0,1,0.0,10,13958.064003419247,SAT,,4.977,
72,19,156,1553.87361193,0,2000.0,-1,1553.87361193,0.0,2,0.0,10,15511.937615349247,UNSAT,,1553.907,
73,19,94,4.21942615509,0,2000.0,-1,4.21942615509,0.0,1,0.0,10,15516.157041504337,SAT,,4.278,
74,19,12,4.79399681091,0,2000.0,-1,4.79399681091,0.0,2,0.0,10,15520.951038315246,UNSAT,,4.826,
75,19,109,675.263490915,0,2000.0,-1,675.263490915,0.0,1,0.0,10,16196.214529230247,SAT,,675.302,
76,19,64,4.39358901978,0,2000.0,-1,4.39358901978,0.0,1,0.0,10,16200.608118250027,SAT,,4.581,
77,20,55,8.44691801071,0,7.743199158805609,-1,8.44691801071,0.0,1,0.0,10,16209.055036260737,SAT,,8.477,
78,19,74,6.57660222054,0,2000.0,-1,6.57660222054,0.0,2,0.0,11,16215.631638481278,UNSAT,,6.619,
79,21,150,177.862910986,0,230.19864837487341,-1,177.862910986,0.0,1,0.0,11,16393.49454946728,SAT,,177.907,
80,19,66,247.113607883,0,2000.0,-1,247.113607883,0.0,2,0.0,11,16640.608157350278,UNSAT,,247.157,
81,22,156,2047.72122192,0,2000.0,-1,2047.72122192,0.0,2,0.0,11,18688.32937927028,UNSAT,,2047.893,
82,19,68,7.38139200211,0,2000.0,-1,7.38139200211,0.0,2,0.0,12,18695.71077127239,UNSAT,,7.41,
83,23,55,5.75300598145,0,7.743199158805609,-1,5.75300598145,0.0,1,0.0,12,18701.463777253837,SAT,,5.838,
84,19,32,3.83140492439,0,2000.0,-1,3.83140492439,0.0,1,0.0,12,18705.295182178226,SAT,,3.874,
85,24,32,2000.0,0,5.98342706297636,-1,60.4086,0.0,-1,1.0E9,12,18765.703782178225,CRASHED,Run Exceeded Captime -- Treating as CRASHED;Killed Manually,63.588,
86,19,41,5.9906270504,0,2000.0,-1,5.9906270504,0.0,1,0.0,13,18771.694409228625,SAT,,6.034,
87,25,148,21.4441640377,0,7.037181489515305,-1,21.4441640377,0.0,1,0.0,13,18793.138573266326,SAT,,21.482,
88,19,80,5.25306296349,0,2000.0,-1,5.25306296349,0.0,2,0.0,13,18798.391636229815,UNSAT,,5.279,
89,26,156,1371.67038918,0,2000.0,-1,1371.67038918,0.0,2,0.0,13,20170.062025409814,UNSAT,,1371.701,
90,26,150,331.832257032,0,472.88789599050875,-1,331.832257032,0.0,1,0.0,13,20501.894282441815,SAT,,331.929,
91,26,86,8.52911305428,0,41.50596176122427,-1,8.52911305428,0.0,1,0.0,13,20510.423395496095,SAT,,8.556,
92,26,47,19.642701149,0,55.17161375691295,-1,19.642701149,0.0,1,0.0,13,20530.066096645096,SAT,,19.665,
93,26,80,4.80742001534,0,29.636101972657446,-1,4.80742001534,0.0,2,0.0,13,20534.873516660435,UNSAT,,4.83,
94,26,1,4.7389831543,0,23.3864558752358,-1,4.7389831543,0.0,2,0.0,13,20539.612499814735,UNSAT,,4.772,
95,26,91,3.75088500977,0,17.22577706758976,-1,3.75088500977,0.0,1,0.0,13,20543.363384824504,SAT,,3.768,
96,26,50,3.67247104645,0,378.42727470059987,-1,3.67247104645,0.0,1,0.0,13,20547.035855870956,SAT,,3.709,
97,26,148,4.69308018684,0,373.65306204964514,-1,4.69308018684,0.0,1,0.0,13,20551.728936057796,SAT,,4.731,
98,26,64,4.46666002274,0,367.55205717717405,-1,4.46666002274,0.0,1,0.0,13,20556.195596080535,SAT,,4.508,
99,26,62,4.07365202904,0,361.74539997090693,-1,4.07365202904,0.0,1,0.0,13,20560.269248109576,SAT,,4.099,
100,26,74,7.21925401688,0,356.4496518004417,-1,7.21925401688,0.0,2,0.0,13,20567.488502126456,UNSAT,,7.262,
101,26,55,5.2246029377,0,347.06462154944535,-1,5.2246029377,0.0,1,0.0,13,20572.713105064155,SAT,,5.254,
102,26,66,297.034986019,0,340.2726385634124,-1,297.034986019,0.0,2,0.0,13,20869.748091083155,UNSAT,,297.082,
103,19,67,559.551949024,0,2000.0,-1,559.551949024,0.0,2,0.0,14,21429.300040107155,UNSAT,,559.582,
104,27,156,968.797308207,0,2000.0,-1,968.797308207,0.0,2,0.0,14,22398.097348314153,UNSAT,,968.861,
105,27,148,3.98380303383,0,773.1242298971594,-1,3.98380303383,0.0,1,0.0,14,22402.081151347982,SAT,,4.027,
106,27,94,3.42445993423,0,767.945285875696,-1,3.42445993423,0.0,1,0.0,14,22405.505611282213,SAT,,3.447,
107,27,150,149.351283073,0,1009.6999211128533,-1,149.351283073,0.0,1,0.0,14,22554.856894355213,SAT,,149.37,
108,27,64,6.41085410118,0,815.5432532433152,-1,6.41085410118,0.0,1,0.0,14,22561.267748456394,SAT,,6.43,
109,27,86,3.9372010231,0,807.2091431248665,-1,3.9372010231,0.0,1,0.0,14,22565.204949479496,SAT,,3.97,
110,27,62,4.08123707771,0,802.0907810780883,-1,4.08123707771,0.0,1,0.0,14,22569.286186557205,SAT,,4.122,
111,27,91,4.45354008675,0,936.6160717684508,-1,4.45354008675,0.0,1,0.0,14,22573.739726643955,SAT,,4.497,
112,27,36,9.16500592232,0,930.8264699656248,-1,9.16500592232,0.0,1,0.0,14,22582.904732566276,SAT,,9.197,
113,27,111,4.93906784058,0,918.9119624796987,-1,4.93906784058,0.0,1,0.0,14,22587.843800406856,SAT,,4.978,
114,27,12,5.63518190384,0,912.4911739382625,-1,5.63518190384,0.0,2,0.0,14,22593.478982310695,UNSAT,,5.707,
115,27,143,776.950732946,0,905.1654368530691,-1,776.950732946,0.0,1,0.0,14,23370.429715256694,SAT,,777.057,
116,19,84,421.611332893,0,2000.0,-1,421.611332893,0.0,1,0.0,14,23792.041048149695,SAT,,421.634,
117,28,111,3.50518488884,0,7.554029103714228,-1,3.50518488884,0.0,1,0.0,14,23795.546233038534,SAT,,3.604,
118,28,66,314.201117039,0,330.66026306559445,-1,314.201117039,0.0,2,0.0,14,24109.747350077534,UNSAT,,314.246,
119,19,79,4.85782599449,0,2000.0,-1,4.85782599449,0.0,2,0.0,15,24114.605176072026,UNSAT,,4.885,
120,29,65,12.3249092102,0,42.317856837409735,-1,12.3249092102,0.0,2,0.0,15,24126.930085282227,UNSAT,,12.36,
121,29,1,4.52057409286,0,38.116280537444354,-1,4.52057409286,0.0,2,0.0,15,24131.45065937509,UNSAT,,4.551,
122,29,62,3.95932388306,0,32.2395347881794,-1,3.95932388306,0.0,1,0.0,15,24135.40998325815,SAT,,4.003,
123,29,150,17.3664679527,0,820.2993765365064,-1,17.3664679527,0.0,1,0.0,15,24152.776451210848,SAT,,17.406,
124,29,79,4.1323120594,0,797.7229681689024,-1,4.1323120594,0.0,2,0.0,15,24156.908763270247,UNSAT,,4.168,
125,29,68,7.17576217651,0,792.3509628403664,-1,7.17576217651,0.0,2,0.0,15,24164.084525446757,UNSAT,,7.212,
126,29,84,1802.38365102,0,783.0224719721556,-1,1802.38365102,0.0,1,0.0,15,25966.468176466755,SAT,,1802.425,
127,19,108,6.21345305443,0,2000.0,-1,6.21345305443,0.0,1,0.0,15,25972.681629521187,SAT,,6.261,
128,30,86,4.67673492432,0,6.825058617043496,-1,4.67673492432,0.0,1,0.0,15,25977.358364445507,SAT,,4.707,
129,19,3,5.61845993996,0,2000.0,-1,5.61845993996,0.0,2,0.0,16,25982.976824385467,UNSAT,,5.64,
130,31,92,4.41194987297,0,5.746489286768436,-1,4.41194987297,0.0,1,0.0,16,25987.388774258437,SAT,,4.452,
131,19,21,378.525399923,0,2000.0,-1,378.525399923,0.0,2,0.0,16,26365.91417418144,UNSAT,,378.562,
132,32,3,4.78378200531,0,8.306598931896687,-1,4.78378200531,0.0,2,0.0,16,26370.69795618675,UNSAT,,4.827,
133,32,68,6.73265695572,0,20.23567500372529,-1,6.73265695572,0.0,2,0.0,16,26377.430613142467,UNSAT,,6.762,
134,32,74,5.08162784576,0,11.483220186430216,-1,5.08162784576,0.0,2,0.0,16,26382.512240988228,UNSAT,,5.1,
135,32,62,4.19299912453,0,513.5601479451835,-1,4.19299912453,0.0,1,0.0,16,26386.70524011276,SAT,,4.225,
136,32,50,55.3741099834,0,508.1092485118389,-1,55.3741099834,0.0,1,0.0,16,26442.07935009616,SAT,,55.408,
137,32,21,1801.87186313,0,436.1229053590178,-1,1801.87186313,0.0,2,0.0,16,28243.95121322616,UNSAT,,1801.97,
