Run Number,Run History Configuration ID,Instance ID,Response Value (y),Censored?,Cutoff Time Used,Seed,Runtime,Run Length,Run Result Code,Run Quality,SMAC Iteration,SMAC Cumulative Runtime,Run Result,Additional Algorithm Run Data,Wall Clock Time,
1,1,137,3.40666294098,0,2000.0,-1,3.40666294098,0.0,1,0.0,0,3.40666294098,SAT,,3.524,
2,1,85,7.77072381973,0,2000.0,-1,7.77072381973,0.0,1,0.0,1,11.17738676071,SAT,,7.815,
3,2,85,6.59824585915,0,11.104541074830294,-1,6.59824585915,0.0,1,0.0,1,17.77563261986,SAT,,6.664,
4,2,137,3.17235207558,0,6.956783671277762,-1,3.17235207558,0.0,1,0.0,1,20.947984695440002,SAT,,3.22,
5,2,62,3.26314401627,0,2000.0,-1,3.26314401627,0.0,1,0.0,1,24.211128711710003,SAT,,3.3,
6,3,137,3.58049201965,0,5.126657884913683,-1,3.58049201965,0.0,1,0.0,1,27.791620731360002,SAT,,3.602,
7,2,56,277.695771933,0,2000.0,-1,277.695771933,0.0,1,0.0,2,305.48739266436,SAT,,277.725,
8,4,56,78.2605369091,0,362.0071042220771,-1,78.2605369091,0.0,1,0.0,2,383.74792957346,SAT,,78.303,
9,4,137,3.28395485878,0,272.9727829698205,-1,3.28395485878,0.0,1,0.0,2,387.03188443224,SAT,,3.323,
10,4,85,5.71004700661,0,268.7036424766958,-1,5.71004700661,0.0,1,0.0,2,392.74193143885003,SAT,,5.733,
11,4,62,4.08136296272,0,265.5239677879691,-1,4.08136296272,0.0,1,0.0,2,396.82329440157,SAT,,4.125,
12,4,109,84.2045359612,0,2000.0,-1,84.2045359612,0.0,1,0.0,2,481.02783036277003,SAT,,84.233,
13,5,137,4.15919399261,0,5.271742016422748,-1,4.15919399261,0.0,1,0.0,2,485.18702435538,SAT,,4.21,
14,4,1,4.71320295334,0,2000.0,-1,4.71320295334,0.0,2,0.0,3,489.90022730872,UNSAT,,4.748,
15,6,85,6.98662400246,0,8.425662283200026,-1,6.98662400246,0.0,1,0.0,3,496.88685131118,SAT,,7.017,
16,4,138,5.09590387344,0,2000.0,-1,5.09590387344,0.0,1,0.0,3,501.98275518462003,SAT,,5.134,
17,7,1,2000.0,0,7.129763987261057,-1,71.81905,0.0,-1,1.0E9,3,573.80180518462,CRASHED,Run Exceeded Captime -- Treating as CRASHED;Killed Manually,75.599,
18,4,63,4.20151996613,0,2000.0,-1,4.20151996613,0.0,1,0.0,4,578.00332515075,SAT,,4.227,
19,8,62,4.2944560051,0,6.308372028517724,-1,4.2944560051,0.0,1,0.0,4,582.29778115585,SAT,,4.324,
20,4,34,5.52499890327,0,2000.0,-1,5.52499890327,0.0,1,0.0,4,587.82278005912,SAT,,5.568,
21,9,109,86.5796370506,0,110.46849702333213,-1,86.5796370506,0.0,1,0.0,4,674.40241710972,SAT,,86.619,
22,4,18,5.76042199135,0,2000.0,-1,5.76042199135,0.0,2,0.0,5,680.16283910107,UNSAT,,5.806,
23,8,137,4.27865099907,0,4.99602126737237,-1,4.27865099907,0.0,1,0.0,5,684.44149010014,SAT,,4.305,
24,4,89,5.47123003006,0,2000.0,-1,5.47123003006,0.0,1,0.0,5,689.9127201302,SAT,,5.499,
25,10,137,3.63009810448,0,5.271742016422748,-1,3.63009810448,0.0,1,0.0,5,693.54281823468,SAT,,3.671,
26,4,9,12.5099098682,0,2000.0,-1,12.5099098682,0.0,2,0.0,6,706.05272810288,UNSAT,,12.536,
27,11,34,4.93730211258,0,8.185099613267184,-1,4.93730211258,0.0,1,0.0,6,710.99003021546,SAT,,4.991,
28,11,1,4.61281514168,0,117.36226760630609,-1,4.61281514168,0.0,2,0.0,6,715.60284535714,UNSAT,,4.65,
29,11,109,180.087126017,0,111.36560737003686,-1,180.087126017,0.0,1,0.0,6,895.68997137414,SAT,,180.111,
30,4,125,137.297613144,0,2000.0,-1,137.297613144,0.0,1,0.0,6,1032.98758451814,SAT,,137.345,
31,12,1,4.89834403992,0,7.129763987261057,-1,4.89834403992,0.0,2,0.0,6,1037.88592855806,UNSAT,,4.925,
32,4,143,1801.69215298,0,2000.0,-1,1801.69215298,0.0,1,0.0,7,2839.57808153806,SAT,,1801.767,
33,13,34,4.84180998802,0,8.185099613267184,-1,4.84180998802,0.0,1,0.0,7,2844.41989152608,SAT,,4.877,
34,13,143,52.9946348667,0,2000.0,-1,52.9946348667,0.0,1,0.0,7,2897.41452639278,SAT,,53.02,
35,13,85,6.01447701454,0,2000.0,-1,6.01447701454,0.0,1,0.0,7,2903.4290034073197,SAT,,6.043,
36,13,63,3.86841893196,0,2000.0,-1,3.86841893196,0.0,1,0.0,7,2907.29742233928,SAT,,3.896,
37,13,137,3.67673015594,0,2000.0,-1,3.67673015594,0.0,1,0.0,7,2910.9741524952196,SAT,,3.701,
38,13,62,4.37667512894,0,2000.0,-1,4.37667512894,0.0,1,0.0,7,2915.3508276241596,SAT,,4.423,
39,13,138,4.85218310356,0,2000.0,-1,4.85218310356,0.0,1,0.0,7,2920.2030107277196,SAT,,4.876,
40,13,1,4.8254339695,0,2000.0,-1,4.8254339695,0.0,2,0.0,7,2925.0284446972196,UNSAT,,4.849,
41,13,89,5.01815009117,0,2000.0,-1,5.01815009117,0.0,1,0.0,7,2930.0465947883895,SAT,,5.058,
42,13,56,22.7917370796,0,2000.0,-1,22.7917370796,0.0,1,0.0,7,2952.8383318679894,SAT,,22.837,
43,13,18,5.89264893532,0,2000.0,-1,5.89264893532,0.0,2,0.0,7,2958.730980803309,UNSAT,,5.93,
44,13,109,123.668789864,0,2000.0,-1,123.668789864,0.0,1,0.0,7,3082.399770667309,SAT,,123.714,
45,13,9,11.2565119267,0,2000.0,-1,11.2565119267,0.0,2,0.0,7,3093.656282594009,UNSAT,,11.288,
46,13,125,8.65555810928,0,2000.0,-1,8.65555810928,0.0,1,0.0,7,3102.311840703289,SAT,,8.7,
47,13,68,6.87597608566,0,2000.0,-1,6.87597608566,0.0,2,0.0,7,3109.187816788949,UNSAT,,6.923,
48,14,63,3.99995613098,0,6.031544681984186,-1,3.99995613098,0.0,1,0.0,7,3113.187772919929,SAT,,4.024,
49,13,69,19.230766058,0,2000.0,-1,19.230766058,0.0,2,0.0,8,3132.418538977929,UNSAT,,19.266,
50,15,34,5.41673207283,0,7.296953432607651,-1,5.41673207283,0.0,1,0.0,8,3137.8352710507593,SAT,,5.454,
51,13,115,7.54246997833,0,2000.0,-1,7.54246997833,0.0,1,0.0,8,3145.377741029089,SAT,,7.569,
52,16,9,2000.0,0,15.63606624339819,-1,157.3295,0.0,-1,1.0E9,8,3302.707241029089,CRASHED,Run Exceeded Captime -- Treating as CRASHED;Killed Manually,165.61,
53,13,57,4.50160908699,0,2000.0,-1,4.50160908699,0.0,1,0.0,9,3307.208850116079,SAT,,4.529,
54,17,18,6.01764392853,0,8.663044393408299,-1,6.01764392853,0.0,2,0.0,9,3313.226494044609,UNSAT,,6.043,
55,13,76,4.97177600861,0,2000.0,-1,4.97177600861,0.0,2,0.0,9,3318.198270053219,UNSAT,,5.006,
56,18,76,5.60753011703,0,7.465909317481518,-1,5.60753011703,0.0,2,0.0,9,3323.805800170249,UNSAT,,5.647,
57,13,4,197.797801971,0,2000.0,-1,197.797801971,0.0,2,0.0,10,3521.6036021412488,UNSAT,,197.827,
58,19,56,7.16462182999,0,30.631859310317044,-1,7.16462182999,0.0,1,0.0,10,3528.768223971239,SAT,,7.213,
59,19,115,6.48302197456,0,100.01868632470371,-1,6.48302197456,0.0,1,0.0,10,3535.251245945799,SAT,,6.513,
60,19,143,478.349936962,0,91.59075756405593,-1,478.349936962,0.0,1,0.0,10,4013.601182907799,SAT,,478.378,
61,13,104,22.1953108311,0,2000.0,-1,22.1953108311,0.0,1,0.0,10,4035.796493738899,SAT,,22.24,
62,20,4,1801.90883899,0,258.13974327256085,-1,1801.90883899,0.0,2,0.0,10,5837.705332728899,UNSAT,,1801.965,
63,13,136,4.24711990356,0,2000.0,-1,4.24711990356,0.0,1,0.0,11,5841.9524526324585,SAT,,4.279,
64,21,4,8.15334701538,0,258.13974327256085,-1,8.15334701538,0.0,2,0.0,11,5850.1057996478385,UNSAT,,8.228,
65,21,56,353.42731595,0,283.6958457607508,-1,353.42731595,0.0,1,0.0,11,6203.533115597838,SAT,,353.465,
66,13,47,4.70200514793,0,2000.0,-1,4.70200514793,0.0,1,0.0,11,6208.235120745769,SAT,,4.727,
67,22,1,2000.0,0,7.275665354329348,-1,73.70384999999999,0.0,-1,1.0E9,11,6281.9389707457685,CRASHED,Run Exceeded Captime -- Treating as CRASHED;Killed Manually,77.583,
68,13,141,8.50059604645,0,2000.0,-1,8.50059604645,0.0,1,0.0,12,6290.439566792218,SAT,,8.544,
69,23,109,173.688545942,0,161.77202713524105,-1,173.688545942,0.0,1,0.0,12,6464.128112734218,SAT,,173.726,
70,13,150,16.5142769814,0,2000.0,-1,16.5142769814,0.0,1,0.0,12,6480.642389715618,SAT,,16.565,
71,24,141,4.5858399868,0,12.053375773477555,-1,4.5858399868,0.0,1,0.0,12,6485.2282297024185,SAT,,4.619,
72,24,138,4.42972302437,0,18.67528538067937,-1,4.42972302437,0.0,1,0.0,12,6489.657952726789,SAT,,4.476,
73,24,1,2000.0,0,12.916645303714276,-1,129.7586,0.0,-1,1.0E9,12,6619.416552726789,CRASHED,Run Exceeded Captime -- Treating as CRASHED;Killed Manually,136.588,
74,13,23,5.19003105164,0,2000.0,-1,5.19003105164,0.0,2,0.0,13,6624.606583778429,UNSAT,,5.227,
75,25,104,7.43222999573,0,29.85650495474339,-1,7.43222999573,0.0,1,0.0,13,6632.038813774159,SAT,,7.473,
76,25,76,5.69599199295,0,37.91274045442343,-1,5.69599199295,0.0,2,0.0,13,6637.73480576711,UNSAT,,5.731,
77,25,125,5.52539014816,0,30.50795066018701,-1,5.52539014816,0.0,1,0.0,13,6643.26019591527,SAT,,5.556,
78,25,1,5.34977602959,0,89.01221108471157,-1,5.34977602959,0.0,2,0.0,13,6648.60997194486,UNSAT,,5.384,
79,25,56,6.51769709587,0,82.05750136484504,-1,6.51769709587,0.0,1,0.0,13,6655.12766904073,SAT,,6.541,
80,25,137,4.0890610218,0,73.58449510146976,-1,4.0890610218,0.0,1,0.0,13,6659.216730062531,SAT,,4.131,
81,25,69,4.7629570961,0,68.26871679012775,-1,4.7629570961,0.0,2,0.0,13,6663.97968715863,UNSAT,,4.805,
82,25,57,4.87935996056,0,361.3177872154593,-1,4.87935996056,0.0,1,0.0,13,6668.85904711919,SAT,,4.907,
83,25,63,4.41461110115,0,354.97461910207863,-1,4.41461110115,0.0,1,0.0,13,6673.27365822034,SAT,,4.456,
84,25,23,7.75131201744,0,349.2356253679573,-1,7.75131201744,0.0,2,0.0,13,6681.02497023778,UNSAT,,7.791,
85,25,136,4.5692679882,0,339.1589196290552,-1,4.5692679882,0.0,1,0.0,13,6685.59423822598,SAT,,4.604,
86,25,4,13.314522028,0,333.2188702080131,-1,13.314522028,0.0,2,0.0,13,6698.90876025398,UNSAT,,13.345,
87,25,89,5.10052990913,0,315.90999177505375,-1,5.10052990913,0.0,1,0.0,13,6704.009290163111,SAT,,5.138,
88,25,138,4.43986082077,0,309.27930324186684,-1,4.43986082077,0.0,1,0.0,13,6708.449150983881,SAT,,4.48,
89,25,47,18.8763110638,0,303.50748448480965,-1,18.8763110638,0.0,1,0.0,13,6727.325462047681,SAT,,18.912,
90,25,115,5.61681199074,0,602.005106758672,-1,5.61681199074,0.0,1,0.0,13,6732.942274038421,SAT,,5.657,
91,25,85,6.0031850338,0,594.7032511125982,-1,6.0031850338,0.0,1,0.0,13,6738.945459072221,SAT,,6.029,
92,25,68,7.2282910347,0,586.8991103846312,-1,7.2282910347,0.0,2,0.0,13,6746.173750106921,UNSAT,,7.27,
93,25,150,186.762154818,0,577.5023325238109,-1,186.762154818,0.0,1,0.0,13,6932.9359049249215,SAT,,186.804,
94,25,143,514.382184982,0,334.7115309800684,-1,514.382184982,0.0,1,0.0,13,7447.318089906921,SAT,,514.405,
95,13,146,31.5420000553,0,2000.0,-1,31.5420000553,0.0,1,0.0,13,7478.8600899622215,SAT,,31.576,
96,26,115,2000.0,0,10.80781192367077,-1,108.9536,0.0,-1,1.0E9,13,7587.813689962221,CRASHED,Run Exceeded Captime -- Treating as CRASHED;Killed Manually,114.688,
97,13,134,5.55009698868,0,2000.0,-1,5.55009698868,0.0,2,0.0,14,7593.363786950901,UNSAT,,5.578,
98,27,146,2000.0,0,42.00720078160167,-1,421.0476,0.0,-1,1.0E9,14,8014.411386950901,CRASHED,Run Exceeded Captime -- Treating as CRASHED;Killed Manually,443.208,
99,13,84,124.22826314,0,2000.0,-1,124.22826314,0.0,1,0.0,14,8138.639650090901,SAT,,124.26,
100,28,150,129.676183939,0,22.471160523939137,-1,129.676183939,0.0,1,0.0,14,8268.315834029901,SAT,,129.72,
101,13,38,4.24044203758,0,2000.0,-1,4.24044203758,0.0,1,0.0,15,8272.556276067482,SAT,,4.272,
102,29,47,5.10964298248,0,7.115207508552075,-1,5.10964298248,0.0,1,0.0,15,8277.665919049961,SAT,,5.136,
103,13,126,4.65234613419,0,2000.0,-1,4.65234613419,0.0,1,0.0,15,8282.31826518415,SAT,,4.679,
104,30,136,4.49490404129,0,6.523857068616152,-1,4.49490404129,0.0,1,0.0,15,8286.813169225441,SAT,,4.528,
105,13,95,4.14225888252,0,2000.0,-1,4.14225888252,0.0,1,0.0,16,8290.955428107962,SAT,,4.17,
106,31,95,4.43347787857,0,6.387537334460021,-1,4.43347787857,0.0,1,0.0,16,8295.388905986532,SAT,,4.474,
107,13,42,8.70762515068,0,2000.0,-1,8.70762515068,0.0,1,0.0,16,8304.096531137213,SAT,,8.747,
108,32,95,3.9234290123,0,6.387537334460021,-1,3.9234290123,0.0,1,0.0,16,8308.019960149513,SAT,,3.948,
109,32,34,5.12380313873,0,264.7211748998344,-1,5.12380313873,0.0,1,0.0,16,8313.143763288243,SAT,,5.152,
110,32,4,1801.74204993,0,258.06023049016596,-1,1801.74204993,0.0,2,0.0,16,10114.885813218243,UNSAT,,1801.767,
