Run Number,Run History Configuration ID,Instance ID,Response Value (y),Censored?,Cutoff Time Used,Seed,Runtime,Run Length,Run Result Code,Run Quality,SMAC Iteration,SMAC Cumulative Runtime,Run Result,Additional Algorithm Run Data,Wall Clock Time,
1,1,422,529.778581142,0,2000.0,-1,529.778581142,0.0,1,0.0,0,529.778581142,SAT,,530.225,
2,1,1280,1306.06380105,0,2000.0,-1,1306.06380105,0.0,2,0.0,1,1835.842382192,UNSAT,,1306.242,
3,2,422,24.8820919991,0,689.7147557589889,-1,24.8820919991,0.0,1,0.0,1,1860.7244741911,SAT,,24.942,
4,2,1280,794.298212051,0,2000.0,-1,794.298212051,0.0,2,0.0,1,2655.0226862421,UNSAT,,794.354,
5,2,2028,33.0534520149,0,2000.0,-1,33.0534520149,0.0,1,0.0,1,2688.076138257,SAT,,33.098,
6,3,422,2000.0,0,33.34932009537816,-1,334.64034999999996,0.0,-1,1.0E9,1,3022.716488257,CRASHED,Run Exceeded Captime -- Treating as CRASHED;Killed Manually,352.253,
7,2,1798,414.160596848,0,2000.0,-1,414.160596848,0.0,1,0.0,2,3436.877085105,SAT,,414.215,
8,4,1798,1510.45569801,0,539.4113765921176,-1,1510.45569801,0.0,1,0.0,2,4947.332783115,SAT,,1510.503,
9,2,289,4.87161517143,0,2000.0,-1,4.87161517143,0.0,1,0.0,2,4952.20439828643,SAT,,4.928,
10,5,1798,239.370867968,0,539.4113765921176,-1,239.370867968,0.0,1,0.0,2,5191.57526625443,SAT,,239.448,
11,5,1280,1841.33585286,0,1267.1526235419988,-1,1841.33585286,0.0,2,0.0,2,7032.91111911443,UNSAT,,1841.4,
12,2,1341,6247.49146199,0,2000.0,-1,6247.49146199,0.0,1,0.0,3,13280.40258110443,SAT,,6247.517,
13,6,422,24.7894349098,0,33.34932009537816,-1,24.7894349098,0.0,1,0.0,3,13305.19201601423,SAT,,24.927,
14,6,1798,795.660728931,0,2000.0,-1,795.660728931,0.0,1,0.0,3,14100.85274494523,SAT,,795.682,
15,6,1341,5531.14277601,0,2000.0,-1,5531.14277601,0.0,1,0.0,3,19631.995520955228,SAT,,5531.161,
16,6,1280,1839.96213388,0,2000.0,-1,1839.96213388,0.0,2,0.0,3,21471.957654835227,UNSAT,,1840.08,
17,6,2028,42.6589241028,0,2000.0,-1,42.6589241028,0.0,1,0.0,3,21514.61657893803,SAT,,42.721,
18,6,289,3.52015304565,0,2000.0,-1,3.52015304565,0.0,1,0.0,3,21518.13673198368,SAT,,3.542,
19,6,647,4.07731604576,0,2000.0,-1,4.07731604576,0.0,1,0.0,3,21522.21404802944,SAT,,4.138,
20,7,1798,2049.21209979,0,1035.3615486886083,-1,2049.21209979,0.0,1,0.0,3,23571.42614781944,SAT,,2049.252,
21,6,352,3.71563506126,0,2000.0,-1,3.71563506126,0.0,1,0.0,4,23575.1417828807,SAT,,3.806,
22,8,1341,5787.14267492,0,2000.0,-1,5787.14267492,0.0,1,0.0,4,29362.2844578007,SAT,,5787.233,
23,6,1727,1003.722785,0,2000.0,-1,1003.722785,0.0,2,0.0,4,30366.0072428007,UNSAT,,1003.788,
24,9,289,3.96683287621,0,5.578799814331531,-1,3.96683287621,0.0,1,0.0,4,30369.97407567691,SAT,,4.04,
25,6,2315,2058.47360992,0,2000.0,-1,2058.47360992,0.0,1,0.0,5,32428.44768559691,SAT,,2058.521,
26,10,422,23.3695380688,0,33.22886562754512,-1,23.3695380688,0.0,1,0.0,5,32451.817223665712,SAT,,23.524,
27,10,2028,34.6741380692,0,2000.0,-1,34.6741380692,0.0,1,0.0,5,32486.491361734912,SAT,,34.692,
28,10,2315,1292.92578912,0,2000.0,-1,1292.92578912,0.0,1,0.0,5,33779.41715085491,SAT,,1292.952,
29,10,1341,7905.46165586,0,2000.0,-1,7905.46165586,0.0,1,0.0,5,41684.878806714914,SAT,,7905.549,
30,6,762,3.75917100906,0,2000.0,-1,3.75917100906,0.0,1,0.0,5,41688.63797772397,SAT,,3.841,
31,11,1341,7164.74693108,0,2000.0,-1,7164.74693108,0.0,1,0.0,5,48853.38490880397,SAT,,7164.825,
32,6,1927,2183.01563001,0,2000.0,-1,2183.01563001,0.0,1,0.0,6,51036.40053881397,SAT,,2183.072,
33,12,289,4.88843822479,0,5.578799814331531,-1,4.88843822479,0.0,1,0.0,6,51041.28897703876,SAT,,5.019,
34,6,2683,6809.61465907,0,2000.0,-1,6809.61465907,0.0,1,0.0,6,57850.903636108764,SAT,,6809.727,
35,13,1280,1844.0280149,0,2000.0,-1,1844.0280149,0.0,2,0.0,6,59694.93165100877,UNSAT,,1844.121,
36,6,1346,365.67632699,0,2000.0,-1,365.67632699,0.0,1,0.0,7,60060.60797799876,SAT,,365.778,
37,14,1727,1813.86030221,0,1305.8422208655356,-1,1813.86030221,0.0,2,0.0,7,61874.46828020876,UNSAT,,1813.93,
38,6,1918,1848.30139399,0,2000.0,-1,1848.30139399,0.0,1,0.0,7,63722.76967419876,SAT,,1848.389,
39,15,352,2000.0,0,5.832926173108816,-1,104.9845,0.0,-1,1.0E9,7,63827.75417419876,CRASHED,Run Exceeded Captime -- Treating as CRASHED;Killed Manually,110.51,
40,6,699,22.5520341396,0,2000.0,-1,22.5520341396,0.0,1,0.0,8,63850.306208338356,SAT,,22.645,
41,16,1927,2091.51865411,0,2000.0,-1,2091.51865411,0.0,1,0.0,8,65941.82486244835,SAT,,2091.563,
42,16,647,4.63775801659,0,1200.6533210057496,-1,4.63775801659,0.0,1,0.0,8,65946.46262046494,SAT,,4.701,
43,16,762,3.89897704124,0,1194.624235283929,-1,3.89897704124,0.0,1,0.0,8,65950.36159750618,SAT,,3.928,
44,16,2028,40.8112158775,0,2000.0,-1,40.8112158775,0.0,1,0.0,8,65991.17281338369,SAT,,40.833,
45,16,1346,319.685658932,0,2000.0,-1,319.685658932,0.0,1,0.0,8,66310.85847231568,SAT,,319.707,
46,16,289,3.48753809929,0,2000.0,-1,3.48753809929,0.0,1,0.0,8,66314.34601041497,SAT,,3.526,
47,16,2683,6668.3799789,0,2000.0,-1,6668.3799789,0.0,1,0.0,8,72982.72598931497,SAT,,6668.407,
48,16,422,23.9180879593,0,2000.0,-1,23.9180879593,0.0,1,0.0,8,73006.64407727428,SAT,,24.207,
49,16,1727,45.9925818443,0,2000.0,-1,45.9925818443,0.0,2,0.0,8,73052.63665911858,UNSAT,,46.034,
50,16,1341,5795.76347184,0,2000.0,-1,5795.76347184,0.0,1,0.0,8,78848.40013095859,SAT,,5795.805,
51,16,1918,1849.3912971,0,2000.0,-1,1849.3912971,0.0,1,0.0,8,80697.79142805858,SAT,,1849.493,
52,16,1280,1839.75391722,0,2000.0,-1,1839.75391722,0.0,2,0.0,8,82537.54534527859,UNSAT,,1839.808,
53,16,352,4.08343911171,0,2000.0,-1,4.08343911171,0.0,1,0.0,8,82541.6287843903,SAT,,4.149,
54,16,2315,1912.0857861,0,2000.0,-1,1912.0857861,0.0,1,0.0,8,84453.7145704903,SAT,,1912.124,
55,16,1798,594.167531967,0,2000.0,-1,594.167531967,0.0,1,0.0,8,85047.8821024573,SAT,,594.186,
56,16,699,7.49345612526,0,2000.0,-1,7.49345612526,0.0,1,0.0,8,85055.37555858256,SAT,,7.535,
57,16,996,7.00354909897,0,2000.0,-1,7.00354909897,0.0,1,0.0,8,85062.37910768153,SAT,,7.186,
58,17,2683,8218.03448486,0,2000.0,-1,8218.03448486,0.0,1,0.0,8,93280.41359254153,SAT,,8218.072,
