Run Number,Run History Configuration ID,Instance ID,Response Value (y),Censored?,Cutoff Time Used,Seed,Runtime,Run Length,Run Result Code,Run Quality,SMAC Iteration,SMAC Cumulative Runtime,Run Result,Additional Algorithm Run Data,Wall Clock Time,
1,1,37,59.9232740402,0,2000.0,-1,59.9232740402,0.0,1,0.0,0,59.9232740402,SAT,,60.184,
2,1,2064,649.355730057,0,2000.0,-1,649.355730057,0.0,1,0.0,1,709.2790040972,SAT,,649.552,
3,2,2064,818.957773209,0,845.1650493669987,-1,818.957773209,0.0,1,0.0,1,1528.2367773062,SAT,,819.026,
4,1,943,11.7529129982,0,2000.0,-1,11.7529129982,0.0,1,0.0,1,1539.9896903044,SAT,,11.82,
5,3,943,2000.0,0,16.281386919665337,-1,163.62419999999997,0.0,-1,1.0E9,1,1703.6138903044,CRASHED,Run Exceeded Captime -- Treating as CRASHED;Killed Manually,172.236,
6,1,1896,845.646738052,0,2000.0,-1,845.646738052,0.0,1,0.0,2,2549.2606283564,SAT,,845.751,
7,4,943,12.3329570293,0,16.281386919665337,-1,12.3329570293,0.0,1,0.0,2,2561.5935853857,SAT,,12.422,
8,1,2323,1718.59074187,0,2000.0,-1,1718.59074187,0.0,1,0.0,2,4280.1843272557,SAT,,1718.633,
9,5,943,2000.0,0,16.281386919665337,-1,163.4646,0.0,-1,1.0E9,2,4443.6489272557,CRASHED,Run Exceeded Captime -- Treating as CRASHED;Killed Manually,172.068,
10,1,1650,898.628045797,0,2000.0,-1,898.628045797,0.0,2,0.0,3,5342.2769730527,UNSAT,,898.676,
11,6,1650,415.039917946,0,1169.2190598588168,-1,415.039917946,0.0,2,0.0,3,5757.3168909987,UNSAT,,415.103,
12,6,2064,692.641545057,0,1489.111002244401,-1,692.641545057,0.0,1,0.0,3,6449.9584360557,SAT,,692.702,
13,6,943,1804.36890078,0,588.6769936311722,-1,1804.36890078,0.0,1,0.0,3,8254.3273368357,SAT,,1804.434,
14,1,2402,640.899646044,0,2000.0,-1,640.899646044,0.0,1,0.0,3,8895.2269828797,SAT,,640.932,
15,7,943,2000.0,0,16.281386919665337,-1,163.7477,0.0,-1,1.0E9,3,9058.9746828797,CRASHED,Run Exceeded Captime -- Treating as CRASHED;Killed Manually,172.366,
16,1,1678,869.207796097,0,2000.0,-1,869.207796097,0.0,2,0.0,4,9928.1824789767,UNSAT,,869.249,
17,8,2323,1908.82075095,0,2000.0,-1,1908.82075095,0.0,1,0.0,4,11837.0032299267,SAT,,1908.933,
18,1,1887,1593.14399505,0,2000.0,-1,1593.14399505,0.0,1,0.0,4,13430.147224976701,SAT,,1593.274,
19,9,1887,2325.64141893,0,2000.0,-1,2325.64141893,0.0,1,0.0,4,15755.7886439067,SAT,,2325.746,
20,1,2351,820.158605099,0,2000.0,-1,820.158605099,0.0,1,0.0,5,16575.9472490057,SAT,,820.198,
21,10,37,2000.0,0,78.90285708789825,-1,815.99775,0.0,-1,1.0E9,5,17391.9449990057,CRASHED,Run Exceeded Captime -- Treating as CRASHED;Killed Manually,858.945,
22,1,1401,1860.1314261,0,2000.0,-1,1860.1314261,0.0,1,0.0,5,19252.0764251057,SAT,,1860.183,
23,11,2351,1819.16754293,0,1067.2087874155222,-1,1819.16754293,0.0,1,0.0,5,21071.243968035702,SAT,,1819.234,
24,1,1547,1050.39841509,0,2000.0,-1,1050.39841509,0.0,1,0.0,6,22121.6423831257,SAT,,1050.523,
25,12,2323,1903.87537789,0,2000.0,-1,1903.87537789,0.0,1,0.0,6,24025.5177610157,SAT,,1903.963,
26,1,2134,1558.78435898,0,2000.0,-1,1558.78435898,0.0,1,0.0,6,25584.3021199957,SAT,,1558.879,
27,13,2402,1841.59035397,0,834.1721402372897,-1,1841.59035397,0.0,1,0.0,6,27425.8924739657,SAT,,1841.654,
28,1,2305,2765.34802699,0,2000.0,-1,2765.34802699,0.0,1,0.0,7,30191.2405009557,SAT,,2765.401,
29,14,1401,1694.96714115,0,2000.0,-1,1694.96714115,0.0,1,0.0,7,31886.2076421057,SAT,,1695.303,
30,14,2323,1980.52891898,0,2000.0,-1,1980.52891898,0.0,1,0.0,7,33866.7365610857,SAT,,1980.582,
31,14,1887,2097.27426982,0,1946.2863339002909,-1,2097.27426982,0.0,1,0.0,7,35964.0108309057,SAT,,2097.364,
32,1,2528,1807.42404199,0,2000.0,-1,1807.42404199,0.0,1,0.0,7,37771.434872895705,SAT,,1807.472,
33,15,1678,1071.84352088,0,1130.972735945481,-1,1071.84352088,0.0,2,0.0,7,38843.278393775705,UNSAT,,1071.929,
34,1,1857,352.722036123,0,2000.0,-1,352.722036123,0.0,1,0.0,8,39196.000429898704,SAT,,352.74,
35,16,2528,1807.19685102,0,2000.0,-1,1807.19685102,0.0,1,0.0,8,41003.19728091871,SAT,,1807.312,
36,16,1857,1807.95576477,0,1293.0087362307786,-1,1807.95576477,0.0,1,0.0,8,42811.153045688705,SAT,,1808.089,
37,1,2026,904.835260153,0,2000.0,-1,904.835260153,0.0,1,0.0,8,43715.9883058417,SAT,,905.005,
38,17,1401,1860.578192,0,2000.0,-1,1860.578192,0.0,1,0.0,8,45576.566497841704,SAT,,1860.661,
39,1,56,1348.62327099,0,2000.0,-1,1348.62327099,0.0,2,0.0,9,46925.189768831704,UNSAT,,1348.653,
40,2,2528,1807.59450293,0,2000.0,-1,1807.59450293,0.0,1,0.0,9,48732.7842717617,SAT,,1807.669,
41,1,1589,2043.37138009,0,2000.0,-1,2043.37138009,0.0,1,0.0,9,50776.1556518517,SAT,,2043.546,
42,18,1678,282.897750139,0,1130.972735945481,-1,282.897750139,0.0,2,0.0,9,51059.053401990706,UNSAT,,282.973,
43,18,2351,1818.56355715,0,2000.0,-1,1818.56355715,0.0,1,0.0,9,52877.61695914071,SAT,,1818.603,
44,18,2528,1806.41162586,0,1814.9330770488561,-1,1806.41162586,0.0,1,0.0,9,54684.028585000706,SAT,,1806.45,
45,1,1512,1204.49382901,0,2000.0,-1,1204.49382901,0.0,2,0.0,10,55888.5224140107,UNSAT,,1204.533,
46,19,1857,1367.49455881,0,459.5412479605257,-1,1367.49455881,0.0,1,0.0,10,57256.016972820704,SAT,,1367.59,
47,1,753,303.993113995,0,2000.0,-1,303.993113995,0.0,1,0.0,10,57560.0100868157,SAT,,304.021,
48,20,1401,1860.41887808,0,2000.0,-1,1860.41887808,0.0,1,0.0,10,59420.428964895706,SAT,,1860.504,
49,1,2123,1065.50703788,0,2000.0,-1,1065.50703788,0.0,1,0.0,11,60485.93600277571,SAT,,1065.547,
50,21,2305,2184.85911703,0,2000.0,-1,2184.85911703,0.0,1,0.0,11,62670.795119805705,SAT,,2184.978,
51,21,1547,2605.15412807,0,2000.0,-1,2605.15412807,0.0,1,0.0,11,65275.9492478757,SAT,,2605.223,
52,1,910,27.2057609558,0,2000.0,-1,27.2057609558,0.0,1,0.0,11,65303.155008831505,SAT,,27.271,
53,22,2305,2355.91191387,0,2000.0,-1,2355.91191387,0.0,1,0.0,11,67659.0669227015,SAT,,2355.988,
54,22,56,1836.15294385,0,2000.0,-1,1836.15294385,0.0,2,0.0,11,69495.2198665515,UNSAT,,1836.373,
55,22,1887,1916.47835302,0,2000.0,-1,1916.47835302,0.0,1,0.0,11,71411.6982195715,SAT,,1916.55,
56,22,2528,1806.98558092,0,2000.0,-1,1806.98558092,0.0,1,0.0,11,73218.68380049149,SAT,,1807.013,
57,22,943,1802.26780605,0,2000.0,-1,1802.26780605,0.0,1,0.0,11,75020.9516065415,SAT,,1802.329,
58,22,2123,1811.25414896,0,2000.0,-1,1811.25414896,0.0,1,0.0,11,76832.20575550149,SAT,,1811.302,
59,22,2134,1814.28551912,0,2000.0,-1,1814.28551912,0.0,1,0.0,11,78646.4912746215,SAT,,1814.377,
60,22,2026,1922.296561,0,2000.0,-1,1922.296561,0.0,1,0.0,11,80568.7878356215,SAT,,1922.424,
61,22,1857,1808.71073699,0,2000.0,-1,1808.71073699,0.0,1,0.0,11,82377.4985726115,SAT,,1808.763,
62,22,1547,2055.22297096,0,2000.0,-1,2055.22297096,0.0,1,0.0,11,84432.7215435715,SAT,,2055.286,
63,1,475,6.69389605522,0,2000.0,-1,6.69389605522,0.0,1,0.0,12,84439.41543962673,SAT,,6.722,
64,23,1401,1909.01846004,0,2000.0,-1,1909.01846004,0.0,1,0.0,12,86348.43389966672,SAT,,1909.09,
65,1,1419,1813.83258986,0,2000.0,-1,1813.83258986,0.0,1,0.0,12,88162.26648952672,SAT,,1813.916,
66,24,2351,1963.55275202,0,1067.2087874155222,-1,1963.55275202,0.0,1,0.0,12,90125.81924154672,SAT,,1963.62,
67,1,379,1852.39565802,0,2000.0,-1,1852.39565802,0.0,1,0.0,13,91978.21489956672,SAT,,1852.439,
68,25,753,311.72606802,0,396.19364886392947,-1,311.72606802,0.0,1,0.0,13,92289.94096758672,SAT,,311.928,
69,1,559,6.36142683029,0,2000.0,-1,6.36142683029,0.0,1,0.0,13,92296.30239441701,SAT,,6.427,
70,26,1401,1987.51837802,0,2000.0,-1,1987.51837802,0.0,1,0.0,13,94283.82077243701,SAT,,1987.549,
71,1,231,1206.88809681,0,2000.0,-1,1206.88809681,0.0,1,0.0,14,95490.70886924701,SAT,,1206.962,
72,6,753,0.0,1,0.0,-1,0.0,0.0,0,0.0,14,95490.70886924701,TIMEOUT,Processed by ca.ubc.cs.beta.aeatk.targetalgorithmevaluator.decorators.helpers.CompleteZeroSecondCutoffRunsTargetAlgorithmEvaluatorDecorator,0.0,
73,1,2022,1034.48779988,0,2000.0,-1,1034.48779988,0.0,1,0.0,14,96525.196669127,SAT,,1034.619,
74,27,56,1832.72431493,0,1754.2128527428688,-1,1832.72431493,0.0,2,0.0,14,98357.92098405701,UNSAT,,1832.775,
75,1,1206,1066.38684678,0,2000.0,-1,1066.38684678,0.0,2,0.0,15,99424.30783083702,UNSAT,,1066.441,
76,28,559,22.1804540157,0,9.272455133843422,-1,22.1804540157,0.0,1,0.0,15,99446.48828485272,SAT,,22.279,
77,1,2708,1848.04009819,0,2000.0,-1,1848.04009819,0.0,2,0.0,15,101294.52838304272,UNSAT,,1848.078,
78,29,37,826.251851082,0,78.90285708789825,-1,826.251851082,0.0,1,0.0,15,102120.78023412472,SAT,,826.285,
79,1,734,5.16577911377,0,2000.0,-1,5.16577911377,0.0,1,0.0,16,102125.94601323848,SAT,,5.224,
80,28,2305,2128.90225887,0,2000.0,-1,2128.90225887,0.0,1,0.0,16,104254.84827210849,SAT,,2128.942,
81,28,2323,2204.31578994,0,2000.0,-1,2204.31578994,0.0,1,0.0,16,106459.16406204848,SAT,,2204.389,
82,1,621,8.54306101799,0,2000.0,-1,8.54306101799,0.0,1,0.0,16,106467.70712306647,SAT,,8.565,
83,30,2528,1810.96762896,0,2000.0,-1,1810.96762896,0.0,1,0.0,16,108278.67475202648,SAT,,1811.023,
