Run Number,Run History Configuration ID,Instance ID,Response Value (y),Censored?,Cutoff Time Used,Seed,Runtime,Run Length,Run Result Code,Run Quality,SMAC Iteration,SMAC Cumulative Runtime,Run Result,Additional Algorithm Run Data,Wall Clock Time,
1,1,448,146.769713879,0,2000.0,-1,146.769713879,0.0,1,0.0,0,146.769713879,SAT,,147.544,
2,1,1927,4500.006881,0,2000.0,-1,4500.006881,0.0,1,0.0,1,4646.776594879,SAT,,4504.018,
3,2,1927,4409.65683389,0,2000.0,-1,4409.65683389,0.0,1,0.0,1,9056.433428769,SAT,,4410.815,
4,2,448,41.44069314,0,1366.3551409620525,-1,41.44069314,0.0,1,0.0,1,9097.874121909,SAT,,42.209,
5,2,1733,2588.5432961,0,2000.0,-1,2588.5432961,0.0,1,0.0,1,11686.417418009001,SAT,,2589.173,
6,3,448,2000.0,0,54.87550207262039,-1,554.7753,0.0,-1,1.0E9,1,12241.192718009,CRASHED,Run Exceeded Captime -- Treating as CRASHED;Killed Manually,583.974,
7,2,434,70.0428738594,0,2000.0,-1,70.0428738594,0.0,1,0.0,2,12311.2355918684,SAT,,86.517,
8,4,1733,2710.58529997,0,2000.0,-1,2710.58529997,0.0,1,0.0,2,15021.8208918384,SAT,,2715.767,
9,2,1810,1930.28926706,0,2000.0,-1,1930.28926706,0.0,1,0.0,2,16952.110158898402,SAT,,1930.571,
10,5,434,41.7008299828,0,92.05833616514803,-1,41.7008299828,0.0,1,0.0,2,16993.810988881203,SAT,,42.829,
11,5,1810,328.581969023,0,2000.0,-1,328.581969023,0.0,1,0.0,2,17322.3929579042,SAT,,328.781,
12,5,448,39.7279679775,0,2000.0,-1,39.7279679775,0.0,1,0.0,2,17362.1209258817,SAT,,40.075,
13,5,1733,2603.21968198,0,2000.0,-1,2603.21968198,0.0,1,0.0,2,19965.3406078617,SAT,,2603.713,
14,5,1927,4634.17442107,0,2000.0,-1,4634.17442107,0.0,1,0.0,2,24599.515028931703,SAT,,4641.619,
15,2,1470,1906.80065918,0,2000.0,-1,1906.80065918,0.0,1,0.0,3,26506.315688111703,SAT,,1907.329,
16,6,434,88.1358201504,0,92.05833616514803,-1,88.1358201504,0.0,1,0.0,3,26594.451508262104,SAT,,89.531,
17,2,1933,1956.59455395,0,2000.0,-1,1956.59455395,0.0,1,0.0,3,28551.046062212103,SAT,,1956.812,
18,7,1810,1943.44421721,0,2000.0,-1,1943.44421721,0.0,1,0.0,3,30494.4902794221,SAT,,1943.762,
19,2,1692,1837.15028596,0,2000.0,-1,1837.15028596,0.0,2,0.0,4,32331.640565382102,UNSAT,,1838.04,
20,8,1933,1940.53102994,0,2000.0,-1,1940.53102994,0.0,1,0.0,4,34272.1715953221,SAT,,1941.134,
21,8,448,68.354542017,0,2000.0,-1,68.354542017,0.0,1,0.0,4,34340.5261373391,SAT,,68.747,
22,8,1692,1836.67609191,0,2000.0,-1,1836.67609191,0.0,2,0.0,4,36177.202229249095,UNSAT,,1836.773,
23,2,1293,2686.29523206,0,2000.0,-1,2686.29523206,0.0,1,0.0,4,38863.497461309096,SAT,,2686.601,
24,9,1692,159.521291971,0,2000.0,-1,159.521291971,0.0,2,0.0,4,39023.0187532801,UNSAT,,159.978,
25,9,1933,1949.38221598,0,2000.0,-1,1949.38221598,0.0,1,0.0,4,40972.400969260096,SAT,,1949.636,
26,9,1293,2587.42478919,0,2000.0,-1,2587.42478919,0.0,1,0.0,4,43559.8257584501,SAT,,2592.42,
27,9,1810,410.136857986,0,2000.0,-1,410.136857986,0.0,1,0.0,4,43969.962616436096,SAT,,413.093,
28,9,1927,5222.81718183,0,2000.0,-1,5222.81718183,0.0,1,0.0,4,49192.7797982661,SAT,,5228.288,
29,9,1733,2821.6864078,0,2000.0,-1,2821.6864078,0.0,1,0.0,4,52014.4662060661,SAT,,2822.189,
30,2,384,1823.8361311,0,2000.0,-1,1823.8361311,0.0,1,0.0,5,53838.3023371661,SAT,,1824.449,
31,10,384,387.676977873,0,2000.0,-1,387.676977873,0.0,1,0.0,5,54225.9793150391,SAT,,388.439,
32,10,1470,1927.76216412,0,2000.0,-1,1927.76216412,0.0,1,0.0,5,56153.7414791591,SAT,,1928.457,
33,10,1692,1843.75064707,0,2000.0,-1,1843.75064707,0.0,2,0.0,5,57997.4921262291,UNSAT,,1844.696,
34,10,1927,4563.64488482,0,2000.0,-1,4563.64488482,0.0,1,0.0,5,62561.137011049104,SAT,,4563.987,
35,10,1933,1965.88524699,0,2000.0,-1,1965.88524699,0.0,1,0.0,5,64527.022258039106,SAT,,1967.602,
36,10,1810,1959.59952903,0,2000.0,-1,1959.59952903,0.0,1,0.0,5,66486.6217870691,SAT,,1960.348,
37,2,134,46.7773258686,0,2000.0,-1,46.7773258686,0.0,1,0.0,5,66533.39911293771,SAT,,47.417,
38,11,1927,5126.0401938,0,2000.0,-1,5126.0401938,0.0,1,0.0,5,71659.43930673771,SAT,,5126.499,
39,2,2368,5143.18023992,0,2000.0,-1,5143.18023992,0.0,1,0.0,6,76802.6195466577,SAT,,5145.962,
40,12,1933,1972.8015449,0,2000.0,-1,1972.8015449,0.0,1,0.0,6,78775.4210915577,SAT,,1973.7,
41,2,1528,1894.48538899,0,2000.0,-1,1894.48538899,0.0,1,0.0,6,80669.9064805477,SAT,,1895.132,
42,13,384,180.603375912,0,2000.0,-1,180.603375912,0.0,1,0.0,6,80850.5098564597,SAT,,180.888,
43,13,1733,2793.38803005,0,2000.0,-1,2793.38803005,0.0,1,0.0,6,83643.8978865097,SAT,,2794.083,
44,13,1528,1883.05660486,0,1937.0572467226268,-1,1883.05660486,0.0,1,0.0,6,85526.9544913697,SAT,,1884.994,
45,2,1193,71.5665209293,0,2000.0,-1,71.5665209293,0.0,1,0.0,7,85598.521012299,SAT,,72.56,
46,14,434,45.747936964,0,92.05833616514803,-1,45.747936964,0.0,1,0.0,7,85644.268949263,SAT,,46.083,
47,14,1470,1917.99057913,0,2000.0,-1,1917.99057913,0.0,1,0.0,7,87562.259528393,SAT,,1918.52,
48,14,1293,2660.60975599,0,2000.0,-1,2660.60975599,0.0,1,0.0,7,90222.86928438299,SAT,,2660.76,
49,14,1528,1881.56227589,0,2000.0,-1,1881.56227589,0.0,1,0.0,7,92104.43156027299,SAT,,1881.824,
50,14,2368,4743.28652096,0,2000.0,-1,4743.28652096,0.0,1,0.0,7,96847.71808123299,SAT,,4744.271,
51,14,1927,5105.09916782,0,2000.0,-1,5105.09916782,0.0,1,0.0,7,101952.81724905298,SAT,,5105.836,
52,2,1919,1939.71571207,0,2000.0,-1,1939.71571207,0.0,1,0.0,7,103892.53296112298,SAT,,1940.226,
53,15,384,1825.11148214,0,2000.0,-1,1825.11148214,0.0,1,0.0,7,105717.64444326298,SAT,,1825.478,
54,2,1270,387.447717905,0,2000.0,-1,387.447717905,0.0,1,0.0,8,106105.09216116798,SAT,,388.377,
55,16,134,44.1924099922,0,61.81312369962335,-1,44.1924099922,0.0,1,0.0,8,106149.28457116018,SAT,,44.6,
56,16,1692,1840.05865502,0,2000.0,-1,1840.05865502,0.0,2,0.0,8,107989.34322618018,UNSAT,,1840.697,
57,16,1927,5021.89575505,0,2000.0,-1,5021.89575505,0.0,1,0.0,8,113011.23898123018,SAT,,5023.037,
58,2,2625,3138.64049006,0,2000.0,-1,3138.64049006,0.0,1,0.0,8,116149.87947129019,SAT,,3139.2,
59,17,1692,1842.60250306,0,2000.0,-1,1842.60250306,0.0,2,0.0,8,117992.48197435019,UNSAT,,1843.177,
