Run Number,Run History Configuration ID,Instance ID,Response Value (y),Censored?,Cutoff Time Used,Seed,Runtime,Run Length,Run Result Code,Run Quality,SMAC Iteration,SMAC Cumulative Runtime,Run Result,Additional Algorithm Run Data,Wall Clock Time,
1,1,1082,834.653879881,0,2000.0,-1,834.653879881,0.0,1,0.0,0,834.653879881,SAT,,844.536,
2,1,294,56.3712790012,0,2000.0,-1,56.3712790012,0.0,1,0.0,1,891.0251588822,SAT,,67.098,
3,2,294,625.607194185,0,74.28526309167147,-1,625.607194185,0.0,1,0.0,1,1516.6323530672,SAT,,630.324,
4,1,1053,404.078281879,0,2000.0,-1,404.078281879,0.0,1,0.0,1,1920.7106349462001,SAT,,406.97,
5,3,294,37.7746219635,0,74.28526309167147,-1,37.7746219635,0.0,1,0.0,1,1958.4852569097002,SAT,,44.14,
6,3,1082,781.499135017,0,1635.532665055591,-1,781.499135017,0.0,1,0.0,1,2739.9843919267,SAT,,783.9,
7,3,1053,473.035994053,0,619.5837891552329,-1,473.035994053,0.0,1,0.0,1,3213.0203859797,SAT,,476.327,
8,3,2791,2083.73835182,0,2000.0,-1,2083.73835182,0.0,1,0.0,2,5296.758737799701,SAT,,2091.047,
9,4,1082,1819.14928794,0,1016.9514762129367,-1,1819.14928794,0.0,1,0.0,2,7115.908025739701,SAT,,1820.04,
10,3,1995,2304.38815594,0,2000.0,-1,2304.38815594,0.0,1,0.0,2,9420.296181679701,SAT,,2305.056,
11,5,294,35.3975999355,0,50.109609485018254,-1,35.3975999355,0.0,1,0.0,2,9455.693781615202,SAT,,36.111,
12,5,1053,50.852214098,0,2000.0,-1,50.852214098,0.0,1,0.0,2,9506.545995713203,SAT,,51.408,
13,5,2791,2076.32318687,0,2000.0,-1,2076.32318687,0.0,1,0.0,2,11582.869182583203,SAT,,2077.125,
14,5,1082,1819.10605192,0,2000.0,-1,1819.10605192,0.0,1,0.0,2,13401.975234503203,SAT,,1819.606,
15,5,1995,2315.25120091,0,2000.0,-1,2315.25120091,0.0,1,0.0,2,15717.226435413202,SAT,,2315.722,
16,3,279,209.296653032,0,2000.0,-1,209.296653032,0.0,1,0.0,3,15926.523088445203,SAT,,210.243,
17,6,1082,55.6490020752,0,1016.9514762129367,-1,55.6490020752,0.0,1,0.0,3,15982.172090520404,SAT,,55.985,
18,6,1053,47.2825770378,0,1608.664174273956,-1,47.2825770378,0.0,1,0.0,3,16029.454667558204,SAT,,47.611,
19,6,294,34.7722768784,0,1547.1968235339702,-1,34.7722768784,0.0,1,0.0,3,16064.226944436605,SAT,,35.2,
20,6,1995,2317.31625009,0,2000.0,-1,2317.31625009,0.0,1,0.0,3,18381.543194526603,SAT,,2317.699,
21,6,279,48.2190709114,0,2000.0,-1,48.2190709114,0.0,1,0.0,3,18429.762265438003,SAT,,48.872,
22,6,2791,2063.44827008,0,2000.0,-1,2063.44827008,0.0,1,0.0,3,20493.210535518003,SAT,,2064.449,
23,6,2540,2455.10769701,0,2000.0,-1,2455.10769701,0.0,1,0.0,3,22948.318232528003,SAT,,2456.832,
24,7,279,2000.0,0,63.68739231337905,-1,637.6570999999999,0.0,-1,1.0E9,3,23585.975332528003,CRASHED,Run Exceeded Captime -- Treating as CRASHED;Killed Manually,671.218,
25,6,2123,1885.33562517,0,2000.0,-1,1885.33562517,0.0,1,0.0,4,25471.310957698002,SAT,,1885.629,
26,8,279,47.4717490673,0,63.68739231337905,-1,47.4717490673,0.0,1,0.0,4,25518.7827067653,SAT,,48.27,
27,8,1082,49.212157011,0,119.52438111265303,-1,49.212157011,0.0,1,0.0,4,25567.9948637763,SAT,,49.272,
28,8,294,34.0902369022,0,55.54857727919817,-1,34.0902369022,0.0,1,0.0,4,25602.0851006785,SAT,,34.653,
29,8,1995,2286.13556004,0,2000.0,-1,2286.13556004,0.0,1,0.0,4,27888.2206607185,SAT,,2286.654,
30,8,1053,53.3408970833,0,2000.0,-1,53.3408970833,0.0,1,0.0,4,27941.5615578018,SAT,,54.259,
31,8,2791,2080.16215181,0,2000.0,-1,2080.16215181,0.0,1,0.0,4,30021.7237096118,SAT,,2081.254,
32,8,2123,1003.56831098,0,2000.0,-1,1003.56831098,0.0,1,0.0,4,31025.2920205918,SAT,,1004.302,
33,8,2540,1308.63860512,0,2000.0,-1,1308.63860512,0.0,1,0.0,4,32333.9306257118,SAT,,1308.941,
34,8,725,41.4702811241,0,2000.0,-1,41.4702811241,0.0,1,0.0,4,32375.4009068359,SAT,,41.8,
35,9,725,2000.0,0,54.913966626274586,-1,549.2596,0.0,-1,1.0E9,4,32924.6605068359,CRASHED,Run Exceeded Captime -- Treating as CRASHED;Killed Manually,578.168,
36,8,2297,5915.575279,0,2000.0,-1,5915.575279,0.0,1,0.0,5,38840.235785835896,SAT,,5917.318,
37,10,2791,2055.32013202,0,2000.0,-1,2055.32013202,0.0,1,0.0,5,40895.5559178559,SAT,,2055.869,
38,10,294,34.9313650131,0,2000.0,-1,34.9313650131,0.0,1,0.0,5,40930.487282869,SAT,,35.433,
39,10,1995,2317.12628794,0,2000.0,-1,2317.12628794,0.0,1,0.0,5,43247.613570809,SAT,,2317.681,
40,8,324,35.2426900864,0,2000.0,-1,35.2426900864,0.0,1,0.0,5,43282.8562608954,SAT,,35.843,
41,11,1995,2291.81252098,0,2000.0,-1,2291.81252098,0.0,1,0.0,5,45574.6687818754,SAT,,2292.266,
42,8,2373,1968.76708102,0,2000.0,-1,1968.76708102,0.0,1,0.0,6,47543.4358628954,SAT,,1969.458,
43,12,2123,1881.95209599,0,1305.6414049010455,-1,1881.95209599,0.0,1,0.0,6,49425.3879588854,SAT,,1882.352,
44,8,1463,117.010695934,0,2000.0,-1,117.010695934,0.0,2,0.0,6,49542.3986548194,UNSAT,,117.2,
45,13,725,80.0868721008,0,54.913966626274586,-1,80.0868721008,0.0,1,0.0,6,49622.4855269202,SAT,,80.388,
46,8,1659,10219.577559,0,2000.0,-1,10219.577559,0.0,2,0.0,7,59842.0630859202,UNSAT,,10220.233,
47,14,2297,6816.55886412,0,2000.0,-1,6816.55886412,0.0,1,0.0,7,66658.6219500402,SAT,,6817.328,
48,8,1877,14059.1021059,0,2000.0,-1,14059.1021059,0.0,1,0.0,7,80717.7240559402,SAT,,14064.511,
49,15,1463,2000.0,0,153.1165049303055,-1,1531.7268,0.0,-1,1.0E9,7,82249.4508559402,CRASHED,Run Exceeded Captime -- Treating as CRASHED;Killed Manually,1612.344,
50,8,2745,2015.51618195,0,2000.0,-1,2015.51618195,0.0,2,0.0,8,84264.96703789021,UNSAT,,2016.115,
51,16,294,36.874917984,0,45.31990810145736,-1,36.874917984,0.0,1,0.0,8,84301.8419558742,SAT,,37.607,
52,8,1918,2235.89099097,0,2000.0,-1,2235.89099097,0.0,1,0.0,8,86537.7329468442,SAT,,2236.471,
