Run Number,Run History Configuration ID,Instance ID,Response Value (y),Censored?,Cutoff Time Used,Seed,Runtime,Run Length,Run Result Code,Run Quality,SMAC Iteration,SMAC Cumulative Runtime,Run Result,Additional Algorithm Run Data,Wall Clock Time,
1,1,98,3.51374197006,0,2000.0,-1,3.51374197006,0.0,1,0.0,0,3.51374197006,SAT,,3.616,
2,1,133,4.46546506882,0,2000.0,-1,4.46546506882,0.0,1,0.0,1,7.97920703888,SAT,,4.503,
3,2,133,19.4422028065,0,6.807705376642943,-1,19.4422028065,0.0,1,0.0,1,27.421409845379998,SAT,,19.496,
4,1,2,352.644237041,0,2000.0,-1,352.644237041,0.0,2,0.0,1,380.06564688638,UNSAT,,352.686,
5,3,2,228.342754841,0,459.4401093091547,-1,228.342754841,0.0,2,0.0,1,608.40840172738,UNSAT,,228.378,
6,3,98,3.19048595428,0,172.97009629045726,-1,3.19048595428,0.0,1,0.0,1,611.59888768166,SAT,,3.218,
7,3,133,4.50008106232,0,168.82246480171682,-1,4.50008106232,0.0,1,0.0,1,616.09896874398,SAT,,4.546,
8,3,54,5.61128687859,0,2000.0,-1,5.61128687859,0.0,1,0.0,2,621.71025562257,SAT,,5.655,
9,4,2,8.21256399155,0,297.8481815088272,-1,8.21256399155,0.0,2,0.0,2,629.92281961412,UNSAT,,8.244,
10,4,133,51.0536968708,0,297.1721860471845,-1,51.0536968708,0.0,1,0.0,2,680.97651648492,SAT,,51.074,
11,4,98,3.26269102097,0,230.80237963085176,-1,3.26269102097,0.0,1,0.0,2,684.23920750589,SAT,,3.299,
12,4,54,3.80132198334,0,233.8568550426245,-1,3.80132198334,0.0,1,0.0,2,688.04052948923,SAT,,3.825,
13,4,42,8.5966258049,0,2000.0,-1,8.5966258049,0.0,1,0.0,2,696.63715529413,SAT,,8.646,
14,5,42,11.9777088165,0,12.178214256066084,-1,11.9777088165,0.0,1,0.0,2,708.61486411063,SAT,,12.011,
15,4,49,17.9804160595,0,2000.0,-1,17.9804160595,0.0,1,0.0,3,726.5952801701301,SAT,,18.02,
16,6,133,12.3533899784,0,67.3724067289114,-1,12.3533899784,0.0,1,0.0,3,738.94867014853,SAT,,12.391,
17,6,54,3.84618496895,0,67.43293179978728,-1,3.84618496895,0.0,1,0.0,3,742.79485511748,SAT,,3.888,
18,6,42,7.88365292549,0,62.43289093335271,-1,7.88365292549,0.0,1,0.0,3,750.67850804297,SAT,,7.918,
19,6,49,13.3319568634,0,90.48041532595755,-1,13.3319568634,0.0,1,0.0,3,764.01046490637,SAT,,13.363,
20,6,98,3.84861087799,0,73.14887101610303,-1,3.84861087799,0.0,1,0.0,3,767.85907578436,SAT,,3.874,
21,6,2,9.72412705421,0,68.14567622576952,-1,9.72412705421,0.0,2,0.0,3,777.5832028385701,UNSAT,,9.755,
22,6,13,5.30534005165,0,2000.0,-1,5.30534005165,0.0,2,0.0,3,782.88854289022,UNSAT,,5.336,
23,7,2,2000.0,0,13.643965579915047,-1,136.9064,0.0,-1,1.0E9,3,919.79494289022,CRASHED,Run Exceeded Captime -- Treating as CRASHED;Killed Manually,144.112,
24,6,17,5.47982096672,0,2000.0,-1,5.47982096672,0.0,2,0.0,4,925.27476385694,UNSAT,,5.511,
25,8,54,6.527354002,0,6.002641179013252,-1,6.527354002,0.0,1,0.0,4,931.80211785894,SAT,,6.565,
26,6,140,6.65246105194,0,2000.0,-1,6.65246105194,0.0,1,0.0,4,938.4545789108801,SAT,,6.694,
27,9,140,4.82209205627,0,9.650800086903573,-1,4.82209205627,0.0,1,0.0,4,943.27667096715,SAT,,4.853,
28,9,98,3.90650701523,0,13.38791538809538,-1,3.90650701523,0.0,1,0.0,4,947.18317798238,SAT,,3.944,
29,9,54,6.4980969429,0,8.309456229555607,-1,6.4980969429,0.0,1,0.0,4,953.68127492528,SAT,,6.544,
30,6,30,85.0044879913,0,2000.0,-1,85.0044879913,0.0,2,0.0,5,1038.68576291658,UNSAT,,85.03,
31,10,140,5.08286094666,0,9.650800086903573,-1,5.08286094666,0.0,1,0.0,5,1043.76862386324,SAT,,5.129,
32,10,30,2000.0,0,118.55155601014496,-1,1186.20895,0.0,-1,1.0E9,5,2229.9775738632397,CRASHED,Run Exceeded Captime -- Treating as CRASHED;Killed Manually,1248.641,
33,6,3,5.58464789391,0,2000.0,-1,5.58464789391,0.0,2,0.0,5,2235.56222175715,UNSAT,,5.607,
34,11,13,2000.0,0,7.899542980241776,-1,80.07074999999999,0.0,-1,1.0E9,5,2315.63297175715,CRASHED,Run Exceeded Captime -- Treating as CRASHED;Killed Manually,84.285,
35,6,102,5.46223282814,0,2000.0,-1,5.46223282814,0.0,1,0.0,6,2321.0952045852896,SAT,,5.504,
36,12,133,2000.0,0,17.062007904398442,-1,171.25269999999998,0.0,-1,1.0E9,6,2492.3479045852896,CRASHED,Run Exceeded Captime -- Treating as CRASHED;Killed Manually,180.266,
37,6,139,5.25504994392,0,2000.0,-1,5.25504994392,0.0,1,0.0,6,2497.6029545292095,SAT,,5.284,
38,13,139,5.13060212135,0,7.834165346223116,-1,5.13060212135,0.0,1,0.0,6,2502.7335566505594,SAT,,5.16,
39,13,102,5.11835384369,0,16.916084744381905,-1,5.11835384369,0.0,1,0.0,6,2507.8519104942493,SAT,,5.145,
40,13,140,4.82473301888,0,10.262224253612757,-1,4.82473301888,0.0,1,0.0,6,2512.6766435131294,SAT,,4.853,
41,13,42,13.8816070557,0,134.75308994610907,-1,13.8816070557,0.0,1,0.0,6,2526.5582505688294,SAT,,13.92,
42,13,30,47.7045960426,0,116.70700087060334,-1,47.7045960426,0.0,2,0.0,6,2574.2628466114293,UNSAT,,47.729,
43,13,54,7.10574698448,0,54.69102597643733,-1,7.10574698448,0.0,1,0.0,6,2581.3685935959093,SAT,,7.138,
44,13,98,4.37177300453,0,45.45355456729531,-1,4.37177300453,0.0,1,0.0,6,2585.7403666004393,SAT,,4.399,
45,13,3,6.28778290749,0,107.09111791883709,-1,6.28778290749,0.0,2,0.0,6,2592.0281495079294,UNSAT,,6.336,
46,13,17,6.13645505905,0,98.91699951921703,-1,6.13645505905,0.0,2,0.0,6,2598.1646045669795,UNSAT,,6.172,
47,13,133,6.34640192986,0,90.93960848485233,-1,6.34640192986,0.0,1,0.0,6,2604.5110064968394,SAT,,6.393,
48,13,49,5.52061009407,0,82.68928498809338,-1,5.52061009407,0.0,1,0.0,6,2610.0316165909094,SAT,,5.548,
49,13,13,6.54513692856,0,75.51249180768728,-1,6.54513692856,0.0,2,0.0,6,2616.5767535194695,UNSAT,,6.588,
50,13,2,179.465803862,0,67.00381412019134,-1,179.465803862,0.0,2,0.0,6,2796.0425573814696,UNSAT,,179.51,
51,6,73,4.63887500763,0,2000.0,-1,4.63887500763,0.0,2,0.0,7,2800.6814323890994,UNSAT,,4.683,
52,14,133,2000.0,0,17.062007904398442,-1,171.58520000000001,0.0,-1,1.0E9,7,2972.2666323890994,CRASHED,Run Exceeded Captime -- Treating as CRASHED;Killed Manually,180.616,
53,6,55,6.45230197906,0,2000.0,-1,6.45230197906,0.0,1,0.0,7,2978.7189343681594,SAT,,6.48,
54,15,42,3.05069088936,0,11.251349270689488,-1,3.05069088936,0.0,1,0.0,7,2981.7696252575192,SAT,,3.081,
55,15,139,13.0300791264,0,31.451160356748108,-1,13.0300791264,0.0,1,0.0,7,2994.799704383919,SAT,,13.068,
56,15,49,17.3287119865,0,14.51205740531087,-1,17.3287119865,0.0,1,0.0,7,3012.128416370419,SAT,,17.358,
57,6,143,54.8726420403,0,2000.0,-1,54.8726420403,0.0,1,0.0,8,3067.001058410719,SAT,,54.901,
58,16,30,14.3550620079,0,111.50843472068311,-1,14.3550620079,0.0,2,0.0,8,3081.356120418619,UNSAT,,14.398,
59,16,140,8.76423096657,0,107.52819123526217,-1,8.76423096657,0.0,1,0.0,8,3090.1203513851888,SAT,,8.791,
60,16,73,5.33728313446,0,96.13469139521123,-1,5.33728313446,0.0,2,0.0,8,3095.4576345196488,UNSAT,,5.376,
61,16,102,5.26008605957,0,124.45545093004705,-1,5.26008605957,0.0,1,0.0,8,3100.7177205792186,SAT,,5.301,
62,16,55,4.52684593201,0,117.61733832617404,-1,4.52684593201,0.0,1,0.0,8,3105.2445665112286,SAT,,4.554,
63,16,17,5.29908108711,0,111.73243959282638,-1,5.29908108711,0.0,2,0.0,8,3110.543647598339,UNSAT,,5.324,
64,16,2,8.01209998131,0,104.84363416989447,-1,8.01209998131,0.0,2,0.0,8,3118.5557475796486,UNSAT,,8.042,
65,16,49,14.2369019985,0,235.40418100391628,-1,14.2369019985,0.0,1,0.0,8,3132.7926495781485,SAT,,14.272,
66,16,42,10.9882631302,0,216.89620855112673,-1,10.9882631302,0.0,1,0.0,8,3143.7809127083483,SAT,,11.032,
67,16,98,3.81690597534,0,202.61146611382367,-1,3.81690597534,0.0,1,0.0,8,3147.5978186836883,SAT,,3.846,
68,16,13,5.24058294296,0,197.64948905293943,-1,5.24058294296,0.0,2,0.0,8,3152.838401626648,UNSAT,,5.278,
69,16,3,5.30473899841,0,190.8367313336313,-1,5.30473899841,0.0,2,0.0,8,3158.143140625058,UNSAT,,5.33,
70,16,143,1801.79852915,0,183.94057079066636,-1,1801.79852915,0.0,1,0.0,8,4959.9416697750585,SAT,,1801.824,
71,6,47,5.44925808907,0,2000.0,-1,5.44925808907,0.0,1,0.0,8,4965.390927864129,SAT,,5.534,
72,17,54,8.38315701485,0,6.002641179013252,-1,8.38315701485,0.0,1,0.0,8,4973.774084878979,SAT,,8.451,
73,6,99,4.32554006577,0,2000.0,-1,4.32554006577,0.0,1,0.0,9,4978.099624944749,SAT,,4.371,
74,18,30,2000.0,0,111.50843472068311,-1,1115.79115,0.0,-1,1.0E9,9,6093.890774944749,CRASHED,Run Exceeded Captime -- Treating as CRASHED;Killed Manually,1174.517,
75,6,138,4.27937793732,0,2000.0,-1,4.27937793732,0.0,1,0.0,9,6098.170152882069,SAT,,4.295,
76,19,133,15.0286808014,0,17.062007904398442,-1,15.0286808014,0.0,1,0.0,9,6113.198833683468,SAT,,15.075,
77,6,156,1005.95791388,0,2000.0,-1,1005.95791388,0.0,2,0.0,10,7119.156747563468,UNSAT,,1005.994,
78,20,99,3.78815889359,0,6.625803269791604,-1,3.78815889359,0.0,1,0.0,10,7122.944906457058,SAT,,3.85,
79,20,98,3.58572292328,0,11.707030132758618,-1,3.58572292328,0.0,1,0.0,10,7126.530629380338,SAT,,3.62,
80,20,54,6.62733817101,0,7.045591146099568,-1,6.62733817101,0.0,1,0.0,10,7133.157967551348,SAT,,6.644,
81,6,88,3.93415212631,0,2000.0,-1,3.93415212631,0.0,1,0.0,10,7137.092119677658,SAT,,3.971,
82,21,42,2.37822198868,0,11.251349270689488,-1,2.37822198868,0.0,1,0.0,10,7139.470341666338,SAT,,2.425,
83,21,30,2000.0,0,131.30946027894618,-1,1313.9269499999998,0.0,-1,1.0E9,10,8453.397291666337,CRASHED,Run Exceeded Captime -- Treating as CRASHED;Killed Manually,1383.081,
84,6,70,4.45378494263,0,2000.0,-1,4.45378494263,0.0,2,0.0,11,8457.851076608968,UNSAT,,4.475,
85,22,99,3.4491519928,0,6.625803269791604,-1,3.4491519928,0.0,1,0.0,11,8461.300228601767,SAT,,3.556,
86,22,47,4.6040699482,0,119.73437554051281,-1,4.6040699482,0.0,1,0.0,11,8465.904298549967,SAT,,4.63,
87,22,30,100.020849943,0,113.74908395891191,-1,100.020849943,0.0,2,0.0,11,8565.925148492966,UNSAT,,100.063,
88,6,119,4.81242179871,0,2000.0,-1,4.81242179871,0.0,1,0.0,11,8570.737570291676,SAT,,4.853,
89,23,133,5.27270698547,0,17.062007904398442,-1,5.27270698547,0.0,1,0.0,11,8576.010277277146,SAT,,5.31,
90,23,3,5.57547903061,0,22.470171366232638,-1,5.57547903061,0.0,2,0.0,11,8581.585756307755,UNSAT,,5.607,
91,23,54,7.11018610001,0,15.222048655498028,-1,7.11018610001,0.0,1,0.0,11,8588.695942407765,SAT,,7.136,
92,23,70,4.45134091377,0,32.66029123996496,-1,4.45134091377,0.0,2,0.0,11,8593.147283321536,UNSAT,,4.496,
93,23,140,3.86473202705,0,26.873547945517306,-1,3.86473202705,0.0,1,0.0,11,8597.012015348586,SAT,,3.894,
94,23,17,5.81849908829,0,21.84939681400657,-1,5.81849908829,0.0,2,0.0,11,8602.830514436875,UNSAT,,5.852,
95,23,88,4.18448710442,0,14.285347786146403,-1,4.18448710442,0.0,1,0.0,11,8607.015001541295,SAT,,4.23,
96,23,143,73.1253530979,0,1537.741257984537,-1,73.1253530979,0.0,1,0.0,11,8680.140354639194,SAT,,73.157,
97,23,156,1729.51604891,0,1442.6782989766182,-1,1729.51604891,0.0,2,0.0,11,10409.656403549194,UNSAT,,1729.557,
98,6,7,6.26008009911,0,2000.0,-1,6.26008009911,0.0,2,0.0,12,10415.916483648303,UNSAT,,6.303,
99,24,47,4.28319406509,0,8.086636651653052,-1,4.28319406509,0.0,1,0.0,12,10420.199677713394,SAT,,4.357,
100,24,138,3.81318187714,0,118.59010894631149,-1,3.81318187714,0.0,1,0.0,12,10424.012859590533,SAT,,3.847,
101,24,30,48.2081139088,0,113.6329735520959,-1,48.2081139088,0.0,2,0.0,12,10472.220973499334,UNSAT,,48.244,
102,24,156,1689.16322184,0,1384.3598076965393,-1,1689.16322184,0.0,2,0.0,12,12161.384195339335,UNSAT,,1689.186,
103,6,126,4.20900607109,0,2000.0,-1,4.20900607109,0.0,1,0.0,12,12165.593201410426,SAT,,4.249,
104,25,54,4.28373789787,0,6.002641179013252,-1,4.28373789787,0.0,1,0.0,12,12169.876939308295,SAT,,4.352,
105,6,5,4.8572280407,0,2000.0,-1,4.8572280407,0.0,2,0.0,13,12174.734167348995,UNSAT,,4.904,
106,26,17,5.89246106148,0,8.126367617744208,-1,5.89246106148,0.0,2,0.0,13,12180.626628410475,UNSAT,,5.931,
107,6,71,5.14909696579,0,2000.0,-1,5.14909696579,0.0,2,0.0,13,12185.775725376265,UNSAT,,5.183,
108,27,5,4.84754610062,0,7.316996891397238,-1,4.84754610062,0.0,2,0.0,13,12190.623271476885,UNSAT,,4.875,
109,27,47,4.3495490551,0,15.225590009588004,-1,4.3495490551,0.0,1,0.0,13,12194.972820531984,SAT,,4.371,
110,27,17,5.00551104546,0,9.571175918328763,-1,5.00551104546,0.0,2,0.0,13,12199.978331577444,UNSAT,,5.059,
111,27,3,5.00615406036,0,31.28985742886663,-1,5.00615406036,0.0,2,0.0,13,12204.984485637804,UNSAT,,5.034,
112,27,102,5.07390499115,0,24.781857140707974,-1,5.07390499115,0.0,1,0.0,13,12210.058390628954,SAT,,5.107,
113,27,55,4.30628013611,0,18.185780652213097,-1,4.30628013611,0.0,1,0.0,13,12214.364670765064,SAT,,4.325,
114,27,126,4.87666416168,0,12.587616581815482,-1,4.87666416168,0.0,1,0.0,13,12219.241334926744,SAT,,4.908,
115,27,71,5.10685706139,0,1437.397756230432,-1,5.10685706139,0.0,2,0.0,13,12224.348191988134,UNSAT,,5.129,
116,27,13,5.0271859169,0,1430.7588420700015,-1,5.0271859169,0.0,2,0.0,13,12229.375377905035,UNSAT,,5.058,
117,27,143,1801.90174103,0,1424.2235001068295,-1,1801.90174103,0.0,1,0.0,13,14031.277118935035,SAT,,1801.936,
118,6,111,4.33957409859,0,2000.0,-1,4.33957409859,0.0,1,0.0,14,14035.616693033626,SAT,,4.425,
119,28,49,4.21034908295,0,18.334144622433186,-1,4.21034908295,0.0,1,0.0,14,14039.827042116576,SAT,,4.307,
120,28,55,9.27672791481,0,37.31068967689872,-1,9.27672791481,0.0,1,0.0,14,14049.103770031386,SAT,,9.316,
121,28,133,7.73253202438,0,25.250944298106436,-1,7.73253202438,0.0,1,0.0,14,14056.836302055766,SAT,,7.766,
122,28,143,15.2314100266,0,1407.17439845984,-1,15.2314100266,0.0,1,0.0,14,14072.067712082366,SAT,,15.271,
123,28,70,4.57142686844,0,1387.373565405953,-1,4.57142686844,0.0,2,0.0,14,14076.639138950806,UNSAT,,4.595,
124,28,102,4.53602409363,0,1381.4307107481839,-1,4.53602409363,0.0,1,0.0,14,14081.175163044436,SAT,,4.573,
125,28,156,1186.21347713,0,1375.5338791649522,-1,1186.21347713,0.0,2,0.0,14,15267.388640174437,UNSAT,,1186.248,
126,6,91,4.86798000336,0,2000.0,-1,4.86798000336,0.0,1,0.0,14,15272.256620177797,SAT,,4.902,
127,29,47,5.45106697083,0,8.086636651653052,-1,5.45106697083,0.0,1,0.0,14,15277.707687148628,SAT,,5.514,
128,6,152,26.3769800663,0,2000.0,-1,26.3769800663,0.0,1,0.0,15,15304.084667214927,SAT,,26.424,
129,30,139,5.23827290535,0,7.834165346223116,-1,5.23827290535,0.0,1,0.0,15,15309.322940120277,SAT,,5.282,
130,30,152,17.4095470905,0,145.82291970809104,-1,17.4095470905,0.0,1,0.0,15,15326.732487210777,SAT,,17.437,
131,30,30,86.6964690685,0,123.19050830637218,-1,86.6964690685,0.0,2,0.0,15,15413.428956279276,UNSAT,,86.731,
132,30,5,5.13426399231,0,46.56539688666463,-1,5.13426399231,0.0,2,0.0,15,15418.563220271586,UNSAT,,5.186,
133,30,7,7.83952307701,0,39.89085367729068,-1,7.83952307701,0.0,2,0.0,15,15426.402743348595,UNSAT,,7.89,
134,30,138,5.13631391525,0,29.699473444718127,-1,5.13631391525,0.0,1,0.0,15,15431.539057263846,SAT,,5.162,
135,30,133,13.142895937,0,23.02226544206143,-1,13.142895937,0.0,1,0.0,15,15444.681953200847,SAT,,13.164,
136,30,54,4.68863511086,0,118.62239640985729,-1,4.68863511086,0.0,1,0.0,15,15449.370588311707,SAT,,4.723,
137,30,119,5.90532708168,0,112.52717030082943,-1,5.90532708168,0.0,1,0.0,15,15455.275915393388,SAT,,5.932,
138,30,99,3.68907904625,0,104.85024590824844,-1,3.68907904625,0.0,1,0.0,15,15458.964994439637,SAT,,3.723,
139,30,98,3.94900202751,0,100.05444249917866,-1,3.94900202751,0.0,1,0.0,15,15462.913996467147,SAT,,3.975,
140,30,47,5.0924141407,0,94.92074063827397,-1,5.0924141407,0.0,1,0.0,15,15468.006410607846,SAT,,5.131,
141,30,88,4.61956691742,0,88.30060110275747,-1,4.61956691742,0.0,1,0.0,15,15472.625977525266,SAT,,4.655,
142,30,3,5.49227809906,0,82.29516436194181,-1,5.49227809906,0.0,2,0.0,15,15478.118255624326,UNSAT,,5.531,
143,30,143,67.3796820641,0,75.15520368551016,-1,67.3796820641,0.0,1,0.0,15,15545.497937688426,SAT,,67.41,
144,6,136,4.46152997017,0,2000.0,-1,4.46152997017,0.0,1,0.0,15,15549.959467658597,SAT,,4.501,
145,31,47,5.11402797699,0,8.086636651653052,-1,5.11402797699,0.0,1,0.0,15,15555.073495635586,SAT,,5.14,
146,31,98,4.02877402306,0,13.13802049343586,-1,4.02877402306,0.0,1,0.0,15,15559.102269658646,SAT,,4.071,
147,31,71,5.23348879814,0,7.900613256144524,-1,5.23348879814,0.0,2,0.0,15,15564.335758456786,UNSAT,,5.278,
148,31,49,19.2189588547,0,36.963519536304474,-1,19.2189588547,0.0,1,0.0,15,15583.554717311486,SAT,,19.245,
149,31,102,26.7051649094,0,11.978872947740555,-1,26.7051649094,0.0,1,0.0,15,15610.259882220886,SAT,,26.745,
150,6,92,4.89360594749,0,2000.0,-1,4.89360594749,0.0,1,0.0,16,15615.153488168376,SAT,,4.928,
151,32,55,6.32322788239,0,9.390593495565653,-1,6.32322788239,0.0,1,0.0,16,15621.476716050767,SAT,,6.364,
152,32,73,6.52465200424,0,13.565221604305506,-1,6.52465200424,0.0,2,0.0,16,15628.001368055007,UNSAT,,6.559,
153,32,92,5.94727706909,0,5.083174899566173,-1,5.94727706909,0.0,1,0.0,16,15633.948645124097,SAT,,5.982,
154,6,103,1801.81486106,0,2000.0,-1,1801.81486106,0.0,1,0.0,16,17435.7635061841,SAT,,1801.85,
155,33,126,4.14049720764,0,6.474308379340172,-1,4.14049720764,0.0,1,0.0,16,17439.90400339174,SAT,,4.214,
156,33,136,4.47539901733,0,1314.6395388882338,-1,4.47539901733,0.0,1,0.0,16,17444.37940240907,SAT,,4.498,
157,33,156,1095.17706394,0,1308.8215202916144,-1,1095.17706394,0.0,2,0.0,16,18539.55646634907,UNSAT,,1095.197,
