Run Number,Run History Configuration ID,Instance ID,Response Value (y),Censored?,Cutoff Time Used,Seed,Runtime,Run Length,Run Result Code,Run Quality,SMAC Iteration,SMAC Cumulative Runtime,Run Result,Additional Algorithm Run Data,Wall Clock Time,
1,1,33,1802.58393097,0,2000.0,-1,1802.58393097,0.0,2,0.0,0,1802.58393097,UNSAT,,1802.802,
2,1,28,707.769812822,0,2000.0,-1,707.769812822,0.0,2,0.0,1,2510.353743792,UNSAT,,707.969,
3,2,28,874.231533051,0,921.1033572334528,-1,874.231533051,0.0,2,0.0,1,3384.585276843,UNSAT,,874.274,
4,1,180,506.675779104,0,2000.0,-1,506.675779104,0.0,2,0.0,1,3891.261055947,UNSAT,,506.93,
5,3,33,1802.30716801,0,2000.0,-1,1802.30716801,0.0,2,0.0,1,5693.568223957,UNSAT,,1802.377,
6,3,180,1804.5454309,0,1580.1442623030127,-1,1804.5454309,0.0,2,0.0,1,7498.113654856999,UNSAT,,1804.574,
7,1,233,155.363185883,0,2000.0,-1,155.363185883,0.0,1,0.0,2,7653.47684074,SAT,,155.571,
8,4,233,301.728396893,0,202.97474245389105,-1,301.728396893,0.0,1,0.0,2,7955.205237632999,SAT,,301.763,
9,1,191,179.829059839,0,2000.0,-1,179.829059839,0.0,1,0.0,2,8135.034297472,SAT,,179.865,
10,5,33,1802.529881,0,2000.0,-1,1802.529881,0.0,2,0.0,2,9937.564178472,UNSAT,,1802.644,
11,5,28,646.787434101,0,1123.1483640972256,-1,646.787434101,0.0,2,0.0,2,10584.351612572998,UNSAT,,646.819,
12,5,233,126.447221041,0,282.3247000466764,-1,126.447221041,0.0,1,0.0,2,10710.798833613999,SAT,,126.514,
13,5,191,113.212336063,0,1010.4022025022388,-1,113.212336063,0.0,1,0.0,2,10824.011169676998,SAT,,113.278,
14,5,180,696.902957201,0,863.2261658910394,-1,696.902957201,0.0,2,0.0,2,11520.914126877999,UNSAT,,696.961,
15,1,22,231.037786007,0,2000.0,-1,231.037786007,0.0,2,0.0,3,11751.951912884999,UNSAT,,231.29,
16,6,180,501.796450138,0,659.6811128671944,-1,501.796450138,0.0,2,0.0,3,12253.748363022998,UNSAT,,501.851,
17,6,28,507.45472312,0,1161.2268629375576,-1,507.45472312,0.0,2,0.0,3,12761.203086142998,UNSAT,,507.525,
18,6,191,171.589376926,0,501.5357228819013,-1,171.589376926,0.0,1,0.0,3,12932.792463068998,SAT,,171.642,
19,6,33,1805.33940697,0,2000.0,-1,1805.33940697,0.0,2,0.0,3,14738.131870038998,UNSAT,,1805.423,
20,6,233,224.089818954,0,777.2125773023546,-1,224.089818954,0.0,1,0.0,3,14962.221688992999,SAT,,224.457,
21,6,22,204.398436785,0,485.89581259374614,-1,204.398436785,0.0,2,0.0,3,15166.620125778,UNSAT,,204.461,
22,6,90,76.4738619328,0,2000.0,-1,76.4738619328,0.0,2,0.0,3,15243.0939877108,UNSAT,,76.506,
23,7,191,201.521306038,0,224.06879084964396,-1,201.521306038,0.0,1,0.0,3,15444.615293748799,SAT,,201.552,
24,6,145,62.7144069672,0,2000.0,-1,62.7144069672,0.0,2,0.0,4,15507.329700715998,UNSAT,,62.778,
25,8,33,1132.83719301,0,2000.0,-1,1132.83719301,0.0,2,0.0,4,16640.166893725996,UNSAT,,1132.908,
26,8,191,270.561188936,0,1758.0154086354853,-1,270.561188936,0.0,1,0.0,4,16910.728082661997,SAT,,270.614,
27,8,28,749.490857124,0,1406.28586363827,-1,749.490857124,0.0,2,0.0,4,17660.218939786,UNSAT,,749.542,
28,8,180,4.09698581696,0,1722.8517953198136,-1,4.09698581696,0.0,2,0.0,4,17664.315925602958,UNSAT,,4.151,
29,8,233,2.80751895905,0,1717.5257137868286,-1,2.80751895905,0.0,1,0.0,4,17667.123444562007,SAT,,2.843,
30,8,145,665.610818863,0,1713.8759397793294,-1,665.610818863,0.0,2,0.0,4,18332.734263425005,UNSAT,,665.648,
31,8,22,198.482101917,0,848.5818749185383,-1,198.482101917,0.0,2,0.0,4,18531.216365342007,UNSAT,,198.521,
32,8,90,672.158658981,0,689.9724634255946,-1,672.158658981,0.0,2,0.0,4,19203.375024323006,UNSAT,,672.209,
33,6,37,1802.79026389,0,2000.0,-1,1802.79026389,0.0,2,0.0,4,21006.165288213007,UNSAT,,1802.822,
34,9,180,3.38190817833,0,653.3379859182716,-1,3.38190817833,0.0,2,0.0,4,21009.547196391337,UNSAT,,3.437,
35,9,22,86.1007578373,0,1014.0780929367721,-1,86.1007578373,0.0,2,0.0,4,21095.647954228636,UNSAT,,86.129,
36,9,90,250.292813778,0,902.1471086781204,-1,250.292813778,0.0,2,0.0,4,21345.940768006636,UNSAT,,250.328,
37,9,233,2.7475810051,0,2000.0,-1,2.7475810051,0.0,1,0.0,4,21348.688349011736,SAT,,2.792,
38,9,28,119.399242163,0,2000.0,-1,119.399242163,0.0,2,0.0,4,21468.087591174735,UNSAT,,119.434,
39,9,33,1508.11553383,0,2000.0,-1,1508.11553383,0.0,2,0.0,4,22976.203125004737,UNSAT,,1508.146,
40,9,145,220.678436041,0,1836.9084492217482,-1,220.678436041,0.0,2,0.0,4,23196.881561045735,UNSAT,,220.725,
41,9,191,1805.1747632,0,2000.0,-1,1805.1747632,0.0,1,0.0,4,25002.056324245736,SAT,,1805.3,
42,9,37,13.9024600983,0,1769.9954233024002,-1,13.9024600983,0.0,2,0.0,4,25015.958784344035,UNSAT,,13.928,
43,9,98,1321.38607717,0,2000.0,-1,1321.38607717,0.0,2,0.0,5,26337.344861514033,UNSAT,,1321.43,
44,10,28,881.926495075,0,156.22161504660846,-1,881.926495075,0.0,2,0.0,5,27219.271356589034,UNSAT,,881.956,
45,9,167,3.80770492554,0,2000.0,-1,3.80770492554,0.0,2,0.0,5,27223.079061514574,UNSAT,,3.861,
46,11,191,124.079786062,0,2000.0,-1,124.079786062,0.0,1,0.0,5,27347.158847576575,SAT,,124.127,
47,11,33,1802.58856177,0,2000.0,-1,1802.58856177,0.0,2,0.0,5,29149.747409346575,UNSAT,,1802.658,
48,11,37,134.62300396,0,1821.6869332719327,-1,134.62300396,0.0,2,0.0,5,29284.370413306577,UNSAT,,134.642,
49,11,90,568.891293049,0,2000.0,-1,568.891293049,0.0,2,0.0,5,29853.261706355577,UNSAT,,568.924,
50,11,22,415.248927116,0,2000.0,-1,415.248927116,0.0,2,0.0,5,30268.51063347158,UNSAT,,415.282,
51,11,98,1126.04770398,0,2000.0,-1,1126.04770398,0.0,2,0.0,5,31394.558337451577,UNSAT,,1126.106,
52,11,233,3.2254550457,0,1062.1233254562794,-1,3.2254550457,0.0,1,0.0,5,31397.783792497277,SAT,,3.268,
53,11,145,284.224768877,0,1509.3829116675736,-1,284.224768877,0.0,2,0.0,5,31682.008561374278,UNSAT,,284.249,
54,11,167,3.38456606865,0,1139.8907130475818,-1,3.38456606865,0.0,2,0.0,5,31685.393127442927,UNSAT,,3.427,
55,11,28,749.103435993,0,1135.490776121962,-1,749.103435993,0.0,2,0.0,5,32434.496563435925,UNSAT,,749.139,
56,11,180,3.87094187737,0,161.65631021221282,-1,3.87094187737,0.0,2,0.0,5,32438.367505313294,UNSAT,,3.923,
57,11,202,1802.15353298,0,2000.0,-1,1802.15353298,0.0,1,0.0,6,34240.52103829329,SAT,,1802.278,
58,12,33,1802.31774497,0,2000.0,-1,1802.31774497,0.0,2,0.0,6,36042.838783263294,UNSAT,,1802.4,
59,12,233,1802.19878507,0,1469.4123696427525,-1,1802.19878507,0.0,1,0.0,6,37845.0375683333,SAT,,1802.234,
60,11,196,1803.88050199,0,2000.0,-1,1803.88050199,0.0,1,0.0,6,39648.9180703233,SAT,,1803.91,
61,13,33,1848.41179919,0,2000.0,-1,1848.41179919,0.0,2,0.0,6,41497.3298695133,UNSAT,,1848.571,
62,11,35,772.544018984,0,2000.0,-1,772.544018984,0.0,2,0.0,7,42269.8738884973,UNSAT,,772.57,
63,14,167,3.7980902195,0,5.402536027479171,-1,3.7980902195,0.0,2,0.0,7,42273.6719787168,UNSAT,,3.885,
64,11,38,192.729007959,0,2000.0,-1,192.729007959,0.0,1,0.0,7,42466.4009866758,SAT,,192.748,
65,15,28,1586.63634109,0,974.8370674330473,-1,1586.63634109,0.0,2,0.0,7,44053.0373277658,UNSAT,,1586.661,
66,11,86,353.70636487,0,2000.0,-1,353.70636487,0.0,2,0.0,8,44406.7436926358,UNSAT,,353.928,
67,16,90,83.1613981724,0,740.5612816925824,-1,83.1613981724,0.0,2,0.0,8,44489.9050908082,UNSAT,,83.244,
68,16,86,133.013776064,0,1096.6722747202693,-1,133.013776064,0.0,2,0.0,8,44622.9188668722,UNSAT,,133.042,
69,16,167,599.195741177,0,923.7543652657151,-1,599.195741177,0.0,2,0.0,8,45222.114608049196,UNSAT,,599.234,
70,16,28,775.605781078,0,2000.0,-1,775.605781078,0.0,2,0.0,8,45997.72038912719,UNSAT,,775.668,
71,16,145,224.109993935,0,2000.0,-1,224.109993935,0.0,2,0.0,8,46221.830383062195,UNSAT,,224.161,
72,16,33,1356.36064291,0,2000.0,-1,1356.36064291,0.0,2,0.0,8,47578.19102597219,UNSAT,,1356.406,
73,16,35,171.883944035,0,1772.9047794718028,-1,171.883944035,0.0,2,0.0,8,47750.07497000719,UNSAT,,171.945,
74,16,202,43.0514891148,0,2000.0,-1,43.0514891148,0.0,1,0.0,8,47793.12645912199,SAT,,43.097,
75,16,38,214.77601099,0,2000.0,-1,214.77601099,0.0,1,0.0,8,48007.902470111985,SAT,,214.804,
76,16,191,413.80636692,0,2000.0,-1,413.80636692,0.0,1,0.0,8,48421.70883703198,SAT,,413.838,
77,16,196,1804.26424384,0,2000.0,-1,1804.26424384,0.0,1,0.0,8,50225.97308087198,SAT,,1804.327,
78,16,37,482.743544817,0,2000.0,-1,482.743544817,0.0,2,0.0,8,50708.71662568898,UNSAT,,482.848,
79,16,233,171.20529604,0,2000.0,-1,171.20529604,0.0,1,0.0,8,50879.92192172899,SAT,,171.253,
80,16,180,309.001100063,0,2000.0,-1,309.001100063,0.0,2,0.0,8,51188.92302179198,UNSAT,,309.066,
81,16,22,227.551799059,0,2000.0,-1,227.551799059,0.0,2,0.0,8,51416.474820850985,UNSAT,,227.608,
82,16,98,263.210189819,0,2000.0,-1,263.210189819,0.0,2,0.0,8,51679.685010669986,UNSAT,,263.263,
83,16,68,211.224067211,0,2000.0,-1,211.224067211,0.0,2,0.0,8,51890.909077880984,UNSAT,,211.343,
84,17,28,1801.62234688,0,1009.2901156175614,-1,1801.62234688,0.0,2,0.0,8,53692.531424760986,UNSAT,,1801.663,
