Run Number,Run History Configuration ID,Instance ID,Response Value (y),Censored?,Cutoff Time Used,Seed,Runtime,Run Length,Run Result Code,Run Quality,SMAC Iteration,SMAC Cumulative Runtime,Run Result,Additional Algorithm Run Data,Wall Clock Time,
1,1,19,332.120646,0,2000.0,-1,332.120646,0.0,2,0.0,0,332.120646,UNSAT,,332.397,
2,1,160,141.897374868,0,2000.0,-1,141.897374868,0.0,2,0.0,1,474.018020868,UNSAT,,141.953,
3,2,19,1802.17305398,0,432.7594398412585,-1,1802.17305398,0.0,2,0.0,1,2276.191074848,UNSAT,,1802.223,
4,1,100,1802.6836009,0,2000.0,-1,1802.6836009,0.0,2,0.0,1,4078.8746757480003,UNSAT,,1802.717,
5,3,100,1802.00934386,0,2000.0,-1,1802.00934386,0.0,2,0.0,1,5880.884019608,UNSAT,,1802.051,
6,3,19,1802.4522481,0,618.1051618311286,-1,1802.4522481,0.0,2,0.0,1,7683.336267708,UNSAT,,1802.542,
7,1,79,32.0392878056,0,2000.0,-1,32.0392878056,0.0,2,0.0,2,7715.3755555136,UNSAT,,32.168,
8,4,19,1802.60984612,0,432.7594398412585,-1,1802.60984612,0.0,2,0.0,2,9517.9854016336,UNSAT,,1802.67,
9,1,23,151.94646287,0,2000.0,-1,151.94646287,0.0,2,0.0,2,9669.9318645036,UNSAT,,152.203,
10,5,160,583.119791031,0,185.46918750588895,-1,583.119791031,0.0,2,0.0,2,10253.0516555346,UNSAT,,583.156,
11,1,156,96.5046031475,0,2000.0,-1,96.5046031475,0.0,2,0.0,3,10349.5562586821,UNSAT,,96.61,
12,6,19,434.283812046,0,432.7594398412585,-1,434.283812046,0.0,2,0.0,3,10783.8400707281,UNSAT,,434.313,
13,1,12,1145.04027891,0,2000.0,-1,1145.04027891,0.0,2,0.0,3,11928.8803496381,UNSAT,,1145.086,
14,7,19,1802.58386302,0,432.7594398412585,-1,1802.58386302,0.0,2,0.0,3,13731.4642126581,UNSAT,,1802.643,
15,1,17,1802.90732694,0,2000.0,-1,1802.90732694,0.0,2,0.0,4,15534.3715395981,UNSAT,,1803.104,
16,8,23,99.2134480476,0,198.533001810658,-1,99.2134480476,0.0,2,0.0,4,15633.5849876457,UNSAT,,99.244,
17,8,12,1061.42179298,0,1599.7615563574911,-1,1061.42179298,0.0,2,0.0,4,16695.0067806257,UNSAT,,1061.491,
18,8,79,106.999478102,0,219.91322551702262,-1,106.999478102,0.0,2,0.0,4,16802.0062587277,UNSAT,,107.048,
19,8,100,86.5183660984,0,2000.0,-1,86.5183660984,0.0,2,0.0,4,16888.5246248261,UNSAT,,86.555,
20,8,19,1108.03311896,0,2000.0,-1,1108.03311896,0.0,2,0.0,4,17996.5577437861,UNSAT,,1108.166,
21,8,156,195.234215021,0,2000.0,-1,195.234215021,0.0,2,0.0,4,18191.791958807098,UNSAT,,195.294,
22,8,17,272.98802495,0,2000.0,-1,272.98802495,0.0,2,0.0,4,18464.779983757096,UNSAT,,273.046,
23,8,160,115.163556099,0,2000.0,-1,115.163556099,0.0,2,0.0,4,18579.943539856096,UNSAT,,115.217,
24,8,173,4.18619680405,0,2000.0,-1,4.18619680405,0.0,2,0.0,4,18584.129736660147,UNSAT,,4.257,
25,9,160,2000.0,0,150.71522350271346,-1,1544.38745,0.0,-1,1.0E9,4,20128.517186660145,CRASHED,Run Exceeded Captime -- Treating as CRASHED;Killed Manually,1625.671,
26,8,66,236.500216007,0,2000.0,-1,236.500216007,0.0,2,0.0,5,20365.017402667145,UNSAT,,236.552,
27,10,160,203.967947006,0,150.71522350271346,-1,203.967947006,0.0,2,0.0,5,20568.985349673145,UNSAT,,204.035,
28,8,127,138.933679104,0,2000.0,-1,138.933679104,0.0,2,0.0,5,20707.919028777145,UNSAT,,138.978,
29,11,66,1801.72313786,0,308.45288195495607,-1,1801.72313786,0.0,2,0.0,5,22509.642166637146,UNSAT,,1801.75,
30,8,28,943.977352858,0,2000.0,-1,943.977352858,0.0,2,0.0,6,23453.619519495147,UNSAT,,944.015,
31,12,100,396.736671925,0,113.47647596930267,-1,396.736671925,0.0,2,0.0,6,23850.356191420145,UNSAT,,396.786,
32,8,145,260.631813049,0,2000.0,-1,260.631813049,0.0,2,0.0,6,24110.988004469145,UNSAT,,260.69,
33,13,79,82.2814238071,0,140.10192210634352,-1,82.2814238071,0.0,2,0.0,6,24193.269428276246,UNSAT,,82.321,
34,13,12,1802.19230509,0,1666.7914820726694,-1,1802.19230509,0.0,2,0.0,6,25995.461733366246,UNSAT,,1802.229,
35,8,108,80.4887239933,0,2000.0,-1,80.4887239933,0.0,2,0.0,7,26075.950457359548,UNSAT,,80.51,
36,14,79,48.8572499752,0,140.10192210634352,-1,48.8572499752,0.0,2,0.0,7,26124.80770733475,UNSAT,,48.921,
37,14,156,77.1554670334,0,442.8684524152159,-1,77.1554670334,0.0,2,0.0,7,26201.96317436815,UNSAT,,77.188,
38,14,100,136.989059925,0,342.56634515558477,-1,136.989059925,0.0,2,0.0,7,26338.95223429315,UNSAT,,137.063,
39,14,173,159.007065058,0,1885.1624460782589,-1,159.007065058,0.0,2,0.0,7,26497.959299351147,UNSAT,,159.058,
40,14,66,111.011049032,0,1678.453261580664,-1,111.011049032,0.0,2,0.0,7,26608.970348383147,UNSAT,,111.078,
41,14,28,1054.17715311,0,1534.1388969573857,-1,1054.17715311,0.0,2,0.0,7,27663.147501493146,UNSAT,,1054.224,
42,14,127,27.9322559834,0,163.70859815587403,-1,27.9322559834,0.0,2,0.0,7,27691.079757476546,UNSAT,,27.99,
43,14,108,119.218156099,0,2000.0,-1,119.218156099,0.0,2,0.0,7,27810.297913575545,UNSAT,,119.244,
44,14,17,779.491981983,0,2000.0,-1,779.491981983,0.0,2,0.0,7,28589.789895558544,UNSAT,,779.523,
45,14,145,75.6527631283,0,2000.0,-1,75.6527631283,0.0,2,0.0,7,28665.442658686843,UNSAT,,75.706,
46,14,23,220.515256882,0,2000.0,-1,220.515256882,0.0,2,0.0,7,28885.957915568844,UNSAT,,220.551,
47,14,160,128.595883131,0,2000.0,-1,128.595883131,0.0,2,0.0,7,29014.553798699846,UNSAT,,128.647,
48,14,12,1480.87716794,0,2000.0,-1,1480.87716794,0.0,2,0.0,7,30495.430966639848,UNSAT,,1480.951,
49,14,19,287.519934893,0,379.07181567360755,-1,287.519934893,0.0,2,0.0,7,30782.950901532848,UNSAT,,287.582,
50,14,117,154.013906956,0,2000.0,-1,154.013906956,0.0,2,0.0,7,30936.964808488847,UNSAT,,154.138,
51,15,145,79.6570289135,0,99.3511925343156,-1,79.6570289135,0.0,2,0.0,7,31016.62183740235,UNSAT,,79.697,
52,14,110,27.360325098,0,2000.0,-1,27.360325098,0.0,2,0.0,8,31043.98216250035,UNSAT,,27.397,
53,16,12,1393.77942204,0,1926.1429193321349,-1,1393.77942204,0.0,2,0.0,8,32437.76158454035,UNSAT,,1393.82,
54,16,156,103.423990965,0,392.62015501816865,-1,103.423990965,0.0,2,0.0,8,32541.185575505348,UNSAT,,103.491,
55,16,100,255.233836889,0,258.16896761615874,-1,255.233836889,0.0,2,0.0,8,32796.419412394345,UNSAT,,255.292,
56,14,4,1301.21000504,0,2000.0,-1,1301.21000504,0.0,2,0.0,8,34097.62941743434,UNSAT,,1301.269,
57,17,79,2000.0,0,64.51702563871741,-1,645.4632499999999,0.0,-1,1.0E9,8,34743.09266743434,CRASHED,Run Exceeded Captime -- Treating as CRASHED;Killed Manually,679.435,
58,14,63,258.064525127,0,2000.0,-1,258.064525127,0.0,2,0.0,9,35001.157192561346,UNSAT,,258.098,
59,18,156,453.856791019,0,101.30470757220985,-1,453.856791019,0.0,2,0.0,9,35455.01398358035,UNSAT,,453.941,
60,14,120,10.2992739677,0,2000.0,-1,10.2992739677,0.0,2,0.0,9,35465.31325754805,UNSAT,,10.359,
61,19,145,2000.0,0,99.3511925343156,-1,993.9147,0.0,-1,1.0E9,9,36459.22795754805,CRASHED,Run Exceeded Captime -- Treating as CRASHED;Killed Manually,1046.226,
62,14,57,73.8883440495,0,2000.0,-1,73.8883440495,0.0,1,0.0,10,36533.11630159755,SAT,,73.918,
63,20,120,2000.0,0,14.391656209129096,-1,144.84459999999999,0.0,-1,1.0E9,10,36677.960901597544,CRASHED,Run Exceeded Captime -- Treating as CRASHED;Killed Manually,152.468,
64,14,62,200.059915066,0,2000.0,-1,200.059915066,0.0,1,0.0,10,36878.02081666354,SAT,,200.097,
65,21,19,699.016509771,0,374.7785164866328,-1,699.016509771,0.0,2,0.0,10,37577.03732643454,UNSAT,,699.073,
66,14,99,148.226938009,0,2000.0,-1,148.226938009,0.0,2,0.0,11,37725.26426444354,UNSAT,,148.278,
67,22,23,6.1320810318,0,287.67243408446313,-1,6.1320810318,0.0,2,0.0,11,37731.39634547534,UNSAT,,6.2,
68,22,117,1805.29778695,0,1850.3517078127445,-1,1805.29778695,0.0,2,0.0,11,39536.69413242534,UNSAT,,1805.342,
69,14,139,27.1528670788,0,2000.0,-1,27.1528670788,0.0,2,0.0,11,39563.846999504145,UNSAT,,27.187,
70,23,139,2000.0,0,36.30132748593688,-1,394.9891,0.0,-1,1.0E9,11,39958.836099504144,CRASHED,Run Exceeded Captime -- Treating as CRASHED;Killed Manually,415.778,
71,14,48,511.491168976,0,2000.0,-1,511.491168976,0.0,1,0.0,12,40470.32726848014,SAT,,511.525,
72,24,120,7.98257899284,0,14.391656209129096,-1,7.98257899284,0.0,2,0.0,12,40478.309847472985,UNSAT,,8.03,
73,24,127,26.941972971,0,1053.668413393545,-1,26.941972971,0.0,2,0.0,12,40505.251820443984,UNSAT,,26.984,
74,24,17,635.298236132,0,1018.6438487734378,-1,635.298236132,0.0,2,0.0,12,41140.55005657599,UNSAT,,635.34,
75,24,19,691.138439894,0,1146.2042173262416,-1,691.138439894,0.0,2,0.0,12,41831.688496469986,UNSAT,,691.209,
76,24,156,204.50112915,0,247.72424557094575,-1,204.50112915,0.0,2,0.0,12,42036.18962561998,UNSAT,,204.521,
77,14,144,116.932512999,0,2000.0,-1,116.932512999,0.0,2,0.0,12,42153.122138618986,UNSAT,,116.996,
78,25,23,185.869525909,0,287.67243408446313,-1,185.869525909,0.0,2,0.0,12,42338.99166452799,UNSAT,,185.913,
79,25,108,1802.46817708,0,407.73743892868157,-1,1802.46817708,0.0,2,0.0,12,44141.45984160799,UNSAT,,1802.511,
80,14,15,145.440927029,0,2000.0,-1,145.440927029,0.0,2,0.0,13,44286.90076863699,UNSAT,,145.605,
81,26,12,1804.70792079,0,1926.1429193321349,-1,1804.70792079,0.0,2,0.0,13,46091.60868942699,UNSAT,,1804.884,
82,14,235,126.346577168,0,2000.0,-1,126.346577168,0.0,1,0.0,13,46217.95526659499,SAT,,126.4,
83,27,120,2000.0,0,14.391656209129096,-1,144.52349999999998,0.0,-1,1.0E9,13,46362.47876659499,CRASHED,Run Exceeded Captime -- Treating as CRASHED;Killed Manually,152.13,
84,14,55,1645.06919003,0,2000.0,-1,1645.06919003,0.0,1,0.0,14,48007.54795662499,SAT,,1645.105,
85,28,145,74.9526348114,0,99.3511925343156,-1,74.9526348114,0.0,2,0.0,14,48082.500591436394,UNSAT,,74.99,
86,28,235,292.702734947,0,1857.7389240156592,-1,292.702734947,0.0,1,0.0,14,48375.203326383395,SAT,,292.733,
87,28,4,951.719756842,0,1477.2253692041816,-1,951.719756842,0.0,2,0.0,14,49326.923083225396,UNSAT,,951.782,
88,28,173,350.313468933,0,2000.0,-1,350.313468933,0.0,2,0.0,14,49677.2365521584,UNSAT,,350.383,
89,28,19,691.727651119,0,1887.51504084875,-1,691.727651119,0.0,2,0.0,14,50368.9642032774,UNSAT,,691.79,
90,28,144,39.4305050373,0,988.2690941806615,-1,39.4305050373,0.0,2,0.0,14,50408.3947083147,UNSAT,,39.492,
91,28,28,67.79814291,0,937.0094381164491,-1,67.79814291,0.0,2,0.0,14,50476.192851224696,UNSAT,,67.839,
92,28,99,309.718884945,0,2000.0,-1,309.718884945,0.0,2,0.0,14,50785.9117361697,UNSAT,,309.796,
93,28,100,131.391514063,0,2000.0,-1,131.391514063,0.0,2,0.0,14,50917.3032502327,UNSAT,,131.459,
94,28,55,1805.96201086,0,2000.0,-1,1805.96201086,0.0,1,0.0,14,52723.265261092696,SAT,,1806.014,
95,28,57,918.864164829,0,1921.4567247669877,-1,918.864164829,0.0,1,0.0,14,53642.129425921696,SAT,,918.941,
96,28,66,171.260441065,0,726.9333109151304,-1,171.260441065,0.0,2,0.0,14,53813.3898669867,UNSAT,,171.329,
97,28,160,214.050283909,0,504.2947367656708,-1,214.050283909,0.0,2,0.0,14,54027.440150895694,UNSAT,,214.11,
98,28,17,160.253477097,0,226.02936801348926,-1,160.253477097,0.0,2,0.0,14,54187.693627992696,UNSAT,,160.307,
99,28,79,63.1895439625,0,17.699847545820475,-1,63.1895439625,0.0,2,0.0,14,54250.883171955196,UNSAT,,63.255,
100,14,137,51.9637169838,0,2000.0,-1,51.9637169838,0.0,2,0.0,14,54302.846888939,UNSAT,,51.998,
101,29,235,2000.0,0,165.25315035914184,-1,1652.89645,0.0,-1,1.0E9,14,55955.743338939,CRASHED,Run Exceeded Captime -- Treating as CRASHED;Killed Manually,1739.891,
102,14,159,324.442469835,0,2000.0,-1,324.442469835,0.0,2,0.0,15,56280.185808774,UNSAT,,324.475,
103,30,145,114.115972996,0,99.3511925343156,-1,114.115972996,0.0,2,0.0,15,56394.301781769995,UNSAT,,114.181,
104,14,50,269.034147978,0,2000.0,-1,269.034147978,0.0,1,0.0,15,56663.335929748,SAT,,269.093,
105,31,160,2000.0,0,168.1772482473135,-1,1681.9256,0.0,-1,1.0E9,15,58345.261529748,CRASHED,Run Exceeded Captime -- Treating as CRASHED;Killed Manually,1770.448,
106,14,198,172.57652092,0,2000.0,-1,172.57652092,0.0,1,0.0,16,58517.838050668004,SAT,,172.619,
107,32,137,25.7711260319,0,68.55543208156824,-1,25.7711260319,0.0,2,0.0,16,58543.6091766999,UNSAT,,25.853,
108,32,160,301.897919178,0,624.0054282251477,-1,301.897919178,0.0,2,0.0,16,58845.5070958779,UNSAT,,301.942,
109,32,159,207.391025066,0,231.5381325673044,-1,207.391025066,0.0,2,0.0,16,59052.8981209439,UNSAT,,207.442,
110,14,164,83.0437779427,0,2000.0,-1,83.0437779427,0.0,2,0.0,16,59135.9418988866,UNSAT,,83.098,
111,33,48,1804.494591,0,665.9411203007877,-1,1804.494591,0.0,1,0.0,16,60940.436489886604,SAT,,1804.539,
