Run Number,Run History Configuration ID,Instance ID,Response Value (y),Censored?,Cutoff Time Used,Seed,Runtime,Run Length,Run Result Code,Run Quality,SMAC Iteration,SMAC Cumulative Runtime,Run Result,Additional Algorithm Run Data,Wall Clock Time,
1,1,100,7.15137696266,0,2000.0,-1,7.15137696266,0.0,2,0.0,0,7.15137696266,UNSAT,,7.286,
2,1,111,4.33766007423,0,2000.0,-1,4.33766007423,0.0,1,0.0,1,11.48903703689,SAT,,4.377,
3,2,111,4.40901899338,0,6.641558360654116,-1,4.40901899338,0.0,1,0.0,1,15.89805603027,SAT,,4.456,
4,1,13,4.99411010742,0,2000.0,-1,4.99411010742,0.0,2,0.0,1,20.89216613769,UNSAT,,5.037,
5,3,13,4.4268591404,0,7.494943578141928,-1,4.4268591404,0.0,2,0.0,1,25.319025278090002,UNSAT,,4.453,
6,3,111,3.78093409538,0,16.678374529230595,-1,3.78093409538,0.0,1,0.0,1,29.099959373470003,SAT,,3.819,
7,3,100,4.22810316086,0,11.76316029240489,-1,4.22810316086,0.0,2,0.0,1,33.32806253433,UNSAT,,4.274,
8,3,5,4.23477602005,0,2000.0,-1,4.23477602005,0.0,2,0.0,2,37.56283855438,UNSAT,,4.277,
9,4,5,4.15933704376,0,6.507808983671666,-1,4.15933704376,0.0,2,0.0,2,41.72217559814,UNSAT,,4.206,
10,4,111,3.60935902596,0,11.515019730079175,-1,3.60935902596,0.0,1,0.0,2,45.3315346241,SAT,,3.631,
11,4,100,4.64896702766,0,6.8228526863932615,-1,4.64896702766,0.0,2,0.0,2,49.98050165176,UNSAT,,4.676,
12,3,15,4.92890691757,0,2000.0,-1,4.92890691757,0.0,2,0.0,2,54.90940856933,UNSAT,,4.956,
13,5,111,3.65430903435,0,5.917814549404382,-1,3.65430903435,0.0,1,0.0,2,58.56371760368,SAT,,3.698,
14,5,5,4.68473911285,0,12.17155651037693,-1,4.68473911285,0.0,2,0.0,2,63.24845671653,UNSAT,,4.726,
15,5,100,4.88227295876,0,6.081394840377569,-1,4.88227295876,0.0,2,0.0,2,68.13072967529,UNSAT,,4.93,
16,3,49,15.3499679565,0,2000.0,-1,15.3499679565,0.0,1,0.0,3,83.48069763179,SAT,,15.382,
17,6,5,4.07982397079,0,6.507808983671666,-1,4.07982397079,0.0,2,0.0,3,87.56052160258,UNSAT,,4.107,
18,6,49,9.94688010216,0,26.076811075556282,-1,9.94688010216,0.0,1,0.0,3,97.50740170473999,SAT,,9.973,
19,6,111,3.5795648098,0,13.145867165523768,-1,3.5795648098,0.0,1,0.0,3,101.08696651454,SAT,,3.596,
20,6,13,4.88418793678,0,26.15536254678965,-1,4.88418793678,0.0,2,0.0,3,105.97115445131999,UNSAT,,4.909,
21,6,15,7.88586497307,0,19.805918064314127,-1,7.88586497307,0.0,2,0.0,3,113.85701942438999,UNSAT,,7.919,
22,6,100,5.05811285973,0,9.554293647754193,-1,5.05811285973,0.0,2,0.0,3,118.91513228411999,UNSAT,,5.113,
23,6,69,13.8247420788,0,2000.0,-1,13.8247420788,0.0,2,0.0,3,132.73987436291998,UNSAT,,13.87,
24,7,69,18.7063519955,0,18.97476528619528,-1,18.7063519955,0.0,2,0.0,3,151.44622635841998,UNSAT,,18.749,
25,6,31,4.37158894539,0,2000.0,-1,4.37158894539,0.0,2,0.0,4,155.81781530380997,UNSAT,,4.399,
26,8,111,3.99707007408,0,5.65603523363471,-1,3.99707007408,0.0,1,0.0,4,159.81488537788996,SAT,,4.041,
27,6,30,1801.53690219,0,2000.0,-1,1801.53690219,0.0,2,0.0,4,1961.3517875678901,UNSAT,,1801.568,
28,9,49,4.17396116257,0,13.93354422261119,-1,4.17396116257,0.0,1,0.0,4,1965.5257487304602,SAT,,4.24,
29,9,13,4.9583530426,0,20.16321102936864,-1,4.9583530426,0.0,2,0.0,4,1970.4841017730603,UNSAT,,4.998,
30,9,5,6.3330540657,0,13.717352122414113,-1,6.3330540657,0.0,2,0.0,4,1976.8171558387603,UNSAT,,6.356,
31,9,111,4.26311683655,0,40.37379267473817,-1,4.26311683655,0.0,1,0.0,4,1981.0802726753102,SAT,,4.298,
32,9,69,4.17704987526,0,34.83174060319662,-1,4.17704987526,0.0,2,0.0,4,1985.2573225505703,UNSAT,,4.204,
33,9,100,7.02867102623,0,29.401575949388747,-1,7.02867102623,0.0,2,0.0,4,1992.2859935768004,UNSAT,,7.059,
34,9,31,5.97923493385,0,20.264303673404456,-1,5.97923493385,0.0,2,0.0,4,1998.2652285106503,UNSAT,,6.009,
35,9,30,1801.44391394,0,2000.0,-1,1801.44391394,0.0,2,0.0,4,3799.7091424506502,UNSAT,,1801.466,
36,9,15,7.32081913948,0,22.86640711908341,-1,7.32081913948,0.0,2,0.0,4,3807.0299615901304,UNSAT,,7.372,
37,9,11,1802.46001983,0,2000.0,-1,1802.46001983,0.0,2,0.0,5,5609.489981420131,UNSAT,,1802.538,
38,10,49,12.7637999058,0,6.428750221031905,-1,12.7637999058,0.0,1,0.0,5,5622.2537813259305,SAT,,12.874,
39,9,74,9.82006192207,0,2000.0,-1,9.82006192207,0.0,2,0.0,5,5632.073843248,UNSAT,,9.847,
40,11,15,6.91339707375,0,10.519665561962128,-1,6.91339707375,0.0,2,0.0,5,5638.9872403217505,UNSAT,,6.935,
41,11,69,4.37543511391,0,12.391164049851895,-1,4.37543511391,0.0,2,0.0,5,5643.36267543566,UNSAT,,4.425,
42,11,49,3.88482093811,0,6.703098014342785,-1,3.88482093811,0.0,1,0.0,5,5647.24749637377,SAT,,3.921,
43,11,30,46.2388510704,0,2000.0,-1,46.2388510704,0.0,2,0.0,5,5693.486347444171,UNSAT,,46.273,
44,11,74,7.21477794647,0,2000.0,-1,7.21477794647,0.0,2,0.0,5,5700.701125390641,UNSAT,,7.23,
45,11,111,5.39707398415,0,2000.0,-1,5.39707398415,0.0,1,0.0,5,5706.098199374791,SAT,,5.423,
46,11,31,5.25302100182,0,2000.0,-1,5.25302100182,0.0,2,0.0,5,5711.351220376611,UNSAT,,5.298,
47,11,13,6.05288600922,0,2000.0,-1,6.05288600922,0.0,2,0.0,5,5717.404106385831,UNSAT,,6.079,
48,11,5,7.20062994957,0,2000.0,-1,7.20062994957,0.0,2,0.0,5,5724.604736335401,UNSAT,,7.235,
49,11,100,7.09127902985,0,2000.0,-1,7.09127902985,0.0,2,0.0,5,5731.696015365251,UNSAT,,7.118,
50,11,11,1802.60951805,0,2000.0,-1,1802.60951805,0.0,2,0.0,5,7534.3055334152505,UNSAT,,1802.652,
51,11,57,4.43671703339,0,2000.0,-1,4.43671703339,0.0,1,0.0,6,7538.74225044864,SAT,,4.516,
52,12,111,3.67632508278,0,8.018796414482594,-1,3.67632508278,0.0,1,0.0,6,7542.41857553142,SAT,,3.721,
53,12,100,4.28657102585,0,18.148902140903473,-1,4.28657102585,0.0,2,0.0,6,7546.70514655727,UNSAT,,4.321,
54,12,69,18.5808811188,0,12.576360524046422,-1,18.5808811188,0.0,2,0.0,6,7565.28602767607,UNSAT,,18.609,
55,11,117,4.9012029171,0,2000.0,-1,4.9012029171,0.0,1,0.0,6,7570.18723059317,SAT,,4.926,
56,13,117,6.42446303368,0,7.37416463752389,-1,6.42446303368,0.0,1,0.0,6,7576.61169362685,SAT,,6.462,
57,11,4,12.6390719414,0,2000.0,-1,12.6390719414,0.0,2,0.0,7,7589.25076556825,UNSAT,,12.692,
58,14,74,20.358219862,0,10.381811846393347,-1,20.358219862,0.0,2,0.0,7,7609.60898543025,UNSAT,,20.405,
59,11,38,4.05774402618,0,2000.0,-1,4.05774402618,0.0,1,0.0,7,7613.66672945643,SAT,,4.097,
60,15,111,4.99813914299,0,8.018796414482594,-1,4.99813914299,0.0,1,0.0,7,7618.6648685994205,SAT,,5.031,
61,15,38,4.55302619934,0,12.566615444022418,-1,4.55302619934,0.0,1,0.0,7,7623.21789479876,SAT,,4.573,
62,15,57,4.98376488686,0,6.647680968391896,-1,4.98376488686,0.0,1,0.0,7,7628.20165968562,SAT,,5.018,
63,11,3,5.55544996262,0,2000.0,-1,5.55544996262,0.0,2,0.0,8,7633.75710964824,UNSAT,,5.589,
64,16,38,3.44804787636,0,6.2776681858778005,-1,3.44804787636,0.0,1,0.0,8,7637.2051575246,SAT,,3.474,
65,16,3,4.28157997131,0,2000.0,-1,4.28157997131,0.0,2,0.0,8,7641.486737495909,UNSAT,,4.321,
66,16,11,1414.38488102,0,2000.0,-1,1414.38488102,0.0,2,0.0,8,9055.87161851591,UNSAT,,1414.43,
67,16,49,16.9723289013,0,534.7014470848918,-1,16.9723289013,0.0,1,0.0,8,9072.84394741721,SAT,,16.995,
68,16,5,4.85840177536,0,512.6374187770963,-1,4.85840177536,0.0,2,0.0,8,9077.70234919257,UNSAT,,4.903,
69,16,57,4.35345411301,0,506.3214966919005,-1,4.35345411301,0.0,1,0.0,8,9082.05580330558,SAT,,4.398,
70,16,117,6.07286000252,0,500.6620060544193,-1,6.07286000252,0.0,1,0.0,8,9088.1286633081,SAT,,6.108,
71,16,13,5.02921104431,0,614.9270078059018,-1,5.02921104431,0.0,2,0.0,8,9093.15787435241,UNSAT,,5.062,
72,16,69,29.4786090851,0,608.3890337388694,-1,29.4786090851,0.0,2,0.0,8,9122.636483437509,UNSAT,,29.509,
73,16,31,4.36851787567,0,570.0668425190926,-1,4.36851787567,0.0,2,0.0,8,9127.005001313179,UNSAT,,4.398,
74,16,100,4.98022508621,0,564.3877684961736,-1,4.98022508621,0.0,2,0.0,8,9131.985226399389,UNSAT,,5.008,
75,16,111,4.18546199799,0,557.9134758453548,-1,4.18546199799,0.0,1,0.0,8,9136.170688397378,SAT,,4.304,
76,16,15,5.09438991547,0,552.4723759744048,-1,5.09438991547,0.0,2,0.0,8,9141.265078312848,UNSAT,,5.123,
77,16,30,393.224070072,0,545.8496685031533,-1,393.224070072,0.0,2,0.0,8,9534.489148384848,UNSAT,,393.247,
78,16,4,11.9436368942,0,34.658377699899674,-1,11.9436368942,0.0,2,0.0,8,9546.432785279048,UNSAT,,11.976,
79,16,74,5.12116193771,0,28.512160934853558,-1,5.12116193771,0.0,2,0.0,8,9551.553947216758,UNSAT,,5.154,
80,16,93,84.9840209484,0,2000.0,-1,84.9840209484,0.0,1,0.0,8,9636.537968165158,SAT,,85.056,
81,17,69,4.24598789215,0,39.324792743074894,-1,4.24598789215,0.0,2,0.0,8,9640.783956057308,UNSAT,,4.274,
82,17,15,5.66723513603,0,45.99636847932935,-1,5.66723513603,0.0,2,0.0,8,9646.451191193339,UNSAT,,5.707,
83,17,3,5.32768821716,0,38.628963277089596,-1,5.32768821716,0.0,2,0.0,8,9651.778879410498,UNSAT,,5.362,
84,17,49,4.23347091675,0,683.33743204211,-1,4.23347091675,0.0,1,0.0,8,9656.012350327248,SAT,,4.278,
85,17,93,5.9919090271,0,677.8339207995415,-1,5.9919090271,0.0,1,0.0,8,9662.004259354348,SAT,,6.033,
86,17,30,41.1445891857,0,670.0444382507086,-1,41.1445891857,0.0,2,0.0,8,9703.148848540048,UNSAT,,41.171,
87,17,117,4.31716489792,0,616.5564725998521,-1,4.31716489792,0.0,1,0.0,8,9707.466013437968,SAT,,4.352,
88,17,111,4.77940106392,0,2000.0,-1,4.77940106392,0.0,1,0.0,8,9712.24541450189,SAT,,4.823,
89,17,57,4.30647110939,0,2000.0,-1,4.30647110939,0.0,1,0.0,8,9716.55188561128,SAT,,4.351,
90,17,74,9.85704994202,0,2000.0,-1,9.85704994202,0.0,2,0.0,8,9726.4089355533,UNSAT,,9.899,
91,17,11,1802.66417599,0,2000.0,-1,1802.66417599,0.0,2,0.0,8,11529.0731115433,UNSAT,,1802.685,
92,17,13,6.19082689285,0,133.38347579200865,-1,6.19082689285,0.0,2,0.0,8,11535.263938436148,UNSAT,,6.231,
93,17,5,7.4999859333,0,125.33540054072739,-1,7.4999859333,0.0,2,0.0,8,11542.763924369448,UNSAT,,7.524,
94,17,4,11.4171159267,0,115.5854183140874,-1,11.4171159267,0.0,2,0.0,8,11554.18104029615,UNSAT,,11.439,
95,17,31,5.124781847,0,100.74316746403576,-1,5.124781847,0.0,2,0.0,8,11559.30582214315,UNSAT,,5.151,
96,17,38,4.46665620804,0,105.04030705277921,-1,4.46665620804,0.0,1,0.0,8,11563.77247835119,SAT,,4.505,
97,17,100,7.06942415237,0,99.23365347867013,-1,7.06942415237,0.0,2,0.0,8,11570.84190250356,UNSAT,,7.091,
98,17,108,4.92093896866,0,2000.0,-1,4.92093896866,0.0,1,0.0,9,11575.76284147222,SAT,,4.98,
99,18,30,2000.0,0,54.490565963435174,-1,545.59925,0.0,-1,1.0E9,9,12121.36209147222,CRASHED,Run Exceeded Captime -- Treating as CRASHED;Killed Manually,574.315,
100,17,41,5.69299602509,0,2000.0,-1,5.69299602509,0.0,1,0.0,9,12127.05508749731,SAT,,5.736,
101,19,31,5.59220385551,0,7.664817188280821,-1,5.59220385551,0.0,2,0.0,9,12132.647291352821,UNSAT,,5.659,
102,17,20,4.99203395844,0,2000.0,-1,4.99203395844,0.0,2,0.0,10,12137.639325311262,UNSAT,,5.029,
103,20,108,4.68319416046,0,7.39982099120617,-1,4.68319416046,0.0,1,0.0,10,12142.322519471722,SAT,,4.703,
104,20,117,5.30829811096,0,21.768834337937832,-1,5.30829811096,0.0,1,0.0,10,12147.630817582682,SAT,,5.325,
105,20,4,2000.0,0,14.868046425628663,-1,149.25925,0.0,-1,1.0E9,10,12296.89006758268,CRASHED,Run Exceeded Captime -- Treating as CRASHED;Killed Manually,157.115,
106,17,62,4.6634888649,0,2000.0,-1,4.6634888649,0.0,1,0.0,10,12301.553556447581,SAT,,4.688,
107,21,117,5.06453585625,0,6.6149152707040315,-1,5.06453585625,0.0,1,0.0,10,12306.618092303832,SAT,,5.11,
108,17,21,11.1680529118,0,2000.0,-1,11.1680529118,0.0,2,0.0,11,12317.786145215632,UNSAT,,11.208,
109,22,93,2000.0,0,8.792082861411572,-1,88.89719999999998,0.0,-1,1.0E9,11,12406.683345215632,CRASHED,Run Exceeded Captime -- Treating as CRASHED;Killed Manually,93.576,
110,17,43,4.16085314751,0,2000.0,-1,4.16085314751,0.0,1,0.0,11,12410.844198363142,SAT,,4.2,
111,23,31,6.223072052,0,7.664817188280821,-1,6.223072052,0.0,2,0.0,11,12417.067270415142,UNSAT,,6.262,
112,17,127,4.92260503769,0,2000.0,-1,4.92260503769,0.0,1,0.0,12,12421.989875452831,SAT,,4.956,
113,24,15,5.9755589962,0,8.370006725537777,-1,5.9755589962,0.0,2,0.0,12,12427.965434449032,UNSAT,,6.03,
114,17,19,6.62791609764,0,2000.0,-1,6.62791609764,0.0,2,0.0,12,12434.593350546671,UNSAT,,6.66,
115,25,49,20.3820259571,0,6.5061127658665185,-1,20.3820259571,0.0,1,0.0,12,12454.975376503771,SAT,,20.408,
116,17,29,9.34542179108,0,2000.0,-1,9.34542179108,0.0,2,0.0,13,12464.320798294852,UNSAT,,9.375,
117,24,20,5.02139997482,0,7.092723239558936,-1,5.02139997482,0.0,2,0.0,13,12469.342198269671,UNSAT,,5.063,
118,17,134,8.18187713623,0,2000.0,-1,8.18187713623,0.0,2,0.0,13,12477.524075405901,UNSAT,,8.213,
119,26,127,6.04863214493,0,7.401986968117953,-1,6.04863214493,0.0,1,0.0,13,12483.572707550831,SAT,,6.086,
120,17,103,8.92511987686,0,2000.0,-1,8.92511987686,0.0,1,0.0,14,12492.497827427691,SAT,,8.963,
121,24,43,3.84690380096,0,5.975312821912765,-1,3.84690380096,0.0,1,0.0,14,12496.344731228652,SAT,,3.872,
122,17,119,5.11604905128,0,2000.0,-1,5.11604905128,0.0,1,0.0,14,12501.460780279931,SAT,,5.151,
123,27,13,6.37632799149,0,9.05067556385994,-1,6.37632799149,0.0,2,0.0,14,12507.83710827142,UNSAT,,6.423,
124,17,52,5.17972207069,0,2000.0,-1,5.17972207069,0.0,1,0.0,15,12513.01683034211,SAT,,5.225,
125,24,38,4.32678294182,0,6.782291166830063,-1,4.32678294182,0.0,1,0.0,15,12517.34361328393,SAT,,4.357,
126,24,13,5.32536911964,0,23.72661716153026,-1,5.32536911964,0.0,2,0.0,15,12522.668982403571,UNSAT,,5.366,
127,24,21,5.66898322105,0,16.803636763590575,-1,5.66898322105,0.0,2,0.0,15,12528.337965624622,UNSAT,,5.713,
128,24,103,2000.0,0,38.7159752551198,-1,387.7843,0.0,-1,1.0E9,15,12916.122265624621,CRASHED,Run Exceeded Captime -- Treating as CRASHED;Killed Manually,408.194,
129,17,65,1638.80634809,0,2000.0,-1,1638.80634809,0.0,2,0.0,15,14554.928613714621,UNSAT,,1638.835,
130,28,29,9.20440220833,0,13.151648350405694,-1,9.20440220833,0.0,2,0.0,15,14564.133015922951,UNSAT,,9.338,
131,28,62,4.70961904526,0,60.739027977335454,-1,4.70961904526,0.0,1,0.0,15,14568.84263496821,SAT,,4.752,
132,28,30,38.1489510536,0,54.61652315070033,-1,38.1489510536,0.0,2,0.0,15,14606.99158602181,UNSAT,,38.181,
133,28,13,4.99467802048,0,40.63268563558459,-1,4.99467802048,0.0,2,0.0,15,14611.986264042289,UNSAT,,5.029,
134,28,5,7.03050279617,0,34.139603831219674,-1,7.03050279617,0.0,2,0.0,15,14619.016766838458,UNSAT,,7.062,
135,28,19,5.75092506409,0,24.99995007027984,-1,5.75092506409,0.0,2,0.0,15,14624.767691902549,UNSAT,,5.797,
136,28,100,5.79872107506,0,17.52374720607996,-1,5.79872107506,0.0,2,0.0,15,14630.566412977609,UNSAT,,5.832,
137,28,103,8.82241415977,0,2000.0,-1,8.82241415977,0.0,1,0.0,15,14639.388827137378,SAT,,8.873,
138,28,20,4.97089290619,0,2000.0,-1,4.97089290619,0.0,2,0.0,15,14644.359720043569,UNSAT,,4.999,
139,28,41,5.63867592812,0,2000.0,-1,5.63867592812,0.0,1,0.0,15,14649.998395971688,SAT,,5.68,
140,28,31,5.43073892593,0,2000.0,-1,5.43073892593,0.0,2,0.0,15,14655.429134897618,UNSAT,,5.476,
141,28,11,1802.643924,0,2000.0,-1,1802.643924,0.0,2,0.0,15,16458.07305889762,UNSAT,,1802.668,
142,28,4,11.9700660706,0,2000.0,-1,11.9700660706,0.0,2,0.0,15,16470.04312496822,UNSAT,,12.061,
143,28,65,20.0773758888,0,2000.0,-1,20.0773758888,0.0,2,0.0,15,16490.120500857018,UNSAT,,20.12,
144,28,52,5.18554902077,0,2000.0,-1,5.18554902077,0.0,1,0.0,15,16495.30604987779,SAT,,5.283,
145,28,3,6.29692411423,0,2000.0,-1,6.29692411423,0.0,2,0.0,15,16501.60297399202,UNSAT,,6.333,
146,28,111,5.37940883636,0,2000.0,-1,5.37940883636,0.0,1,0.0,15,16506.98238282838,SAT,,5.402,
147,28,43,3.85510182381,0,2000.0,-1,3.85510182381,0.0,1,0.0,15,16510.83748465219,SAT,,3.895,
148,28,57,4.93268895149,0,2000.0,-1,4.93268895149,0.0,1,0.0,15,16515.77017360368,SAT,,4.95,
149,28,108,5.07422494888,0,2000.0,-1,5.07422494888,0.0,1,0.0,15,16520.84439855256,SAT,,5.104,
150,28,15,7.30763888359,0,2000.0,-1,7.30763888359,0.0,2,0.0,15,16528.15203743615,UNSAT,,7.353,
151,28,49,5.2082259655,0,2000.0,-1,5.2082259655,0.0,1,0.0,15,16533.36026340165,SAT,,5.237,
152,28,93,6.75124406815,0,2000.0,-1,6.75124406815,0.0,1,0.0,15,16540.1115074698,SAT,,6.786,
153,28,117,4.46544003487,0,2000.0,-1,4.46544003487,0.0,1,0.0,15,16544.57694750467,SAT,,4.498,
154,28,21,9.87631082535,0,2000.0,-1,9.87631082535,0.0,2,0.0,15,16554.45325833002,UNSAT,,9.899,
155,28,127,5.17293596268,0,2000.0,-1,5.17293596268,0.0,1,0.0,15,16559.6261942927,SAT,,5.224,
156,28,74,8.93518090248,0,2000.0,-1,8.93518090248,0.0,2,0.0,15,16568.561375195182,UNSAT,,8.975,
157,28,134,8.11395907402,0,2000.0,-1,8.11395907402,0.0,2,0.0,15,16576.675334269203,UNSAT,,8.154,
158,28,38,4.46408081055,0,2000.0,-1,4.46408081055,0.0,1,0.0,15,16581.139415079753,SAT,,4.497,
159,28,119,4.6592669487,0,2000.0,-1,4.6592669487,0.0,1,0.0,15,16585.798682028453,SAT,,4.686,
160,28,69,4.18718194962,0,2000.0,-1,4.18718194962,0.0,2,0.0,15,16589.985863978072,UNSAT,,4.232,
161,28,130,5.1294670105,0,2000.0,-1,5.1294670105,0.0,1,0.0,16,16595.115330988574,SAT,,5.241,
162,29,13,6.24904894829,0,7.495682116943598,-1,6.24904894829,0.0,2,0.0,16,16601.364379936866,UNSAT,,6.294,
163,28,66,203.798667908,0,2000.0,-1,203.798667908,0.0,2,0.0,16,16805.163047844864,UNSAT,,203.857,
164,30,41,25.8859741688,0,8.332878806042672,-1,25.8859741688,0.0,1,0.0,16,16831.049022013663,SAT,,25.928,
