Run Number,Run History Configuration ID,Instance ID,Response Value (y),Censored?,Cutoff Time Used,Seed,Runtime,Run Length,Run Result Code,Run Quality,SMAC Iteration,SMAC Cumulative Runtime,Run Result,Additional Algorithm Run Data,Wall Clock Time,
1,1,79,5.21927905083,0,2000.0,-1,5.21927905083,0.0,2,0.0,0,5.21927905083,UNSAT,,5.331,
2,1,21,10.0834219456,0,2000.0,-1,10.0834219456,0.0,2,0.0,1,15.30270099643,UNSAT,,10.115,
3,2,79,4.45643806458,0,7.787662826824189,-1,4.45643806458,0.0,2,0.0,1,19.75913906101,UNSAT,,4.488,
4,2,21,2000.0,0,15.10404226218462,-1,151.658,0.0,-1,1.0E9,1,171.41713906100998,CRASHED,Run Exceeded Captime -- Treating as CRASHED;Killed Manually,159.64,
5,1,111,4.33766007423,0,2000.0,-1,4.33766007423,0.0,1,0.0,1,175.75479913523998,SAT,,4.377,
6,3,21,5.99239492416,0,14.111048996794224,-1,5.99239492416,0.0,2,0.0,1,181.7471940594,UNSAT,,6.034,
7,3,111,4.39974999428,0,18.747556850659848,-1,4.39974999428,0.0,1,0.0,1,186.14694405368,SAT,,4.427,
8,3,79,4.94481682777,0,13.027881354439259,-1,4.94481682777,0.0,2,0.0,1,191.09176088145,UNSAT,,4.984,
9,3,47,4.53778290749,0,2000.0,-1,4.53778290749,0.0,1,0.0,2,195.62954378894,SAT,,4.581,
10,4,47,17.5419681072,0,6.901718944656849,-1,17.5419681072,0.0,1,0.0,2,213.17151189614,SAT,,17.572,
11,3,97,5.03795003891,0,2000.0,-1,5.03795003891,0.0,1,0.0,2,218.20946193505,SAT,,5.076,
12,5,79,5.43258309364,0,7.430862624543906,-1,5.43258309364,0.0,2,0.0,2,223.64204502869,UNSAT,,5.463,
13,3,44,6.75995206833,0,2000.0,-1,6.75995206833,0.0,1,0.0,3,230.40199709702,SAT,,6.801,
14,6,97,4.12098884583,0,7.551935769963265,-1,4.12098884583,0.0,1,0.0,3,234.52298594285,SAT,,4.15,
15,6,111,4.52673697472,0,15.707038611519337,-1,4.52673697472,0.0,1,0.0,3,239.04972291757,SAT,,4.552,
16,6,21,8.73616814613,0,9.822280321615935,-1,8.73616814613,0.0,2,0.0,3,247.7858910637,UNSAT,,8.764,
17,3,92,6.99358201027,0,2000.0,-1,6.99358201027,0.0,1,0.0,3,254.77947307397,SAT,,7.047,
18,7,111,5.47124099731,0,6.722275808799267,-1,5.47124099731,0.0,1,0.0,3,260.25071407128,SAT,,5.506,
19,3,86,15.5489020348,0,2000.0,-1,15.5489020348,0.0,1,0.0,4,275.79961610608,SAT,,15.596,
20,8,92,4.63552594185,0,10.09425752644539,-1,4.63552594185,0.0,1,0.0,4,280.43514204793,SAT,,4.679,
21,8,97,4.64385390282,0,19.40794613991976,-1,4.64385390282,0.0,1,0.0,4,285.07899595075,SAT,,4.677,
22,8,44,5.68351197243,0,13.37093625997305,-1,5.68351197243,0.0,1,0.0,4,290.76250792318,SAT,,5.709,
23,8,47,6.43496203423,0,31.82473870773912,-1,6.43496203423,0.0,1,0.0,4,297.19746995741,SAT,,6.459,
24,8,21,2000.0,0,23.45928790827394,-1,235.34255,0.0,-1,1.0E9,4,532.54001995741,CRASHED,Run Exceeded Captime -- Treating as CRASHED;Killed Manually,247.729,
25,3,1,5.15736794472,0,2000.0,-1,5.15736794472,0.0,2,0.0,4,537.69738790213,UNSAT,,5.18,
26,9,92,5.22935390472,0,10.09425752644539,-1,5.22935390472,0.0,1,0.0,4,542.92674180685,SAT,,5.257,
27,9,97,4.71535110474,0,16.276294634091855,-1,4.71535110474,0.0,1,0.0,4,547.64209291159,SAT,,4.752,
28,9,79,4.58738803864,0,10.146337829875947,-1,4.58738803864,0.0,2,0.0,4,552.22948095023,UNSAT,,4.625,
29,9,21,6.08558607101,0,44.795315515595675,-1,6.08558607101,0.0,2,0.0,4,558.31506702124,UNSAT,,6.131,
30,9,1,5.47503995895,0,36.88405397196412,-1,5.47503995895,0.0,2,0.0,4,563.79010698019,UNSAT,,5.502,
31,9,86,14.2699139118,0,29.766501289206747,-1,14.2699139118,0.0,1,0.0,4,578.06002089199,SAT,,14.295,
32,9,47,5.48408579826,0,11.215613678443432,-1,5.48408579826,0.0,1,0.0,4,583.54410669025,SAT,,5.504,
33,9,111,4.88099598885,0,18.596514769244195,-1,4.88099598885,0.0,1,0.0,4,588.4251026791001,SAT,,4.908,
34,9,44,6.39996314049,0,12.251219421970845,-1,6.39996314049,0.0,1,0.0,4,594.82506581959,SAT,,6.43,
35,9,90,4.94041800499,0,2000.0,-1,4.94041800499,0.0,1,0.0,5,599.76548382458,SAT,,4.986,
36,10,97,4.6037569046,0,7.132557116794587,-1,4.6037569046,0.0,1,0.0,5,604.36924072918,SAT,,4.654,
37,10,86,4.72012996674,0,28.021113749939207,-1,4.72012996674,0.0,1,0.0,5,609.08937069592,SAT,,4.75,
38,10,44,5.34459805489,0,21.88494474475384,-1,5.34459805489,0.0,1,0.0,5,614.43396875081,SAT,,5.381,
39,10,21,404.877582073,0,43.063896045434475,-1,404.877582073,0.0,2,0.0,5,1019.31155082381,UNSAT,,404.927,
40,9,12,5.58605790138,0,2000.0,-1,5.58605790138,0.0,2,0.0,5,1024.89760872519,UNSAT,,5.634,
41,11,90,4.6066031456,0,7.425144397068024,-1,4.6066031456,0.0,1,0.0,5,1029.50421187079,SAT,,4.659,
42,11,97,4.86612510681,0,14.686668560254574,-1,4.86612510681,0.0,1,0.0,5,1034.3703369776,SAT,,4.904,
43,11,1,5.43602705002,0,8.360705979514123,-1,5.43602705002,0.0,2,0.0,5,1039.8063640276198,UNSAT,,5.482,
44,11,92,5.89443397522,0,40.12272459303141,-1,5.89443397522,0.0,1,0.0,5,1045.7007980028397,SAT,,5.932,
45,11,47,5.00525712967,0,32.459960773932934,-1,5.00525712967,0.0,1,0.0,5,1050.7060551325098,SAT,,5.039,
46,11,86,11.5719251633,0,25.953126408505444,-1,11.5719251633,0.0,1,0.0,5,1062.2779802958098,SAT,,11.607,
47,11,111,4.61196398735,0,10.909623734998704,-1,4.61196398735,0.0,1,0.0,5,1066.8899442831598,SAT,,4.652,
48,11,21,5.89073085785,0,34.37596409429908,-1,5.89073085785,0.0,2,0.0,5,1072.7806751410099,UNSAT,,5.915,
49,11,79,4.71856999397,0,26.718014095324282,-1,4.71856999397,0.0,2,0.0,5,1077.49924513498,UNSAT,,4.75,
50,11,12,5.62810397148,0,20.583873045045138,-1,5.62810397148,0.0,2,0.0,5,1083.1273491064599,UNSAT,,5.659,
51,11,44,6.22011709213,0,13.26733863760829,-1,6.22011709213,0.0,1,0.0,5,1089.34746619859,SAT,,6.257,
52,11,109,99.9457230568,0,2000.0,-1,99.9457230568,0.0,1,0.0,6,1189.29318925539,SAT,,99.981,
53,12,1,5.67720007896,0,8.069435961890221,-1,5.67720007896,0.0,2,0.0,6,1194.9703893343499,UNSAT,,5.707,
54,11,122,6.08348083496,0,2000.0,-1,6.08348083496,0.0,1,0.0,6,1201.05387016931,SAT,,6.136,
55,13,44,5.73460292816,0,9.088752687323094,-1,5.73460292816,0.0,1,0.0,6,1206.78847309747,SAT,,5.764,
56,13,97,5.19852519035,0,15.029166534888745,-1,5.19852519035,0.0,1,0.0,6,1211.98699828782,SAT,,5.233,
57,13,1,5.11946296692,0,8.271083690571785,-1,5.11946296692,0.0,2,0.0,6,1217.10646125474,UNSAT,,5.159,
58,13,21,6.09826087952,0,160.75870952417256,-1,6.09826087952,0.0,2,0.0,6,1223.20472213426,UNSAT,,6.135,
59,13,86,12.8401198387,0,152.83097009022833,-1,12.8401198387,0.0,1,0.0,6,1236.04484197296,SAT,,12.872,
60,13,47,6.16924095154,0,136.13881393184067,-1,6.16924095154,0.0,1,0.0,6,1242.2140829245,SAT,,6.204,
61,13,109,97.5467870235,0,128.11880073358418,-1,97.5467870235,0.0,1,0.0,6,1339.760869948,SAT,,97.582,
62,13,90,4.63746118546,0,42.321881268519164,-1,4.63746118546,0.0,1,0.0,6,1344.39833113346,SAT,,4.674,
63,13,79,4.75726604462,0,36.29318055545092,-1,4.75726604462,0.0,2,0.0,6,1349.1555971780801,UNSAT,,4.784,
64,13,111,4.31266689301,0,30.108735327023272,-1,4.31266689301,0.0,1,0.0,6,1353.46826407109,SAT,,4.362,
65,13,92,4.56965303421,0,24.50226814334393,-1,4.56965303421,0.0,1,0.0,6,1358.0379171053,SAT,,4.603,
66,13,122,4.7600569725,0,18.561719905930758,-1,4.7600569725,0.0,1,0.0,6,1362.7979740778,SAT,,4.801,
67,13,12,5.64663505554,0,12.373644940900803,-1,5.64663505554,0.0,2,0.0,6,1368.44460913334,UNSAT,,5.684,
68,13,91,4.65136098862,0,2000.0,-1,4.65136098862,0.0,1,0.0,7,1373.09597012196,SAT,,4.704,
69,14,86,5.07039904594,0,17.69475647096634,-1,5.07039904594,0.0,1,0.0,7,1378.1663691678998,SAT,,5.103,
70,14,122,5.30454301834,0,24.748895306485895,-1,5.30454301834,0.0,1,0.0,7,1383.4709121862397,SAT,,5.329,
71,14,44,5.44115781784,0,17.852989014583827,-1,5.44115781784,0.0,1,0.0,7,1388.9120700040796,SAT,,5.483,
72,14,79,5.68126106262,0,38.52334980701208,-1,5.68126106262,0.0,2,0.0,7,1394.5933310666996,UNSAT,,5.707,
73,14,47,36.6219520569,0,31.137709960687165,-1,36.6219520569,0.0,1,0.0,7,1431.2152831235996,SAT,,36.658,
74,13,95,4.16189599037,0,2000.0,-1,4.16189599037,0.0,1,0.0,7,1435.3771791139698,SAT,,4.207,
75,15,1,8.21650314331,0,7.657902770090104,-1,8.21650314331,0.0,2,0.0,7,1443.5936822572799,UNSAT,,8.248,
76,13,66,401.20678401,0,2000.0,-1,401.20678401,0.0,2,0.0,8,1844.8004662672797,UNSAT,,401.255,
77,16,92,4.36275196075,0,6.943149760711194,-1,4.36275196075,0.0,1,0.0,8,1849.1632182280298,SAT,,4.423,
78,16,86,5.0284268856,0,539.535147220242,-1,5.0284268856,0.0,1,0.0,8,1854.1916451136299,SAT,,5.054,
79,16,66,279.504107952,0,532.9981925788999,-1,279.504107952,0.0,2,0.0,8,2133.69575306563,UNSAT,,279.557,
80,16,95,4.57043814659,0,314.65612239052655,-1,4.57043814659,0.0,1,0.0,8,2138.26619121222,SAT,,4.671,
81,16,109,1801.871521,0,308.7145523059845,-1,1801.871521,0.0,1,0.0,8,3940.13771221222,SAT,,1801.92,
82,13,83,395.021634817,0,2000.0,-1,395.021634817,0.0,1,0.0,8,4335.15934702922,SAT,,395.048,
83,17,86,19.589094162,0,17.69475647096634,-1,19.589094162,0.0,1,0.0,8,4354.74844119122,SAT,,19.668,
