Run Number,Run History Configuration ID,Instance ID,Response Value (y),Censored?,Cutoff Time Used,Seed,Runtime,Run Length,Run Result Code,Run Quality,SMAC Iteration,SMAC Cumulative Runtime,Run Result,Additional Algorithm Run Data,Wall Clock Time,
1,1,30,1272.9089911,0,2000.0,-1,1272.9089911,0.0,2,0.0,0,1272.9089911,UNSAT,,1273.139,
2,1,116,58.5456521511,0,2000.0,-1,58.5456521511,0.0,2,0.0,1,1331.4546432511002,UNSAT,,58.623,
3,2,116,347.163292885,0,77.1119489226222,-1,347.163292885,0.0,2,0.0,1,1678.6179361361,UNSAT,,347.207,
4,1,257,13.8651440144,0,2000.0,-1,13.8651440144,0.0,2,0.0,1,1692.4830801505,UNSAT,,13.997,
5,3,116,2000.0,0,77.1119489226222,-1,771.8512499999999,0.0,-1,1.0E9,1,2464.3343301505,CRASHED,Run Exceeded Captime -- Treating as CRASHED;Killed Manually,812.475,
6,1,225,162.258651018,0,2000.0,-1,162.258651018,0.0,1,0.0,2,2626.5929811685,SAT,,162.447,
7,4,116,78.2549169064,0,77.1119489226222,-1,78.2549169064,0.0,2,0.0,2,2704.8478980749,UNSAT,,78.305,
8,1,210,11.7440071106,0,2000.0,-1,11.7440071106,0.0,1,0.0,2,2716.5919051855,SAT,,11.876,
9,5,210,2000.0,0,16.269810021269322,-1,163.4247,0.0,-1,1.0E9,2,2880.0166051855,CRASHED,Run Exceeded Captime -- Treating as CRASHED;Killed Manually,172.026,
10,1,23,151.94646287,0,2000.0,-1,151.94646287,0.0,2,0.0,3,3031.9630680555,UNSAT,,152.203,
11,6,30,287.82586503,0,1655.7842888761045,-1,287.82586503,0.0,2,0.0,3,3319.7889330855,UNSAT,,287.875,
12,6,225,1802.3222971,0,1568.6588591787697,-1,1802.3222971,0.0,1,0.0,3,5122.1112301855,SAT,,1802.359,
13,1,56,1592.6952498,0,2000.0,-1,1592.6952498,0.0,1,0.0,3,6714.8064799855,SAT,,1592.742,
14,7,23,22.8560600281,0,198.533001810658,-1,22.8560600281,0.0,2,0.0,3,6737.6625400136,UNSAT,,22.91,
15,7,56,1801.61447001,0,2000.0,-1,1801.61447001,0.0,1,0.0,3,8539.2770100236,SAT,,1801.648,
16,1,219,24.8305749893,0,2000.0,-1,24.8305749893,0.0,1,0.0,4,8564.1075850129,SAT,,24.941,
17,8,257,2000.0,0,19.02728750218749,-1,191.01364999999998,0.0,-1,1.0E9,4,8755.1212350129,CRASHED,Run Exceeded Captime -- Treating as CRASHED;Killed Manually,201.067,
18,1,199,11.3086340427,0,2000.0,-1,11.3086340427,0.0,1,0.0,4,8766.4298690556,SAT,,11.344,
19,9,257,2000.0,0,19.02728750218749,-1,190.88445000000002,0.0,-1,1.0E9,4,8957.3143190556,CRASHED,Run Exceeded Captime -- Treating as CRASHED;Killed Manually,200.931,
20,1,16,1802.69399905,0,2000.0,-1,1802.69399905,0.0,2,0.0,5,10760.0083181056,UNSAT,,1802.725,
21,10,210,10.104585886,0,16.269810021269322,-1,10.104585886,0.0,1,0.0,5,10770.1129039916,SAT,,10.156,
22,10,116,68.7189118862,0,2000.0,-1,68.7189118862,0.0,2,0.0,5,10838.8318158778,UNSAT,,68.765,
23,10,16,1248.66818309,0,2000.0,-1,1248.66818309,0.0,2,0.0,5,12087.4999989678,UNSAT,,1248.693,
24,10,56,1803.21707416,0,2000.0,-1,1803.21707416,0.0,1,0.0,5,13890.7170731278,SAT,,1803.33,
25,10,199,9.27254986763,0,666.7279123220325,-1,9.27254986763,0.0,1,0.0,5,13899.98962299543,SAT,,9.298,
26,10,257,15.1283328533,0,654.6735982302308,-1,15.1283328533,0.0,2,0.0,5,13915.117955848731,UNSAT,,15.173,
27,10,23,121.230835915,0,635.0067651722312,-1,121.230835915,0.0,2,0.0,5,14036.34879176373,UNSAT,,121.265,
28,10,219,22.1989309788,0,2000.0,-1,22.1989309788,0.0,1,0.0,5,14058.54772274253,SAT,,22.248,
29,10,225,167.935053825,0,2000.0,-1,167.935053825,0.0,1,0.0,5,14226.48277656753,SAT,,167.975,
30,10,30,1179.18036294,0,2000.0,-1,1179.18036294,0.0,2,0.0,5,15405.663139507531,UNSAT,,1179.252,
31,10,55,1003.21515799,0,2000.0,-1,1003.21515799,0.0,1,0.0,5,16408.87829749753,SAT,,1003.303,
32,11,56,1802.68434811,0,2000.0,-1,1802.68434811,0.0,1,0.0,5,18211.56264560753,SAT,,1802.749,
33,11,55,1160.46640611,0,2000.0,-1,1160.46640611,0.0,1,0.0,5,19372.02905171753,SAT,,1160.511,
34,11,30,1525.13387704,0,1330.2055940855025,-1,1525.13387704,0.0,2,0.0,5,20897.16292875753,UNSAT,,1525.189,
35,10,154,218.440516949,0,2000.0,-1,218.440516949,0.0,2,0.0,6,21115.60344570653,UNSAT,,218.512,
36,12,225,3.50576090813,0,219.31817027588488,-1,3.50576090813,0.0,1,0.0,6,21119.10920661466,SAT,,3.563,
37,12,30,180.057495832,0,1760.8337150778354,-1,180.057495832,0.0,2,0.0,6,21299.16670244666,UNSAT,,180.097,
38,12,210,1801.70438504,0,1526.7589704956592,-1,1801.70438504,0.0,1,0.0,6,23100.87108748666,SAT,,1801.75,
39,10,147,153.172024012,0,2000.0,-1,153.172024012,0.0,2,0.0,6,23254.04311149866,UNSAT,,153.253,
40,13,225,3.11738705635,0,219.31817027588488,-1,3.11738705635,0.0,1,0.0,6,23257.16049855501,SAT,,3.152,
41,13,16,1802.18356705,0,2000.0,-1,1802.18356705,0.0,2,0.0,6,25059.34406560501,UNSAT,,1802.206,
42,13,30,54.9696500301,0,1028.632640548396,-1,54.9696500301,0.0,2,0.0,6,25114.31371563511,UNSAT,,55.022,
43,13,55,1275.66160917,0,2000.0,-1,1275.66160917,0.0,1,0.0,6,26389.975324805113,SAT,,1275.769,
44,13,199,152.212188959,0,918.6907277334213,-1,152.212188959,0.0,1,0.0,6,26542.187513764115,SAT,,152.274,
45,13,257,1801.65907192,0,720.8148825805366,-1,1801.65907192,0.0,2,0.0,6,28343.846585684114,UNSAT,,1801.683,
46,10,82,30.3524999619,0,2000.0,-1,30.3524999619,0.0,2,0.0,7,28374.199085646014,UNSAT,,30.506,
47,14,116,379.823690176,0,90.33718601648809,-1,379.823690176,0.0,2,0.0,7,28754.022775822014,UNSAT,,379.892,
48,10,236,77.5491540432,0,2000.0,-1,77.5491540432,0.0,1,0.0,7,28831.571929865215,SAT,,77.583,
49,15,82,30.8275249004,0,40.46085066010356,-1,30.8275249004,0.0,2,0.0,7,28862.399454765615,UNSAT,,30.859,
50,10,233,263.311173201,0,2000.0,-1,263.311173201,0.0,1,0.0,8,29125.710627966615,SAT,,263.344,
51,14,16,1802.50696898,0,1219.836326398301,-1,1802.50696898,0.0,2,0.0,8,30928.217596946615,UNSAT,,1802.563,
52,10,32,1666.78043389,0,2000.0,-1,1666.78043389,0.0,2,0.0,8,32594.998030836614,UNSAT,,1666.853,
53,16,219,259.191993952,0,29.86121102084518,-1,259.191993952,0.0,1,0.0,8,32854.190024788615,SAT,,259.366,
54,10,104,14.4592218399,0,2000.0,-1,14.4592218399,0.0,2,0.0,9,32868.64924662851,UNSAT,,14.504,
55,17,225,3.57840204239,0,219.31817027588488,-1,3.57840204239,0.0,1,0.0,9,32872.2276486709,SAT,,3.622,
56,17,82,154.869575977,0,2000.0,-1,154.869575977,0.0,2,0.0,9,33027.0972246479,UNSAT,,154.915,
57,17,56,1781.23880386,0,2000.0,-1,1781.23880386,0.0,1,0.0,9,34808.336028507896,SAT,,1781.273,
58,17,32,1802.09309006,0,2000.0,-1,1802.09309006,0.0,2,0.0,9,36610.429118567896,UNSAT,,1802.116,
59,17,219,273.996340036,0,1841.5670672323288,-1,273.996340036,0.0,1,0.0,9,36884.425458603895,SAT,,274.045,
60,17,16,1802.42369008,0,1485.3718262988807,-1,1802.42369008,0.0,2,0.0,9,38686.8491486839,UNSAT,,1802.449,
61,10,75,25.7002570629,0,2000.0,-1,25.7002570629,0.0,2,0.0,9,38712.549405746795,UNSAT,,25.747,
62,18,30,526.757380962,0,1533.9370724636794,-1,526.757380962,0.0,2,0.0,9,39239.306786708796,UNSAT,,526.81,
63,18,23,5.80189299583,0,1040.1654978174447,-1,5.80189299583,0.0,2,0.0,9,39245.10867970462,UNSAT,,5.83,
64,18,75,1801.7805109,0,1032.623037126261,-1,1801.7805109,0.0,2,0.0,9,41046.88919060462,UNSAT,,1801.82,
65,10,97,141.881247044,0,2000.0,-1,141.881247044,0.0,2,0.0,10,41188.77043764862,UNSAT,,141.925,
66,19,257,15.3371369839,0,20.66943337057829,-1,15.3371369839,0.0,2,0.0,10,41204.10757463252,UNSAT,,15.518,
67,10,21,498.150478125,0,2000.0,-1,498.150478125,0.0,2,0.0,10,41702.25805275752,UNSAT,,498.187,
68,20,75,2000.0,0,34.412934620279074,-1,344.79205,0.0,-1,1.0E9,10,42047.05010275752,CRASHED,Run Exceeded Captime -- Treating as CRASHED;Killed Manually,362.939,
69,10,67,294.30649519,0,2000.0,-1,294.30649519,0.0,2,0.0,11,42341.356597947524,UNSAT,,294.334,
70,21,147,1801.95771003,0,200.1262321959913,-1,1801.95771003,0.0,2,0.0,11,44143.314307977525,UNSAT,,1802.026,
71,10,174,65.411523819,0,2000.0,-1,65.411523819,0.0,2,0.0,11,44208.725831796524,UNSAT,,65.459,
72,22,174,185.411667109,0,86.03758140315415,-1,185.411667109,0.0,2,0.0,11,44394.137498905526,UNSAT,,185.495,
73,10,113,99.1245398521,0,2000.0,-1,99.1245398521,0.0,2,0.0,12,44493.262038757624,UNSAT,,99.157,
74,23,116,49.6776399612,0,90.33718601648809,-1,49.6776399612,0.0,2,0.0,12,44542.93967871882,UNSAT,,49.705,
75,23,75,20.6822988987,0,1682.4378261234344,-1,20.6822988987,0.0,2,0.0,12,44563.62197761752,UNSAT,,20.724,
76,23,16,1802.54626513,0,1655.550837971616,-1,1802.54626513,0.0,2,0.0,12,46366.16824274752,UNSAT,,1802.588,
77,10,112,33.0080430508,0,2000.0,-1,33.0080430508,0.0,2,0.0,12,46399.17628579832,UNSAT,,33.042,
78,24,225,3.04549002647,0,219.31817027588488,-1,3.04549002647,0.0,1,0.0,12,46402.221775824786,SAT,,3.111,
79,24,55,1801.87345886,0,1532.6773008223356,-1,1801.87345886,0.0,1,0.0,12,48204.095234684784,SAT,,1801.908,
80,10,128,66.0937421322,0,2000.0,-1,66.0937421322,0.0,2,0.0,13,48270.188976816986,UNSAT,,66.136,
81,25,75,220.84992981,0,34.412934620279074,-1,220.84992981,0.0,2,0.0,13,48491.038906626985,UNSAT,,220.949,
82,10,159,363.189923048,0,2000.0,-1,363.189923048,0.0,2,0.0,13,48854.22882967498,UNSAT,,363.22,
83,26,257,32.09344697,0,20.66943337057829,-1,32.09344697,0.0,2,0.0,13,48886.32227664498,UNSAT,,32.149,
84,10,89,207.290915966,0,2000.0,-1,207.290915966,0.0,2,0.0,14,49093.61319261098,UNSAT,,207.315,
85,27,199,11.4360358715,0,13.056915615099669,-1,11.4360358715,0.0,1,0.0,14,49105.04922848248,SAT,,11.463,
86,10,252,1725.15343904,0,2000.0,-1,1725.15343904,0.0,1,0.0,14,50830.20266752248,SAT,,1725.186,
87,28,116,351.362135887,0,90.33718601648809,-1,351.362135887,0.0,2,0.0,14,51181.56480340948,UNSAT,,351.433,
88,10,253,50.538877964,0,2000.0,-1,50.538877964,0.0,1,0.0,15,51232.103681373475,SAT,,50.565,
89,29,55,1805.92491603,0,1305.1823061782598,-1,1805.92491603,0.0,1,0.0,15,53038.02859740348,SAT,,1805.993,
90,10,27,704.514796019,0,2000.0,-1,704.514796019,0.0,2,0.0,15,53742.54339342248,UNSAT,,704.584,
91,30,23,21.5151720047,0,158.60268714686038,-1,21.5151720047,0.0,2,0.0,15,53764.05856542718,UNSAT,,21.678,
92,30,89,1801.92304206,0,528.9756562452495,-1,1801.92304206,0.0,2,0.0,15,55565.98160748718,UNSAT,,1801.954,
93,10,134,362.329521894,0,2000.0,-1,362.329521894,0.0,2,0.0,16,55928.311129381174,UNSAT,,362.384,
94,31,236,123.855057001,0,101.81650043313505,-1,123.855057001,0.0,1,0.0,16,56052.16618638217,SAT,,123.93,
95,10,130,47.6323549747,0,2000.0,-1,47.6323549747,0.0,2,0.0,16,56099.798541356875,UNSAT,,47.671,
96,32,253,2000.0,0,66.70314165611863,-1,688.4725999999999,0.0,-1,1.0E9,16,56788.271141356876,CRASHED,Run Exceeded Captime -- Treating as CRASHED;Killed Manually,724.708,
