Run Number,Run History Configuration ID,Instance ID,Response Value (y),Censored?,Cutoff Time Used,Seed,Runtime,Run Length,Run Result Code,Run Quality,SMAC Iteration,SMAC Cumulative Runtime,Run Result,Additional Algorithm Run Data,Wall Clock Time,
1,1,123,46.557281971,0,2000.0,-1,46.557281971,0.0,1,0.0,0,46.557281971,SAT,,46.701,
2,1,89,3.72807192802,0,2000.0,-1,3.72807192802,0.0,1,0.0,1,50.28535389902,SAT,,3.76,
3,2,123,65.9378049374,0,61.52706703950763,-1,65.9378049374,0.0,1,0.0,1,116.22315883642,SAT,,65.957,
4,1,37,4.03274178505,0,2000.0,-1,4.03274178505,0.0,1,0.0,1,120.25590062147,SAT,,4.075,
5,3,37,3.94731807709,0,6.245165214288235,-1,3.94731807709,0.0,1,0.0,1,124.20321869856001,SAT,,3.968,
6,3,89,4.09119510651,0,66.48721107130051,-1,4.09119510651,0.0,1,0.0,1,128.29441380507,SAT,,4.13,
7,3,123,80.3846797943,0,61.16865779121518,-1,80.3846797943,0.0,1,0.0,1,208.67909359937,SAT,,80.423,
8,1,92,4.02014112473,0,2000.0,-1,4.02014112473,0.0,1,0.0,2,212.6992347241,SAT,,4.05,
9,4,123,56.5813839436,0,61.52706703950763,-1,56.5813839436,0.0,1,0.0,2,269.28061866769997,SAT,,56.62,
10,1,113,10.1260449886,0,2000.0,-1,10.1260449886,0.0,1,0.0,2,279.4066636563,SAT,,10.17,
11,5,113,2000.0,0,14.166458778429032,-1,142.6007,0.0,-1,1.0E9,2,422.00736365629996,CRASHED,Run Exceeded Captime -- Treating as CRASHED;Killed Manually,150.106,
12,1,5,7.04732894897,0,2000.0,-1,7.04732894897,0.0,2,0.0,3,429.05469260526996,UNSAT,,7.215,
13,6,92,4.97693705559,0,6.228784181523324,-1,4.97693705559,0.0,1,0.0,3,434.03162966085995,SAT,,5.022,
14,1,40,4.59916615486,0,2000.0,-1,4.59916615486,0.0,1,0.0,3,438.6307958157199,SAT,,4.754,
15,7,92,4.70608901978,0,6.228784181523324,-1,4.70608901978,0.0,1,0.0,3,443.3368848354999,SAT,,4.755,
16,1,75,4.64505887032,0,2000.0,-1,4.64505887032,0.0,2,0.0,4,447.9819437058199,UNSAT,,4.675,
17,8,40,6.60463809967,0,6.9815162460982805,-1,6.60463809967,0.0,1,0.0,4,454.5865818054899,SAT,,6.643,
18,1,17,5.38271403313,0,2000.0,-1,5.38271403313,0.0,2,0.0,4,459.9692958386199,UNSAT,,5.406,
19,9,89,5.5677728653,0,5.849094119268655,-1,5.5677728653,0.0,1,0.0,4,465.53706870391994,SAT,,5.639,
20,1,12,4.43386602402,0,2000.0,-1,4.43386602402,0.0,2,0.0,5,469.97093472793995,UNSAT,,4.456,
21,10,40,60.5787007809,0,6.9815162460982805,-1,60.5787007809,0.0,1,0.0,5,530.54963550884,SAT,,60.63,
22,1,21,10.0834219456,0,2000.0,-1,10.0834219456,0.0,2,0.0,5,540.63305745444,UNSAT,,10.115,
23,11,17,4.81393718719,0,8.0001283328712,-1,4.81393718719,0.0,2,0.0,5,545.44699464163,UNSAT,,4.836,
24,11,123,54.2230429649,0,68.30765352432728,-1,54.2230429649,0.0,1,0.0,5,599.6700376065301,SAT,,54.266,
25,1,100,7.15137696266,0,2000.0,-1,7.15137696266,0.0,2,0.0,6,606.8214145691901,UNSAT,,7.286,
26,12,17,5.20565319061,0,8.0001283328712,-1,5.20565319061,0.0,2,0.0,6,612.0270677598,UNSAT,,5.257,
27,12,37,4.09665417671,0,12.241969526159764,-1,4.09665417671,0.0,1,0.0,6,616.12372193651,SAT,,4.129,
28,12,12,4.84264397621,0,6.916319009262324,-1,4.84264397621,0.0,2,0.0,6,620.96636591272,UNSAT,,4.877,
29,1,1,4.62633395195,0,2000.0,-1,4.62633395195,0.0,2,0.0,6,625.59269986467,UNSAT,,4.67,
30,13,100,7.71613001823,0,10.299390916126967,-1,7.71613001823,0.0,2,0.0,6,633.3088298829,UNSAT,,7.751,
31,1,28,5.74852085114,0,2000.0,-1,5.74852085114,0.0,2,0.0,7,639.05735073404,UNSAT,,5.783,
32,14,92,4.678180933,0,6.228784181523324,-1,4.678180933,0.0,1,0.0,7,643.73553166704,SAT,,4.703,
33,1,29,7.99903011322,0,2000.0,-1,7.99903011322,0.0,2,0.0,7,651.73456178026,UNSAT,,8.117,
34,15,37,4.47687697411,0,6.245165214288235,-1,4.47687697411,0.0,1,0.0,7,656.2114387543701,SAT,,4.505,
35,1,3,6.59561300278,0,2000.0,-1,6.59561300278,0.0,2,0.0,8,662.8070517571501,UNSAT,,6.634,
36,16,37,3.93703198433,0,6.245165214288235,-1,3.93703198433,0.0,1,0.0,8,666.7440837414802,SAT,,3.981,
37,16,113,2000.0,0,23.45500922610164,-1,235.25229999999996,0.0,-1,1.0E9,8,901.9963837414801,CRASHED,Run Exceeded Captime -- Treating as CRASHED;Killed Manually,247.634,
38,1,120,339.927826166,0,2000.0,-1,339.927826166,0.0,1,0.0,8,1241.9242099074802,SAT,,339.955,
39,17,92,4.61814308167,0,6.228784181523324,-1,4.61814308167,0.0,1,0.0,8,1246.5423529891502,SAT,,4.668,
40,1,27,8.52527093887,0,2000.0,-1,8.52527093887,0.0,2,0.0,9,1255.0676239280203,UNSAT,,8.571,
41,18,21,10.6941170692,0,14.111048996794224,-1,10.6941170692,0.0,2,0.0,9,1265.7617409972204,UNSAT,,10.736,
42,1,133,4.46546506882,0,2000.0,-1,4.46546506882,0.0,1,0.0,9,1270.2272060660405,SAT,,4.503,
43,19,12,5.40668797493,0,6.766626879918576,-1,5.40668797493,0.0,2,0.0,9,1275.6338940409705,UNSAT,,5.432,
44,1,22,6.45220303535,0,2000.0,-1,6.45220303535,0.0,2,0.0,10,1282.0860970763206,UNSAT,,6.491,
45,20,113,2000.0,0,14.166458778429032,-1,142.62539999999998,0.0,-1,1.0E9,10,1424.7114970763205,CRASHED,Run Exceeded Captime -- Treating as CRASHED;Killed Manually,150.132,
46,1,72,4.1487159729,0,2000.0,-1,4.1487159729,0.0,2,0.0,10,1428.8602130492204,UNSAT,,4.238,
47,21,1,6.02430701256,0,7.016834140169621,-1,6.02430701256,0.0,2,0.0,10,1434.8845200617804,UNSAT,,6.065,
48,1,54,7.27256798744,0,2000.0,-1,7.27256798744,0.0,1,0.0,11,1442.1570880492204,SAT,,7.299,
49,22,113,2000.0,0,14.166458778429032,-1,142.62635,0.0,-1,1.0E9,11,1584.7834380492204,CRASHED,Run Exceeded Captime -- Treating as CRASHED;Killed Manually,150.133,
50,1,147,98.8440570831,0,2000.0,-1,98.8440570831,0.0,1,0.0,11,1683.6274951323205,SAT,,98.924,
51,23,22,6.408826828,0,9.390463948595524,-1,6.408826828,0.0,2,0.0,11,1690.0363219603205,UNSAT,,6.471,
52,23,37,5.69232106209,0,15.600944485861064,-1,5.69232106209,0.0,1,0.0,11,1695.7286430224106,SAT,,5.744,
53,23,100,6.97261095047,0,8.20092613657117,-1,6.97261095047,0.0,2,0.0,11,1702.7012539728805,UNSAT,,7.04,
54,1,70,3.81339001656,0,2000.0,-1,3.81339001656,0.0,2,0.0,12,1706.5146439894406,UNSAT,,3.847,
55,24,100,10.1700720787,0,10.299390916126967,-1,10.1700720787,0.0,2,0.0,12,1716.6847160681407,UNSAT,,10.21,
56,1,7,9.281468153,0,2000.0,-1,9.281468153,0.0,2,0.0,12,1725.9661842211408,UNSAT,,9.396,
57,25,28,9.99495100975,0,8.475678310143948,-1,9.99495100975,0.0,2,0.0,12,1735.9611352308907,UNSAT,,10.113,
58,1,46,5.11954808235,0,2000.0,-1,5.11954808235,0.0,1,0.0,13,1741.0806833132408,SAT,,5.155,
59,7,72,5.70612502098,0,5.505499232906103,-1,5.70612502098,0.0,2,0.0,13,1746.7868083342207,UNSAT,,5.766,
60,1,126,3.68307995796,0,2000.0,-1,3.68307995796,0.0,1,0.0,13,1750.4698882921807,SAT,,3.706,
61,26,27,12.5126669407,0,12.085452571856976,-1,12.5126669407,0.0,2,0.0,13,1762.9825552328807,UNSAT,,12.599,
62,1,43,4.52327203751,0,2000.0,-1,4.52327203751,0.0,1,0.0,14,1767.5058272703907,SAT,,4.559,
63,27,72,5.85618305206,0,6.395931251692772,-1,5.85618305206,0.0,2,0.0,14,1773.3620103224507,UNSAT,,5.911,
64,1,128,3.83949780464,0,2000.0,-1,3.83949780464,0.0,1,0.0,14,1777.2015081270906,SAT,,3.953,
65,28,70,6.09831309319,0,5.960008118647337,-1,6.09831309319,0.0,2,0.0,14,1783.2998212202806,UNSAT,,6.162,
66,1,90,3.95002007484,0,2000.0,-1,3.95002007484,0.0,1,0.0,15,1787.2498412951206,SAT,,4.066,
67,29,1,2000.0,0,7.016834140169621,-1,70.87475,0.0,-1,1.0E9,15,1858.1245912951206,CRASHED,Run Exceeded Captime -- Treating as CRASHED;Killed Manually,74.605,
68,1,16,5.23059988022,0,2000.0,-1,5.23059988022,0.0,2,0.0,15,1863.3551911753407,UNSAT,,5.256,
69,30,28,7.79871892929,0,8.475678310143948,-1,7.79871892929,0.0,2,0.0,15,1871.1539101046308,UNSAT,,7.855,
70,1,26,5.99367022514,0,2000.0,-1,5.99367022514,0.0,2,0.0,16,1877.1475803297708,UNSAT,,6.11,
71,31,7,13.270647049,0,13.068509463566542,-1,13.270647049,0.0,2,0.0,16,1890.4182273787708,UNSAT,,13.327,
72,1,73,4.21695709229,0,2000.0,-1,4.21695709229,0.0,2,0.0,16,1894.6351844710607,UNSAT,,4.325,
73,32,73,6.20434117317,0,6.484644290405512,-1,6.20434117317,0.0,2,0.0,16,1900.8395256442307,UNSAT,,6.237,
74,1,149,128.438632011,0,2000.0,-1,128.438632011,0.0,1,0.0,17,2029.2781576552306,SAT,,128.526,
75,33,26,7.93430018425,0,8.79437233169675,-1,7.93430018425,0.0,2,0.0,17,2037.2124578394807,UNSAT,,7.972,
76,1,134,7.74068713188,0,2000.0,-1,7.74068713188,0.0,2,0.0,17,2044.9531449713606,UNSAT,,7.876,
77,34,89,5.45411801338,0,5.849094119268655,-1,5.45411801338,0.0,1,0.0,17,2050.4072629847406,SAT,,5.495,
78,1,68,7.93247890472,0,2000.0,-1,7.93247890472,0.0,2,0.0,18,2058.3397418894606,UNSAT,,8.091,
79,27,22,6.86347413063,0,7.172056835490466,-1,6.86347413063,0.0,2,0.0,18,2065.2032160200906,UNSAT,,6.901,
80,1,136,4.07293915749,0,2000.0,-1,4.07293915749,0.0,1,0.0,18,2069.2761551775807,SAT,,4.195,
81,35,90,5.33765387535,0,6.1376267004489895,-1,5.33765387535,0.0,1,0.0,18,2074.6138090529307,SAT,,5.382,
82,1,62,3.55290293694,0,2000.0,-1,3.55290293694,0.0,1,0.0,19,2078.1667119898707,SAT,,3.595,
83,36,29,30.7049319744,0,11.401339236992598,-1,30.7049319744,0.0,2,0.0,19,2108.871643964271,UNSAT,,30.748,
84,1,82,52.2170689106,0,2000.0,-1,52.2170689106,0.0,1,0.0,19,2161.088712874871,SAT,,52.259,
85,37,134,8.94091701508,0,11.065494165170193,-1,8.94091701508,0.0,2,0.0,19,2170.0296298899507,UNSAT,,8.976,
86,1,24,5.62081384659,0,2000.0,-1,5.62081384659,0.0,2,0.0,20,2175.6504437365406,UNSAT,,5.749,
87,38,16,7.24384093285,0,7.802380331206322,-1,7.24384093285,0.0,2,0.0,20,2182.894284669391,UNSAT,,7.283,
88,1,80,4.66452002525,0,2000.0,-1,4.66452002525,0.0,2,0.0,20,2187.558804694641,UNSAT,,4.807,
89,39,126,6.18402099609,0,5.7906042676150795,-1,6.18402099609,0.0,1,0.0,20,2193.742825690731,SAT,,6.26,
90,1,57,4.12125706673,0,2000.0,-1,4.12125706673,0.0,1,0.0,21,2197.864082757461,SAT,,4.152,
91,40,100,6.81042098999,0,10.299390916126967,-1,6.81042098999,0.0,2,0.0,21,2204.6745037474507,UNSAT,,6.843,
92,40,113,2000.0,0,19.907123305249215,-1,199.20265,0.0,-1,1.0E9,21,2403.877153747451,CRASHED,Run Exceeded Captime -- Treating as CRASHED;Killed Manually,209.687,
93,1,94,3.42658996582,0,2000.0,-1,3.42658996582,0.0,1,0.0,21,2407.3037437132707,SAT,,3.601,
94,41,133,52.9288489819,0,6.807705376642943,-1,52.9288489819,0.0,1,0.0,21,2460.2325926951708,SAT,,52.974,
95,1,88,4.20766305923,0,2000.0,-1,4.20766305923,0.0,1,0.0,22,2464.440255754401,SAT,,4.287,
96,42,100,12.1489191055,0,10.299390916126967,-1,12.1489191055,0.0,2,0.0,22,2476.5891748599006,UNSAT,,12.196,
97,1,97,3.90110898018,0,2000.0,-1,3.90110898018,0.0,1,0.0,22,2480.490283840081,SAT,,4.013,
98,43,3,7.86425900459,0,9.576897777962685,-1,7.86425900459,0.0,2,0.0,22,2488.354542844671,UNSAT,,7.916,
99,1,132,4.90069890022,0,2000.0,-1,4.90069890022,0.0,1,0.0,23,2493.255241744891,SAT,,4.936,
100,44,17,10.0745968819,0,8.0001283328712,-1,10.0745968819,0.0,2,0.0,23,2503.329838626791,UNSAT,,10.13,
101,1,104,9.46910905838,0,2000.0,-1,9.46910905838,0.0,1,0.0,23,2512.7989476851712,SAT,,9.525,
102,45,17,9.12624883652,0,8.0001283328712,-1,9.12624883652,0.0,2,0.0,23,2521.9251965216913,UNSAT,,9.199,
103,1,140,4.31177902222,0,2000.0,-1,4.31177902222,0.0,1,0.0,24,2526.2369755439113,SAT,,4.419,
104,46,123,126.001657963,0,61.52706703950763,-1,126.001657963,0.0,1,0.0,24,2652.2386335069114,SAT,,126.063,
105,1,153,64.5964620113,0,2000.0,-1,64.5964620113,0.0,1,0.0,24,2716.8350955182113,SAT,,64.635,
106,47,89,6.99390912056,0,5.849094119268655,-1,6.99390912056,0.0,1,0.0,24,2723.8290046387715,SAT,,7.064,
107,1,67,76.6306519508,0,2000.0,-1,76.6306519508,0.0,2,0.0,25,2800.4596565895713,UNSAT,,76.679,
108,48,75,5.79330611229,0,7.0411768633604055,-1,5.79330611229,0.0,2,0.0,25,2806.252962701861,UNSAT,,5.831,
109,1,130,3.94495606422,0,2000.0,-1,3.94495606422,0.0,1,0.0,25,2810.1979187660813,SAT,,4.068,
110,49,123,112.119426012,0,61.52706703950763,-1,112.119426012,0.0,1,0.0,25,2922.3173447780814,SAT,,112.156,
111,1,114,4.7004108429,0,2000.0,-1,4.7004108429,0.0,1,0.0,26,2927.0177556209815,SAT,,4.737,
112,50,97,8.50144004822,0,6.074042141783237,-1,8.50144004822,0.0,1,0.0,26,2935.5191956692015,SAT,,8.529,
113,1,66,1811.35886598,0,2000.0,-1,1811.35886598,0.0,2,0.0,26,4746.878061649201,UNSAT,,1811.393,
114,51,89,5.32232117653,0,5.849094119268655,-1,5.32232117653,0.0,1,0.0,26,4752.200382825731,SAT,,5.396,
115,1,61,6.91170597076,0,2000.0,-1,6.91170597076,0.0,1,0.0,27,4759.112088796491,SAT,,7.047,
116,52,153,95.9952437878,0,84.97800099511744,-1,95.9952437878,0.0,1,0.0,27,4855.107332584291,SAT,,96.037,
117,1,79,4.51259112358,0,2000.0,-1,4.51259112358,0.0,2,0.0,27,4859.619923707871,UNSAT,,4.62,
118,53,126,5.10785698891,0,5.7906042676150795,-1,5.10785698891,0.0,1,0.0,27,4864.72778069678,SAT,,5.151,
119,1,108,3.667522192,0,2000.0,-1,3.667522192,0.0,1,0.0,28,4868.395302888781,SAT,,3.705,
120,54,132,5.5954349041,0,7.373509638357163,-1,5.5954349041,0.0,1,0.0,28,4873.990737792881,SAT,,5.634,
121,1,86,5.5984389782,0,2000.0,-1,5.5984389782,0.0,1,0.0,28,4879.589176771081,SAT,,5.638,
122,55,61,2000.0,0,9.98781834577322,-1,100.7988,0.0,-1,1.0E9,28,4980.3879767710805,CRASHED,Run Exceeded Captime -- Treating as CRASHED;Killed Manually,106.104,
123,1,58,4.32629680634,0,2000.0,-1,4.32629680634,0.0,1,0.0,29,4984.7142735774205,SAT,,4.449,
124,56,17,7.20832705498,0,8.0001283328712,-1,7.20832705498,0.0,2,0.0,29,4991.922600632401,UNSAT,,7.256,
125,1,56,5.79561710358,0,2000.0,-1,5.79561710358,0.0,1,0.0,29,4997.718217735981,SAT,,5.829,
126,57,132,6.8367729187,0,7.373509638357163,-1,6.8367729187,0.0,1,0.0,29,5004.554990654681,SAT,,6.895,
127,1,50,3.11656117439,0,2000.0,-1,3.11656117439,0.0,1,0.0,30,5007.671551829071,SAT,,3.146,
128,58,108,15.3806371689,0,5.7703792009234425,-1,15.3806371689,0.0,1,0.0,30,5023.052188997971,SAT,,15.443,
129,1,83,65.5880558491,0,2000.0,-1,65.5880558491,0.0,1,0.0,30,5088.640244847071,SAT,,65.706,
130,59,75,8.52184295654,0,7.0411768633604055,-1,8.52184295654,0.0,2,0.0,30,5097.162087803611,UNSAT,,8.565,
131,1,101,3.97783899307,0,2000.0,-1,3.97783899307,0.0,1,0.0,31,5101.139926796681,SAT,,3.998,
132,60,72,5.90007519722,0,6.395931251692772,-1,5.90007519722,0.0,2,0.0,31,5107.040001993901,UNSAT,,5.952,
133,1,142,4.15128993988,0,2000.0,-1,4.15128993988,0.0,1,0.0,31,5111.191291933781,SAT,,4.172,
134,61,153,99.4777829647,0,84.97800099511744,-1,99.4777829647,0.0,1,0.0,31,5210.669074898481,SAT,,99.542,
135,1,78,3.91260290146,0,2000.0,-1,3.91260290146,0.0,2,0.0,32,5214.581677799941,UNSAT,,3.947,
136,62,142,5.83938407898,0,6.399277679967881,-1,5.83938407898,0.0,1,0.0,32,5220.421061878921,SAT,,5.871,
137,1,52,4.08326196671,0,2000.0,-1,4.08326196671,0.0,1,0.0,32,5224.504323845631,SAT,,4.125,
138,63,136,5.31649708748,0,6.2974210720241075,-1,5.31649708748,0.0,1,0.0,32,5229.820820933111,SAT,,5.355,
