Run Number,Run History Configuration ID,Instance ID,Response Value (y),Censored?,Cutoff Time Used,Seed,Runtime,Run Length,Run Result Code,Run Quality,SMAC Iteration,SMAC Cumulative Runtime,Run Result,Additional Algorithm Run Data,Wall Clock Time,
1,1,158,100.018740177,0,2000.0,-1,100.018740177,0.0,2,0.0,0,100.018740177,UNSAT,,100.295,
2,1,165,168.729040146,0,2000.0,-1,168.729040146,0.0,2,0.0,1,268.747780323,UNSAT,,168.781,
3,2,158,125.010118961,0,131.02696313371064,-1,125.010118961,0.0,2,0.0,1,393.75789928399996,UNSAT,,125.063,
4,1,225,212.468930006,0,2000.0,-1,212.468930006,0.0,1,0.0,1,606.22682929,SAT,,212.522,
5,3,165,3.73790287971,0,220.35035331581832,-1,3.73790287971,0.0,2,0.0,1,609.9647321697099,UNSAT,,3.805,
6,3,158,124.546080112,0,621.7276498567045,-1,124.546080112,0.0,2,0.0,1,734.51081228171,UNSAT,,124.578,
7,3,225,3.88079595566,0,459.81774599139686,-1,3.88079595566,0.0,1,0.0,1,738.39160823737,SAT,,3.951,
8,3,104,940.746747017,0,2000.0,-1,940.746747017,0.0,2,0.0,2,1679.1383552543698,UNSAT,,940.774,
9,4,158,188.006188869,0,162.91250417788626,-1,188.006188869,0.0,2,0.0,2,1867.1445441233698,UNSAT,,188.052,
10,3,127,1802.07383418,0,2000.0,-1,1802.07383418,0.0,2,0.0,2,3669.2183783033697,UNSAT,,1802.124,
11,5,225,3.06698489189,0,6.047635142105817,-1,3.06698489189,0.0,1,0.0,2,3672.28536319526,SAT,,3.102,
12,5,127,1801.36984515,0,2000.0,-1,1801.36984515,0.0,2,0.0,2,5473.65520834526,UNSAT,,1801.415,
13,5,158,2000.0,0,164.8882443908334,-1,1649.5752499999999,0.0,-1,1.0E9,2,7123.23045834526,CRASHED,Run Exceeded Captime -- Treating as CRASHED;Killed Manually,1736.395,
14,3,184,744.689622879,0,2000.0,-1,744.689622879,0.0,2,0.0,3,7867.92008122426,UNSAT,,744.727,
15,6,104,13.8972001076,0,1223.9733713570713,-1,13.8972001076,0.0,2,0.0,3,7881.81728133186,UNSAT,,13.956,
16,6,165,153.312072039,0,1372.6787898581208,-1,153.312072039,0.0,2,0.0,3,8035.1293533708595,UNSAT,,153.354,
17,6,158,114.909214973,0,1173.3730960529028,-1,114.909214973,0.0,2,0.0,3,8150.03856834386,UNSAT,,114.965,
18,6,127,34.2241230011,0,2000.0,-1,34.2241230011,0.0,2,0.0,3,8184.26269134496,UNSAT,,34.279,
19,6,225,305.215615034,0,2000.0,-1,305.215615034,0.0,1,0.0,3,8489.47830637896,SAT,,305.237,
20,6,184,562.419086933,0,2000.0,-1,562.419086933,0.0,2,0.0,3,9051.89739331196,UNSAT,,562.481,
21,6,13,1802.22003794,0,2000.0,-1,1802.22003794,0.0,2,0.0,3,10854.11743125196,UNSAT,,1802.284,
22,7,225,3.3806450367,0,397.7828996147692,-1,3.3806450367,0.0,1,0.0,3,10857.498076288659,SAT,,3.43,
23,7,127,1801.7431531,0,587.2640006135881,-1,1801.7431531,0.0,2,0.0,3,12659.24122938866,UNSAT,,1801.833,
24,6,167,294.97989893,0,2000.0,-1,294.97989893,0.0,2,0.0,4,12954.221128318659,UNSAT,,295.071,
25,8,127,31.0032711029,0,45.49395990406275,-1,31.0032711029,0.0,2,0.0,4,12985.224399421559,UNSAT,,31.069,
26,8,225,132.138674974,0,2000.0,-1,132.138674974,0.0,1,0.0,4,13117.363074395558,SAT,,132.173,
27,8,13,1802.287709,0,2000.0,-1,1802.287709,0.0,2,0.0,4,14919.650783395558,UNSAT,,1802.349,
28,8,104,15.7801408768,0,980.3374598625779,-1,15.7801408768,0.0,2,0.0,4,14935.430924272358,UNSAT,,15.818,
29,8,167,210.483835936,0,959.8232770230353,-1,210.483835936,0.0,2,0.0,4,15145.914760208358,UNSAT,,210.522,
30,8,165,134.496981144,0,686.1942902099073,-1,134.496981144,0.0,2,0.0,4,15280.411741352358,UNSAT,,134.563,
31,8,158,260.724893093,0,511.3482145484269,-1,260.724893093,0.0,2,0.0,4,15541.136634445358,UNSAT,,260.778,
32,8,184,462.45845294,0,903.551966872412,-1,462.45845294,0.0,2,0.0,4,16003.595087385358,UNSAT,,462.508,
33,8,231,1016.49199009,0,2000.0,-1,1016.49199009,0.0,1,0.0,4,17020.087077475357,SAT,,1016.581,
34,9,184,471.720558882,0,602.1985893960774,-1,471.720558882,0.0,2,0.0,4,17491.807636357356,UNSAT,,471.778,
35,8,183,564.238511086,0,2000.0,-1,564.238511086,0.0,2,0.0,5,18056.046147443358,UNSAT,,564.304,
36,10,183,134.854427099,0,734.512664646256,-1,134.854427099,0.0,2,0.0,5,18190.900574542356,UNSAT,,134.925,
37,10,184,501.330020905,0,1200.7047511528908,-1,501.330020905,0.0,2,0.0,5,18692.230595447356,UNSAT,,501.353,
38,10,127,26.8907299042,0,548.9757240641594,-1,26.8907299042,0.0,2,0.0,5,18719.121325351556,UNSAT,,26.946,
39,10,13,1650.27107692,0,2000.0,-1,1650.27107692,0.0,2,0.0,5,20369.392402271555,UNSAT,,1650.293,
40,10,165,321.303771973,0,1331.8999364863812,-1,321.303771973,0.0,2,0.0,5,20690.696174244553,UNSAT,,321.348,
41,10,167,487.828572035,0,914.2050331350148,-1,487.828572035,0.0,2,0.0,5,21178.524746279552,UNSAT,,487.891,
42,10,225,186.925971985,0,280.0278891700983,-1,186.925971985,0.0,1,0.0,5,21365.450718264554,SAT,,186.978,
43,10,104,12.4761819839,0,1717.924156681049,-1,12.4761819839,0.0,2,0.0,5,21377.926900248454,UNSAT,,12.543,
44,10,231,838.489675999,0,1701.7051205862047,-1,838.489675999,0.0,1,0.0,5,22216.416576247455,SAT,,838.511,
45,10,158,220.963665009,0,611.668541923511,-1,220.963665009,0.0,2,0.0,5,22437.380241256455,UNSAT,,221.036,
46,10,141,76.2335329056,0,2000.0,-1,76.2335329056,0.0,2,0.0,5,22513.613774162055,UNSAT,,76.395,
47,11,104,2000.0,0,17.221637618142367,-1,204.3032,0.0,-1,1.0E9,5,22717.916974162054,CRASHED,Run Exceeded Captime -- Treating as CRASHED;Killed Manually,215.056,
48,10,250,1807.30275607,0,2000.0,-1,1807.30275607,0.0,1,0.0,6,24525.219730232053,SAT,,1807.326,
49,12,104,61.2462780476,0,17.221637618142367,-1,61.2462780476,0.0,2,0.0,6,24586.466008279654,UNSAT,,61.598,
50,10,210,13.4456579685,0,2000.0,-1,13.4456579685,0.0,1,0.0,6,24599.911666248154,SAT,,13.473,
51,13,184,1804.03908205,0,652.7316274013102,-1,1804.03908205,0.0,2,0.0,6,26403.950748298153,UNSAT,,1804.066,
52,10,213,22.4462440014,0,2000.0,-1,22.4462440014,0.0,1,0.0,7,26426.396992299553,SAT,,22.48,
53,14,127,35.0318529606,0,35.9605499434948,-1,35.0318529606,0.0,2,0.0,7,26461.428845260154,UNSAT,,35.074,
54,10,144,31.4677820206,0,2000.0,-1,31.4677820206,0.0,2,0.0,7,26492.896627280756,UNSAT,,31.512,
55,15,13,1802.57143307,0,2000.0,-1,1802.57143307,0.0,2,0.0,7,28295.468060350755,UNSAT,,1802.606,
56,10,150,70.9036779404,0,2000.0,-1,70.9036779404,0.0,2,0.0,8,28366.371738291156,UNSAT,,70.962,
57,16,141,26.3102450371,0,100.10619348694684,-1,26.3102450371,0.0,2,0.0,8,28392.681983328257,UNSAT,,26.379,
58,16,150,132.479455948,0,193.0382053259492,-1,132.479455948,0.0,2,0.0,8,28525.161439276257,UNSAT,,132.525,
59,16,127,85.5222680569,0,20.814912196594477,-1,85.5222680569,0.0,2,0.0,8,28610.683707333155,UNSAT,,85.555,
60,10,195,1318.88427901,0,2000.0,-1,1318.88427901,0.0,1,0.0,8,29929.567986343154,SAT,,1318.936,
61,17,250,3.45422887802,0,2000.0,-1,3.45422887802,0.0,1,0.0,8,29933.022215221175,SAT,,3.545,
62,17,210,1801.64231515,0,2000.0,-1,1801.64231515,0.0,1,0.0,8,31734.664530371174,SAT,,1801.673,
63,17,213,2000.0,0,50.532748632478715,-1,511.5598,0.0,-1,1.0E9,8,32246.224330371173,CRASHED,Run Exceeded Captime -- Treating as CRASHED;Killed Manually,538.484,
64,10,48,736.871152163,0,2000.0,-1,736.871152163,0.0,1,0.0,9,32983.095482534176,SAT,,736.905,
65,18,13,1077.888906,0,2000.0,-1,1077.888906,0.0,2,0.0,9,34060.984388534176,UNSAT,,1078.1,
66,18,104,34.2050321102,0,1851.3576376143576,-1,34.2050321102,0.0,2,0.0,9,34095.189420644376,UNSAT,,34.266,
67,18,231,1052.12372208,0,1806.8910965587677,-1,1052.12372208,0.0,1,0.0,9,35147.31314272438,SAT,,1052.152,
68,18,195,1803.54832888,0,2000.0,-1,1803.54832888,0.0,1,0.0,9,36950.86147160438,SAT,,1803.611,
69,18,210,1801.74663591,0,747.9814560975611,-1,1801.74663591,0.0,1,0.0,9,38752.60810751438,SAT,,1801.774,
70,10,111,36.1285769939,0,2000.0,-1,36.1285769939,0.0,2,0.0,9,38788.73668450828,UNSAT,,36.23,
71,19,165,2.95102906227,0,418.69750366394516,-1,2.95102906227,0.0,2,0.0,9,38791.68771357055,UNSAT,,2.99,
72,19,141,144.797472954,0,548.925308499831,-1,144.797472954,0.0,2,0.0,9,38936.48518652455,UNSAT,,144.828,
73,19,127,188.885311127,0,360.6885933208942,-1,188.885311127,0.0,2,0.0,9,39125.37049765155,UNSAT,,188.912,
74,19,13,1802.08479404,0,2000.0,-1,1802.08479404,0.0,2,0.0,9,40927.45529169155,UNSAT,,1802.123,
75,19,210,1636.95700693,0,269.48432641883494,-1,1636.95700693,0.0,1,0.0,9,42564.41229862155,SAT,,1637.035,
76,10,254,1806.40535378,0,2000.0,-1,1806.40535378,0.0,1,0.0,10,44370.81765240155,SAT,,1806.447,
77,20,195,1520.14267397,0,1715.5521637651802,-1,1520.14267397,0.0,1,0.0,10,45890.960326371554,SAT,,1520.395,
78,10,200,12.3469948769,0,2000.0,-1,12.3469948769,0.0,1,0.0,10,45903.30732124845,SAT,,12.391,
79,21,184,1803.51947188,0,652.7316274013102,-1,1803.51947188,0.0,2,0.0,10,47706.82679312845,UNSAT,,1803.606,
80,10,205,62.2975020409,0,2000.0,-1,62.2975020409,0.0,1,0.0,11,47769.12429516935,SAT,,62.335,
81,22,200,12.923956871,0,17.053693894642592,-1,12.923956871,0.0,1,0.0,11,47782.04825204035,SAT,,12.995,
82,10,78,40.9917831421,0,2000.0,-1,40.9917831421,0.0,2,0.0,11,47823.04003518245,UNSAT,,41.018,
83,23,127,2000.0,0,35.9605499434948,-1,360.12885,0.0,-1,1.0E9,11,48183.16888518245,CRASHED,Run Exceeded Captime -- Treating as CRASHED;Killed Manually,379.083,
84,10,204,49.1617650986,0,2000.0,-1,49.1617650986,0.0,1,0.0,12,48232.33065028105,SAT,,49.188,
85,22,213,41.8322601318,0,29.433967534798388,-1,41.8322601318,0.0,1,0.0,12,48274.16291041285,SAT,,41.871,
86,10,228,91.637843132,0,2000.0,-1,91.637843132,0.0,1,0.0,12,48365.80075354485,SAT,,91.672,
87,24,13,1806.08416104,0,2000.0,-1,1806.08416104,0.0,2,0.0,12,50171.88491458485,UNSAT,,1806.143,
88,10,131,109.456810951,0,2000.0,-1,109.456810951,0.0,2,0.0,13,50281.34172553585,UNSAT,,109.529,
89,25,225,290.740387917,0,244.0063637573004,-1,290.740387917,0.0,1,0.0,13,50572.08211345285,SAT,,290.778,
90,10,182,768.439637184,0,2000.0,-1,768.439637184,0.0,2,0.0,13,51340.52175063685,UNSAT,,768.49,
91,26,205,2000.0,0,81.98935360496044,-1,819.94215,0.0,-1,1.0E9,13,52160.46390063685,CRASHED,Run Exceeded Captime -- Treating as CRASHED;Killed Manually,863.097,
92,10,151,168.62680006,0,2000.0,-1,168.62680006,0.0,2,0.0,14,52329.090700696855,UNSAT,,168.65,
93,27,167,482.047003031,0,635.1797442774952,-1,482.047003031,0.0,2,0.0,14,52811.13770372786,UNSAT,,482.077,
94,27,182,224.067692041,0,1226.7076090801238,-1,224.067692041,0.0,2,0.0,14,53035.205395768855,UNSAT,,224.125,
95,27,151,81.0433158875,0,935.4196086417616,-1,81.0433158875,0.0,2,0.0,14,53116.24871165636,UNSAT,,81.101,
96,27,127,25.7104318142,0,1261.933348037648,-1,25.7104318142,0.0,2,0.0,14,53141.95914347056,UNSAT,,25.745,
97,27,150,235.972718,0,1228.5097866210817,-1,235.972718,0.0,2,0.0,14,53377.931861470555,UNSAT,,236.011,
98,27,210,10.0611441135,0,921.7452539954066,-1,10.0611441135,0.0,1,0.0,14,53387.99300558405,SAT,,10.102,
99,27,158,122.384330034,0,908.6657669286907,-1,122.384330034,0.0,2,0.0,14,53510.37733561805,UNSAT,,122.418,
100,27,184,673.07722497,0,2000.0,-1,673.07722497,0.0,2,0.0,14,54183.454560588056,UNSAT,,673.144,
101,27,183,1108.35850716,0,2000.0,-1,1108.35850716,0.0,2,0.0,14,55291.81306774806,UNSAT,,1108.427,
102,27,204,63.245827198,0,2000.0,-1,63.245827198,0.0,1,0.0,14,55355.05889494606,SAT,,63.301,
103,27,250,71.7134048939,0,1998.3941218707444,-1,71.7134048939,0.0,1,0.0,14,55426.772299839955,SAT,,71.757,
104,27,213,123.024016142,0,1905.1666957217933,-1,123.024016142,0.0,1,0.0,14,55549.796315981956,SAT,,123.089,
105,27,205,215.969339848,0,1745.235474117446,-1,215.969339848,0.0,1,0.0,14,55765.76565582996,SAT,,216.0,
106,27,225,268.543128014,0,1464.4753321896972,-1,268.543128014,0.0,1,0.0,14,56034.30878384395,SAT,,268.58,
107,27,78,20.4847230911,0,1115.369265888232,-1,20.4847230911,0.0,2,0.0,14,56054.79350693505,UNSAT,,20.548,
108,27,104,70.7512869835,0,2000.0,-1,70.7512869835,0.0,2,0.0,14,56125.54479391855,UNSAT,,70.789,
109,27,141,25.0591239929,0,2000.0,-1,25.0591239929,0.0,2,0.0,14,56150.603917911445,UNSAT,,25.09,
110,27,144,23.2442369461,0,2000.0,-1,23.2442369461,0.0,2,0.0,14,56173.848154857544,UNSAT,,23.27,
111,27,195,1804.65559411,0,2000.0,-1,1804.65559411,0.0,1,0.0,14,57978.503748967545,SAT,,1804.687,
112,27,165,234.530322075,0,2000.0,-1,234.530322075,0.0,2,0.0,14,58213.034071042544,UNSAT,,234.602,
113,27,13,1802.1529882,0,2000.0,-1,1802.1529882,0.0,2,0.0,14,60015.18705924255,UNSAT,,1802.21,
114,27,254,1806.62804198,0,2000.0,-1,1806.62804198,0.0,1,0.0,14,61821.81510122255,SAT,,1806.697,
115,27,131,74.5175819397,0,2000.0,-1,74.5175819397,0.0,2,0.0,14,61896.33268316225,UNSAT,,74.585,
116,27,200,12.4224200249,0,2000.0,-1,12.4224200249,0.0,1,0.0,14,61908.75510318715,SAT,,12.447,
117,27,111,33.2914390564,0,2000.0,-1,33.2914390564,0.0,2,0.0,14,61942.046542243545,UNSAT,,33.324,
118,27,231,510.755554914,0,2000.0,-1,510.755554914,0.0,1,0.0,14,62452.802097157546,SAT,,510.788,
119,27,228,99.572977066,0,1925.9098013754667,-1,99.572977066,0.0,1,0.0,14,62552.37507422354,SAT,,99.711,
120,27,48,236.407793999,0,1796.4649312089862,-1,236.407793999,0.0,1,0.0,14,62788.782868222544,SAT,,236.453,
121,27,138,23.1305608749,0,2000.0,-1,23.1305608749,0.0,2,0.0,14,62811.91342909745,UNSAT,,23.224,
122,28,13,1802.07359695,0,2000.0,-1,1802.07359695,0.0,2,0.0,14,64613.98702604745,UNSAT,,1802.1,
123,28,78,127.023818016,0,120.96597616409065,-1,127.023818016,0.0,2,0.0,14,64741.01084406345,UNSAT,,127.127,
124,27,118,11.8769719601,0,2000.0,-1,11.8769719601,0.0,2,0.0,15,64752.88781602355,UNSAT,,11.912,
125,29,111,2000.0,0,44.28147169609666,-1,520.8299,0.0,-1,1.0E9,15,65273.717716023544,CRASHED,Run Exceeded Captime -- Treating as CRASHED;Killed Manually,548.242,
126,27,50,843.869049072,0,2000.0,-1,843.869049072,0.0,1,0.0,15,66117.58676509555,SAT,,843.932,
127,30,228,210.398689032,0,130.44747047905923,-1,210.398689032,0.0,1,0.0,15,66327.98545412754,SAT,,210.465,
128,27,270,58.8907589912,0,2000.0,-1,58.8907589912,0.0,1,0.0,16,66386.87621311874,SAT,,58.938,
129,31,205,66.0694410801,0,281.7627422403276,-1,66.0694410801,0.0,1,0.0,16,66452.94565419883,SAT,,66.111,
130,31,182,840.808870077,0,2000.0,-1,840.808870077,0.0,2,0.0,16,67293.75452427584,UNSAT,,840.883,
131,31,195,1690.61623096,0,1740.1638095158817,-1,1690.61623096,0.0,1,0.0,16,68984.37075523584,SAT,,1690.688,
132,27,220,30.8379409313,0,2000.0,-1,30.8379409313,0.0,1,0.0,16,69015.20869616714,SAT,,30.874,
133,32,104,584.762552023,0,92.97927346860172,-1,584.762552023,0.0,2,0.0,16,69599.97124819015,UNSAT,,584.938,
