Run Number,Run History Configuration ID,Instance ID,Response Value (y),Censored?,Cutoff Time Used,Seed,Runtime,Run Length,Run Result Code,Run Quality,SMAC Iteration,SMAC Cumulative Runtime,Run Result,Additional Algorithm Run Data,Wall Clock Time,
1,1,95,100.164179802,0,2000.0,-1,100.164179802,0.0,2,0.0,0,100.164179802,UNSAT,,100.369,
2,1,220,30.5984349251,0,2000.0,-1,30.5984349251,0.0,1,0.0,1,130.76261472710001,SAT,,30.658,
3,2,220,2000.0,0,40.78056652878523,-1,408.5798,0.0,-1,1.0E9,1,539.3424147271,CRASHED,Run Exceeded Captime -- Treating as CRASHED;Killed Manually,430.084,
4,1,74,90.9425239563,0,2000.0,-1,90.9425239563,0.0,2,0.0,1,630.2849386834,UNSAT,,90.982,
5,3,74,17.1775920391,0,119.22788199816944,-1,17.1775920391,0.0,2,0.0,1,647.4625307225,UNSAT,,17.209,
6,3,220,297.199037075,0,266.89101158489586,-1,297.199037075,0.0,1,0.0,1,944.6615677975,SAT,,297.245,
7,1,142,25.4802660942,0,2000.0,-1,25.4802660942,0.0,2,0.0,2,970.1418338917,UNSAT,,25.523,
8,4,142,15.4589409828,0,34.126946971166134,-1,15.4589409828,0.0,2,0.0,2,985.6007748745,UNSAT,,15.5,
9,4,74,40.0346279144,0,172.03617038984896,-1,40.0346279144,0.0,2,0.0,2,1025.6354027889,UNSAT,,40.084,
10,4,220,2000.0,0,119.99115337466003,-1,1200.6774500000001,0.0,-1,1.0E9,2,2226.3128527889003,CRASHED,Run Exceeded Captime -- Treating as CRASHED;Killed Manually,1263.871,
11,1,225,162.258651018,0,2000.0,-1,162.258651018,0.0,1,0.0,2,2388.5715038069,SAT,,162.447,
12,5,95,2000.0,0,131.21603390981556,-1,1312.7138,0.0,-1,1.0E9,2,3701.2853038069,CRASHED,Run Exceeded Captime -- Treating as CRASHED;Killed Manually,1381.804,
13,1,236,65.0630970001,0,2000.0,-1,65.0630970001,0.0,1,0.0,3,3766.348400807,SAT,,65.16,
14,6,225,3.04243803024,0,211.93884675239326,-1,3.04243803024,0.0,1,0.0,3,3769.39083883724,SAT,,3.08,
15,6,95,386.537024975,0,377.97767649253007,-1,386.537024975,0.0,2,0.0,3,4155.9278638122405,UNSAT,,386.578,
16,1,193,27.8781590462,0,2000.0,-1,27.8781590462,0.0,1,0.0,3,4183.806022858441,SAT,,27.935,
17,7,220,40.2348151207,0,40.78056652878523,-1,40.2348151207,0.0,1,0.0,3,4224.040837979141,SAT,,40.277,
18,1,137,38.4249141216,0,2000.0,-1,38.4249141216,0.0,2,0.0,4,4262.46575210074,UNSAT,,38.468,
19,8,220,2000.0,0,40.78056652878523,-1,408.67764999999997,0.0,-1,1.0E9,4,4671.14340210074,CRASHED,Run Exceeded Captime -- Treating as CRASHED;Killed Manually,430.187,
20,1,198,626.570240974,0,2000.0,-1,626.570240974,0.0,1,0.0,4,5297.71364307474,SAT,,626.627,
21,9,220,2000.0,0,40.78056652878523,-1,408.47529999999995,0.0,-1,1.0E9,4,5706.18894307474,CRASHED,Run Exceeded Captime -- Treating as CRASHED;Killed Manually,429.974,
22,1,79,32.0392878056,0,2000.0,-1,32.0392878056,0.0,2,0.0,5,5738.22823088034,UNSAT,,32.168,
23,10,236,13.7913730145,0,85.58462708105446,-1,13.7913730145,0.0,1,0.0,5,5752.01960389484,SAT,,13.823,
24,10,198,1803.15698195,0,1093.136000808674,-1,1803.15698195,0.0,1,0.0,5,7555.17658584484,SAT,,1803.243,
25,1,81,20.6671640873,0,2000.0,-1,20.6671640873,0.0,2,0.0,5,7575.84374993214,UNSAT,,20.702,
26,11,137,132.264774084,0,50.9549894261837,-1,132.264774084,0.0,2,0.0,5,7708.10852401614,UNSAT,,132.286,
27,1,173,160.618424177,0,2000.0,-1,160.618424177,0.0,2,0.0,6,7868.72694819314,UNSAT,,160.657,
28,12,137,34.2616009712,0,50.9549894261837,-1,34.2616009712,0.0,2,0.0,6,7902.98854916434,UNSAT,,34.305,
29,12,225,160.192927122,0,259.0048276710987,-1,160.192927122,0.0,1,0.0,6,8063.18147628634,SAT,,160.234,
30,12,79,27.3872008324,0,50.7540233324945,-1,27.3872008324,0.0,2,0.0,6,8090.568677118739,UNSAT,,27.458,
31,12,74,155.406414032,0,1183.5937212113022,-1,155.406414032,0.0,2,0.0,6,8245.97509115074,UNSAT,,155.445,
32,12,198,139.091603994,0,981.5653823207796,-1,139.091603994,0.0,1,0.0,6,8385.06669514474,SAT,,139.165,
33,12,81,29.4535059929,0,800.7462978254736,-1,29.4535059929,0.0,2,0.0,6,8414.52020113764,UNSAT,,29.519,
34,12,173,126.867614031,0,762.4567403349757,-1,126.867614031,0.0,2,0.0,6,8541.38781516864,UNSAT,,126.914,
35,12,95,151.99622798,0,921.4747199680388,-1,151.99622798,0.0,2,0.0,6,8693.38404314864,UNSAT,,152.067,
36,12,236,64.7928230762,0,723.8796224709332,-1,64.7928230762,0.0,1,0.0,6,8758.176866224841,SAT,,64.836,
37,12,193,30.5403289795,0,639.6489525105536,-1,30.5403289795,0.0,1,0.0,6,8788.71719520434,SAT,,30.57,
38,12,142,32.4150090218,0,599.9465254958451,-1,32.4150090218,0.0,2,0.0,6,8821.132204226142,UNSAT,,32.455,
39,12,220,30.2555439472,0,557.807013661015,-1,30.2555439472,0.0,1,0.0,6,8851.387748173342,SAT,,30.296,
40,12,215,68.2693040371,0,2000.0,-1,68.2693040371,0.0,1,0.0,6,8919.657052210441,SAT,,68.299,
41,13,74,149.695113182,0,203.0309392031014,-1,149.695113182,0.0,2,0.0,6,9069.352165392442,UNSAT,,149.732,
42,13,81,139.225851774,0,244.31454631348254,-1,139.225851774,0.0,2,0.0,6,9208.578017166441,UNSAT,,139.254,
43,13,95,2000.0,0,63.320939045745135,-1,633.9635,0.0,-1,1.0E9,6,9842.54151716644,CRASHED,Run Exceeded Captime -- Treating as CRASHED;Killed Manually,667.33,
44,12,191,97.6258659363,0,2000.0,-1,97.6258659363,0.0,1,0.0,7,9940.16738310274,SAT,,97.664,
45,14,79,27.2936270237,0,36.60596142371297,-1,27.2936270237,0.0,2,0.0,7,9967.46101012644,UNSAT,,27.359,
46,14,225,199.361030102,0,251.51716413756014,-1,199.361030102,0.0,1,0.0,7,10166.82204022844,SAT,,199.379,
47,12,246,1804.82985902,0,2000.0,-1,1804.82985902,0.0,1,0.0,7,11971.65189924844,SAT,,1804.939,
48,15,79,131.435922861,0,36.60596142371297,-1,131.435922861,0.0,2,0.0,7,12103.087822109439,UNSAT,,131.474,
49,12,70,129.792905092,0,2000.0,-1,129.792905092,0.0,2,0.0,8,12232.880727201438,UNSAT,,129.823,
50,16,79,25.6873190403,0,36.60596142371297,-1,25.6873190403,0.0,2,0.0,8,12258.568046241739,UNSAT,,25.756,
51,16,70,123.763796091,0,211.64825110544564,-1,123.763796091,0.0,2,0.0,8,12382.331842332738,UNSAT,,123.801,
52,16,193,19.4202699661,0,50.755316380757094,-1,19.4202699661,0.0,1,0.0,8,12401.752112298838,SAT,,19.467,
53,16,236,62.184648037,0,2000.0,-1,62.184648037,0.0,1,0.0,8,12463.936760335839,SAT,,62.229,
54,16,81,23.7949299812,0,2000.0,-1,23.7949299812,0.0,2,0.0,8,12487.73169031704,UNSAT,,23.837,
55,16,246,1803.67439318,0,2000.0,-1,1803.67439318,0.0,1,0.0,8,14291.406083497039,SAT,,1803.705,
56,16,198,614.543499947,0,218.5821328203857,-1,614.543499947,0.0,1,0.0,8,14905.949583444039,SAT,,614.586,
57,12,201,18.1818029881,0,2000.0,-1,18.1818029881,0.0,1,0.0,8,14924.131386432138,SAT,,18.232,
58,17,220,2000.0,0,40.334807511764765,-1,403.97325,0.0,-1,1.0E9,8,15328.104636432137,CRASHED,Run Exceeded Captime -- Treating as CRASHED;Killed Manually,425.235,
59,12,49,260.413151026,0,2000.0,-1,260.413151026,0.0,1,0.0,9,15588.517787458137,SAT,,260.444,
60,18,246,1803.83015394,0,2000.0,-1,1803.83015394,0.0,1,0.0,9,17392.347941398137,SAT,,1803.891,
61,18,74,184.281471014,0,542.8702516372979,-1,184.281471014,0.0,2,0.0,9,17576.629412412138,UNSAT,,184.322,
62,18,49,145.29527998,0,303.30433909629585,-1,145.29527998,0.0,1,0.0,9,17721.92469239214,SAT,,145.364,
63,18,201,17.7669308186,0,302.1179031472385,-1,17.7669308186,0.0,1,0.0,9,17739.69162321074,SAT,,17.812,
64,18,79,26.5175178051,0,279.0208927247405,-1,26.5175178051,0.0,2,0.0,9,17766.20914101584,UNSAT,,26.549,
65,18,193,57.8147399426,0,244.5481207113445,-1,57.8147399426,0.0,1,0.0,9,17824.02388095844,SAT,,57.851,
66,18,215,142.484869003,0,169.38895796273948,-1,142.484869003,0.0,1,0.0,9,17966.508749961442,SAT,,142.513,
67,12,179,475.43936491,0,2000.0,-1,475.43936491,0.0,2,0.0,9,18441.94811487144,UNSAT,,475.474,
68,19,220,2000.0,0,40.334807511764765,-1,404.29055,0.0,-1,1.0E9,9,18846.238664871442,CRASHED,Run Exceeded Captime -- Treating as CRASHED;Killed Manually,425.569,
69,12,159,131.57228303,0,2000.0,-1,131.57228303,0.0,2,0.0,10,18977.810947901442,UNSAT,,131.597,
70,20,220,37.3406000137,0,40.334807511764765,-1,37.3406000137,0.0,1,0.0,10,19015.151547915142,SAT,,37.41,
71,12,75,28.0774860382,0,2000.0,-1,28.0774860382,0.0,2,0.0,10,19043.229033953343,UNSAT,,28.123,
72,21,79,194.983739138,0,36.60596142371297,-1,194.983739138,0.0,2,0.0,10,19238.21277309134,UNSAT,,195.042,
73,12,195,1358.65573597,0,2000.0,-1,1358.65573597,0.0,1,0.0,11,20596.868509061344,SAT,,1358.75,
74,22,95,233.976725101,0,198.59769659896494,-1,233.976725101,0.0,2,0.0,11,20830.845234162345,UNSAT,,234.009,
75,12,245,110.776689053,0,2000.0,-1,110.776689053,0.0,1,0.0,11,20941.621923215345,SAT,,110.845,
76,23,75,201.280149937,0,37.503332075077296,-1,201.280149937,0.0,2,0.0,11,21142.902073152345,UNSAT,,201.323,
77,12,167,287.017247915,0,2000.0,-1,287.017247915,0.0,2,0.0,12,21429.919321067344,UNSAT,,287.065,
78,24,159,1802.42983794,0,172.046568047601,-1,1802.42983794,0.0,2,0.0,12,23232.349159007343,UNSAT,,1802.466,
79,12,5,475.146086931,0,2000.0,-1,475.146086931,0.0,2,0.0,12,23707.495245938342,UNSAT,,475.202,
80,25,198,159.352699995,0,181.82168601860405,-1,159.352699995,0.0,1,0.0,12,23866.847945933343,SAT,,159.77,
81,12,84,73.5040700436,0,2000.0,-1,73.5040700436,0.0,2,0.0,13,23940.352015976943,UNSAT,,73.58,
82,26,245,344.634440899,0,145.01229588721992,-1,344.634440899,0.0,1,0.0,13,24284.986456875944,SAT,,344.819,
83,12,124,25.3974318504,0,2000.0,-1,25.3974318504,0.0,2,0.0,13,24310.383888726345,UNSAT,,25.456,
84,27,215,2000.0,0,89.75269551237227,-1,898.23165,0.0,-1,1.0E9,13,25208.615538726346,CRASHED,Run Exceeded Captime -- Treating as CRASHED;Killed Manually,945.507,
85,12,178,646.781054974,0,2000.0,-1,646.781054974,0.0,2,0.0,14,25855.396593700345,UNSAT,,646.827,
86,28,142,268.164098024,0,43.142112147408724,-1,268.164098024,0.0,2,0.0,14,26123.560691724346,UNSAT,,268.197,
87,12,251,253.433696985,0,2000.0,-1,253.433696985,0.0,1,0.0,14,26376.994388709347,SAT,,253.476,
88,29,75,139.659479141,0,37.503332075077296,-1,139.659479141,0.0,2,0.0,14,26516.653867850346,UNSAT,,139.727,
89,12,57,1803.47390199,0,2000.0,-1,1803.47390199,0.0,1,0.0,15,28320.127769840346,SAT,,1803.503,
90,30,81,62.0923449993,0,39.292157803076506,-1,62.0923449993,0.0,2,0.0,15,28382.220114839645,UNSAT,,62.232,
91,12,240,1002.96761703,0,2000.0,-1,1002.96761703,0.0,1,0.0,15,29385.187731869646,SAT,,1003.015,
92,31,220,2000.0,0,40.334807511764765,-1,404.30764999999997,0.0,-1,1.0E9,15,29789.495381869645,CRASHED,Run Exceeded Captime -- Treating as CRASHED;Killed Manually,425.587,
93,12,218,243.559823036,0,2000.0,-1,243.559823036,0.0,1,0.0,16,30033.055204905646,SAT,,243.585,
94,32,251,232.218612909,0,330.46640631591083,-1,232.218612909,0.0,1,0.0,16,30265.273817814646,SAT,,232.272,
95,32,95,313.971077919,0,353.0935317169606,-1,313.971077919,0.0,2,0.0,16,30579.244895733646,UNSAT,,314.031,
96,12,123,13.4944767952,0,2000.0,-1,13.4944767952,0.0,2,0.0,16,30592.739372528846,UNSAT,,13.536,
97,33,236,202.57790184,0,85.2332702729583,-1,202.57790184,0.0,1,0.0,16,30795.317274368845,SAT,,202.629,
