Run Number,Run History Configuration ID,Instance ID,Response Value (y),Censored?,Cutoff Time Used,Seed,Runtime,Run Length,Run Result Code,Run Quality,SMAC Iteration,SMAC Cumulative Runtime,Run Result,Additional Algorithm Run Data,Wall Clock Time,
1,1,25,9.03974890709,0,2000.0,-1,9.03974890709,0.0,2,0.0,0,9.03974890709,UNSAT,,9.177,
2,1,33,5.56126999855,0,2000.0,-1,5.56126999855,0.0,1,0.0,1,14.60101890564,SAT,,5.622,
3,2,33,3.42900586128,0,8.232251078236104,-1,3.42900586128,0.0,1,0.0,1,18.03002476692,SAT,,3.471,
4,2,25,4.33161902428,0,15.527517989623547,-1,4.33161902428,0.0,2,0.0,1,22.361643791200002,UNSAT,,4.382,
5,2,6,6.89113998413,0,2000.0,-1,6.89113998413,0.0,2,0.0,1,29.252783775330002,UNSAT,,6.938,
6,3,33,3.21133208275,0,5.460307922559976,-1,3.21133208275,0.0,1,0.0,1,32.46411585808,SAT,,3.245,
7,3,6,6.97396802902,0,15.877763357359171,-1,6.97396802902,0.0,2,0.0,1,39.4380838871,UNSAT,,7.012,
8,3,25,4.13226795197,0,6.81160510365963,-1,4.13226795197,0.0,2,0.0,1,43.57035183907,UNSAT,,4.173,
9,3,51,450.162159204,0,2000.0,-1,450.162159204,0.0,1,0.0,2,493.73251104306996,SAT,,450.209,
10,4,33,6.70502400398,0,5.177332543182373,-1,6.70502400398,0.0,1,0.0,2,500.43753504704995,SAT,,6.74,
11,3,78,4.50981402397,0,2000.0,-1,4.50981402397,0.0,2,0.0,2,504.94734907101997,UNSAT,,4.551,
12,5,25,7.85425209999,0,6.374548737305403,-1,7.85425209999,0.0,2,0.0,2,512.80160117101,UNSAT,,7.89,
13,3,86,11.4794678688,0,2000.0,-1,11.4794678688,0.0,1,0.0,3,524.2810690398101,SAT,,11.503,
14,6,6,12.0555970669,0,10.06875856627822,-1,12.0555970669,0.0,2,0.0,3,536.33666610671,UNSAT,,12.095,
15,3,84,517.938341141,0,2000.0,-1,517.938341141,0.0,1,0.0,3,1054.2750072477102,SAT,,517.962,
16,7,78,4.33019590378,0,6.865358621227742,-1,4.33019590378,0.0,2,0.0,3,1058.60520315149,UNSAT,,4.389,
17,7,33,5.92808198929,0,14.479594387459755,-1,5.92808198929,0.0,1,0.0,3,1064.53328514078,SAT,,5.953,
18,7,6,2000.0,0,6.7730872783541685,-1,68.62514999999999,0.0,-1,1.0E9,3,1133.15843514078,CRASHED,Run Exceeded Captime -- Treating as CRASHED;Killed Manually,72.237,
19,3,140,10.9555878639,0,2000.0,-1,10.9555878639,0.0,1,0.0,4,1144.1140230046801,SAT,,10.982,
20,8,51,20.2687060833,0,586.2134073752642,-1,20.2687060833,0.0,1,0.0,4,1164.3827290879801,SAT,,20.301,
21,8,6,58.5107619762,0,574.7956059764803,-1,58.5107619762,0.0,2,0.0,4,1222.8934910641801,UNSAT,,58.554,
22,8,78,4.81974196434,0,498.7316157560527,-1,4.81974196434,0.0,2,0.0,4,1227.71323302852,UNSAT,,4.855,
23,8,84,85.3158321381,0,1190.2609831545233,-1,85.3158321381,0.0,1,0.0,4,1313.02906516662,SAT,,85.36,
24,8,25,8.56667590141,0,1079.3504016365587,-1,8.56667590141,0.0,2,0.0,4,1321.59574106803,UNSAT,,8.601,
25,8,86,5.2521071434,0,1068.213722005832,-1,5.2521071434,0.0,1,0.0,4,1326.8478482114301,SAT,,5.281,
26,8,33,6.20263791084,0,1061.3859828453242,-1,6.20263791084,0.0,1,0.0,4,1333.05048612227,SAT,,6.243,
27,8,140,4.98778510094,0,1067.5661179128765,-1,4.98778510094,0.0,1,0.0,4,1338.0382712232101,SAT,,5.028,
28,8,147,261.478103161,0,2000.0,-1,261.478103161,0.0,1,0.0,4,1599.5163743842102,SAT,,261.529,
29,9,84,90.5830571651,0,111.9131818305433,-1,90.5830571651,0.0,1,0.0,4,1690.09943154931,SAT,,90.613,
30,8,99,4.31350898743,0,2000.0,-1,4.31350898743,0.0,1,0.0,5,1694.41294053674,SAT,,4.353,
31,10,78,5.18247199059,0,7.268265437680483,-1,5.18247199059,0.0,2,0.0,5,1699.5954125273302,UNSAT,,5.215,
32,8,37,5.12663197517,0,2000.0,-1,5.12663197517,0.0,1,0.0,5,1704.7220445025002,SAT,,5.16,
33,11,25,5.8771739006,0,12.139278732585908,-1,5.8771739006,0.0,2,0.0,5,1710.5992184031002,UNSAT,,5.91,
34,11,140,14.8156249523,0,17.650295224386454,-1,14.8156249523,0.0,1,0.0,5,1725.4148433554,SAT,,14.869,
35,8,77,6.34647107124,0,2000.0,-1,6.34647107124,0.0,2,0.0,6,1731.7613144266402,UNSAT,,6.393,
36,10,77,6.41422581673,0,8.782763954597712,-1,6.41422581673,0.0,2,0.0,6,1738.1755402433703,UNSAT,,6.441,
37,8,104,12.1337208748,0,2000.0,-1,12.1337208748,0.0,1,0.0,6,1750.3092611181703,SAT,,12.17,
38,12,104,2000.0,0,16.776437953460217,-1,168.76369999999997,0.0,-1,1.0E9,6,1919.0729611181703,CRASHED,Run Exceeded Captime -- Treating as CRASHED;Killed Manually,177.646,
39,8,59,11.0700128078,0,2000.0,-1,11.0700128078,0.0,1,0.0,7,1930.1429739259702,SAT,,11.111,
40,13,99,3.83314013481,0,6.610161986547709,-1,3.83314013481,0.0,1,0.0,7,1933.9761140607802,SAT,,3.859,
41,13,25,5.69798493385,0,21.01677059044242,-1,5.69798493385,0.0,2,0.0,7,1939.6740989946302,UNSAT,,5.74,
42,13,77,5.52527999878,0,13.609391067522765,-1,5.52527999878,0.0,2,0.0,7,1945.1993789934102,UNSAT,,5.558,
43,13,147,4.53653120995,0,373.83768101071115,-1,4.53653120995,0.0,1,0.0,7,1949.7359102033602,SAT,,4.585,
44,13,86,16.1925640106,0,367.9401907961547,-1,16.1925640106,0.0,1,0.0,7,1965.9284742139603,SAT,,16.229,
45,13,59,41.9206020832,0,346.8898578438639,-1,41.9206020832,0.0,1,0.0,7,2007.8490762971603,SAT,,41.96,
46,13,78,4.75127792358,0,292.3930748257518,-1,4.75127792358,0.0,2,0.0,7,2012.6003542207402,UNSAT,,4.775,
47,13,140,7.76126599312,0,536.5354120623052,-1,7.76126599312,0.0,1,0.0,7,2020.3616202138603,SAT,,7.791,
48,13,104,21.4164969921,0,526.4457661550224,-1,21.4164969921,0.0,1,0.0,7,2041.7781172059604,SAT,,21.44,
49,13,33,5.10962915421,0,498.6043207239091,-1,5.10962915421,0.0,1,0.0,7,2046.8877463601705,SAT,,5.154,
50,13,37,4.38020586967,0,491.96180225198265,-1,4.38020586967,0.0,1,0.0,7,2051.2679522298404,SAT,,4.402,
51,13,84,1438.07954383,0,486.2675349119782,-1,1438.07954383,0.0,1,0.0,7,3489.3474960598405,SAT,,1438.131,
52,8,83,76.0951230526,0,2000.0,-1,76.0951230526,0.0,1,0.0,7,3565.4426191124403,SAT,,76.157,
53,14,83,2000.0,0,99.92626000975372,-1,999.8655,0.0,-1,1.0E9,7,4565.30811911244,CRASHED,Run Exceeded Captime -- Treating as CRASHED;Killed Manually,1052.49,
54,8,34,5.75420403481,0,2000.0,-1,5.75420403481,0.0,1,0.0,8,4571.06232314725,SAT,,5.842,
55,15,37,5.03870201111,0,7.667221676903964,-1,5.03870201111,0.0,1,0.0,8,4576.10102515836,SAT,,5.085,
56,15,99,4.86894202232,0,13.21119152789116,-1,4.86894202232,0.0,1,0.0,8,4580.96996718068,SAT,,4.918,
57,15,140,9.11814904213,0,6.881567731845379,-1,9.11814904213,0.0,1,0.0,8,4590.088116222811,SAT,,9.175,
58,8,10,11.5208997726,0,2000.0,-1,11.5208997726,0.0,2,0.0,8,4601.609015995411,UNSAT,,11.562,
59,16,37,4.50823497772,0,7.667221676903964,-1,4.50823497772,0.0,1,0.0,8,4606.117250973131,SAT,,4.552,
60,16,6,692.92539382,0,176.79676729102732,-1,692.92539382,0.0,2,0.0,8,5299.042644793131,UNSAT,,692.971,
61,8,126,6.01327586174,0,2000.0,-1,6.01327586174,0.0,1,0.0,9,5305.055920654871,SAT,,6.076,
62,17,6,49.6763410568,0,77.06659174372554,-1,49.6763410568,0.0,2,0.0,9,5354.7322617116715,UNSAT,,49.756,
63,17,126,5.13590502739,0,25.914768398153786,-1,5.13590502739,0.0,1,0.0,9,5359.868166739062,SAT,,5.177,
64,17,99,4.56744909286,0,19.238091901290417,-1,4.56744909286,0.0,1,0.0,9,5364.435615831922,SAT,,4.598,
65,17,25,8.79885196686,0,53.52798354660273,-1,8.79885196686,0.0,2,0.0,9,5373.234467798782,UNSAT,,8.829,
66,17,140,5.47798490524,0,42.08947642554641,-1,5.47798490524,0.0,1,0.0,9,5378.712452704022,SAT,,5.515,
67,17,104,12.6376819611,0,34.968095448213816,-1,12.6376819611,0.0,1,0.0,9,5391.350134665122,SAT,,12.67,
68,17,86,5.28415703773,0,18.539108511406184,-1,5.28415703773,0.0,1,0.0,9,5396.634291702852,SAT,,5.326,
69,17,34,4.97318291664,0,604.3010773960233,-1,4.97318291664,0.0,1,0.0,9,5401.607474619493,SAT,,5.015,
70,17,83,531.560220003,0,597.8359402049065,-1,531.560220003,0.0,1,0.0,9,5933.1676946224925,SAT,,531.61,
71,8,13,5.52316117287,0,2000.0,-1,5.52316117287,0.0,2,0.0,9,5938.690855795362,UNSAT,,5.555,
72,18,6,32.8910419941,0,77.06659174372554,-1,32.8910419941,0.0,2,0.0,9,5971.581897789462,UNSAT,,32.925,
73,18,99,3.82986998558,0,150.8289802711189,-1,3.82986998558,0.0,1,0.0,9,5975.411767775043,SAT,,3.869,
74,18,84,145.418479919,0,145.85014878620507,-1,145.418479919,0.0,1,0.0,9,6120.830247694043,SAT,,145.453,
75,8,8,6.536921978,0,2000.0,-1,6.536921978,0.0,2,0.0,10,6127.367169672042,UNSAT,,6.579,
76,19,8,5.82942390442,0,9.500599455434084,-1,5.82942390442,0.0,2,0.0,10,6133.196593576462,UNSAT,,5.857,
77,19,10,2000.0,0,24.719376758086685,-1,248.07159999999996,0.0,-1,1.0E9,10,6381.268193576462,CRASHED,Run Exceeded Captime -- Treating as CRASHED;Killed Manually,261.128,
78,8,26,6.06686496735,0,2000.0,-1,6.06686496735,0.0,2,0.0,10,6387.335058543812,UNSAT,,6.104,
79,20,126,4.28328490257,0,8.819859184670449,-1,4.28328490257,0.0,1,0.0,10,6391.618343446382,SAT,,4.307,
80,20,104,10.5210840702,0,25.855765201497082,-1,10.5210840702,0.0,1,0.0,10,6402.139427516582,SAT,,10.558,
81,20,86,4.35953617096,0,12.178355910229683,-1,4.35953617096,0.0,1,0.0,10,6406.4989636875425,SAT,,4.4,
82,20,26,10.1966099739,0,139.27825157378913,-1,10.1966099739,0.0,2,0.0,10,6416.695573661443,UNSAT,,10.268,
83,20,34,4.78586292267,0,126.02265811373593,-1,4.78586292267,0.0,1,0.0,10,6421.481436584113,SAT,,4.827,
84,20,84,161.214709044,0,119.8010365370393,-1,161.214709044,0.0,1,0.0,10,6582.696145628113,SAT,,161.238,
85,8,155,130.430603027,0,2000.0,-1,130.430603027,0.0,2,0.0,11,6713.126748655113,UNSAT,,130.469,
86,21,77,5.59806799889,0,9.253013402569294,-1,5.59806799889,0.0,2,0.0,11,6718.724816654003,UNSAT,,5.831,
87,21,147,130.35008502,0,349.78658257831927,-1,130.35008502,0.0,1,0.0,11,6849.074901674003,SAT,,130.383,
88,21,26,6.34665799141,0,180.33147211034895,-1,6.34665799141,0.0,2,0.0,11,6855.421559665413,UNSAT,,6.382,
89,21,6,39.9427258968,0,268.48561976884605,-1,39.9427258968,0.0,2,0.0,11,6895.364285562213,UNSAT,,39.964,
90,21,99,4.12825918198,0,216.5600765388191,-1,4.12825918198,0.0,1,0.0,11,6899.492544744193,SAT,,4.172,
91,21,33,5.4275701046,0,211.1933402608812,-1,5.4275701046,0.0,1,0.0,11,6904.920114848793,SAT,,5.452,
92,21,37,4.32345795631,0,204.13749915395977,-1,4.32345795631,0.0,1,0.0,11,6909.243572805103,SAT,,4.352,
93,21,34,4.78787612915,0,470.82319938426014,-1,4.78787612915,0.0,1,0.0,11,6914.031448934254,SAT,,4.829,
94,21,104,9.86205601692,0,464.5989602323353,-1,9.86205601692,0.0,1,0.0,11,6923.893504951174,SAT,,9.947,
95,21,25,8.10441613197,0,451.7782874297082,-1,8.10441613197,0.0,2,0.0,11,6931.997921083143,UNSAT,,8.136,
96,21,10,10.7445831299,0,441.2425471361458,-1,10.7445831299,0.0,2,0.0,11,6942.7425042130435,UNSAT,,10.785,
97,21,83,164.515825987,0,427.27458820526596,-1,164.515825987,0.0,1,0.0,11,7107.258330200044,SAT,,164.553,
98,21,86,4.55609202385,0,213.40401450951697,-1,4.55609202385,0.0,1,0.0,11,7111.814422223894,SAT,,4.578,
99,21,78,4.24428009987,0,207.48109555651547,-1,4.24428009987,0.0,2,0.0,11,7116.058702323764,UNSAT,,4.281,
100,21,84,198.827440023,0,201.96353149448635,-1,198.827440023,0.0,1,0.0,11,7314.886142346764,SAT,,198.849,
101,8,156,1775.22002292,0,2000.0,-1,1775.22002292,0.0,2,0.0,11,9090.106165266765,UNSAT,,1775.249,
102,22,126,5.11396217346,0,8.819859184670449,-1,5.11396217346,0.0,1,0.0,11,9095.220127440225,SAT,,5.201,
103,22,99,3.56305789948,0,2000.0,-1,3.56305789948,0.0,1,0.0,11,9098.783185339706,SAT,,3.606,
104,22,156,1908.76803589,0,2000.0,-1,1908.76803589,0.0,2,0.0,11,11007.551221229705,UNSAT,,1908.813,
105,8,87,4.47002792358,0,2000.0,-1,4.47002792358,0.0,1,0.0,12,11012.021249153286,SAT,,4.524,
106,23,59,12.0042550564,0,15.393617272722722,-1,12.0042550564,0.0,1,0.0,12,11024.025504209685,SAT,,12.058,
107,8,64,4.20294594765,0,2000.0,-1,4.20294594765,0.0,1,0.0,12,11028.228450157336,SAT,,4.244,
108,24,78,4.17568206787,0,7.268265437680483,-1,4.17568206787,0.0,2,0.0,12,11032.404132225205,UNSAT,,4.223,
109,24,104,2000.0,0,32.59348495711684,-1,326.48364999999995,0.0,-1,1.0E9,12,11358.887782225205,CRASHED,Run Exceeded Captime -- Treating as CRASHED;Killed Manually,343.667,
110,8,57,4.63292789459,0,2000.0,-1,4.63292789459,0.0,1,0.0,13,11363.520710119796,SAT,,4.677,
111,25,126,4.72093892097,0,8.819859184670449,-1,4.72093892097,0.0,1,0.0,13,11368.241649040765,SAT,,4.757,
112,25,34,5.43415689468,0,15.773264959800244,-1,5.43415689468,0.0,1,0.0,13,11373.675805935445,SAT,,5.478,
113,25,99,4.06014895439,0,8.708861645656825,-1,4.06014895439,0.0,1,0.0,13,11377.735954889835,SAT,,4.095,
114,25,84,626.679278851,0,2000.0,-1,626.679278851,0.0,1,0.0,13,12004.415233740834,SAT,,626.711,
115,25,156,1937.47532701,0,1627.6514705162228,-1,1937.47532701,0.0,2,0.0,13,13941.890560750835,UNSAT,,1937.522,
116,8,131,4.67477703094,0,2000.0,-1,4.67477703094,0.0,1,0.0,13,13946.565337781774,SAT,,4.702,
117,26,131,16.8423378468,0,7.079810917723179,-1,16.8423378468,0.0,1,0.0,13,13963.407675628574,SAT,,16.928,
118,8,30,66.140021801,0,2000.0,-1,66.140021801,0.0,2,0.0,14,14029.547697429574,UNSAT,,66.177,
119,27,87,8.67718410492,0,6.8136366907238965,-1,8.67718410492,0.0,1,0.0,14,14038.224881534494,SAT,,8.725,
120,8,111,5.42939305305,0,2000.0,-1,5.42939305305,0.0,1,0.0,14,14043.654274587543,SAT,,5.467,
121,28,37,4.25622105598,0,7.667221676903964,-1,4.25622105598,0.0,1,0.0,14,14047.910495643524,SAT,,4.301,
122,28,6,1801.789711,0,177.12438552488686,-1,1801.789711,0.0,2,0.0,14,15849.700206643523,UNSAT,,1801.817,
123,8,63,4.33910489082,0,2000.0,-1,4.33910489082,0.0,1,0.0,15,15854.039311534343,SAT,,4.381,
124,29,104,2000.0,0,16.776437953460217,-1,168.74659999999997,0.0,-1,1.0E9,15,16022.785911534344,CRASHED,Run Exceeded Captime -- Treating as CRASHED;Killed Manually,177.628,
125,8,36,6.11429715157,0,2000.0,-1,6.11429715157,0.0,1,0.0,15,16028.900208685913,SAT,,6.157,
126,30,78,4.53669190407,0,7.268265437680483,-1,4.53669190407,0.0,2,0.0,15,16033.436900589983,UNSAT,,4.581,
127,30,156,1919.36824989,0,2000.0,-1,1919.36824989,0.0,2,0.0,15,17952.805150479984,UNSAT,,1919.414,
128,8,23,7.34166812897,0,2000.0,-1,7.34166812897,0.0,2,0.0,16,17960.146818608955,UNSAT,,7.387,
129,31,23,4.92359399796,0,10.546768725264073,-1,4.92359399796,0.0,2,0.0,16,17965.070412606914,UNSAT,,4.989,
130,31,104,25.7801008224,0,359.84406814758773,-1,25.7801008224,0.0,1,0.0,16,17990.850513429315,SAT,,25.815,
131,31,147,3.96985912323,0,326.3299376595497,-1,3.96985912323,0.0,1,0.0,16,17994.820372552545,SAT,,4.003,
132,31,8,307.852612019,0,420.2838595848262,-1,307.852612019,0.0,2,0.0,16,18302.672984571545,UNSAT,,307.893,
133,31,6,8.17885398865,0,20.075464144694806,-1,8.17885398865,0.0,2,0.0,16,18310.851838560196,UNSAT,,8.198,
134,31,140,8.29764509201,0,9.442953475165368,-1,8.29764509201,0.0,1,0.0,16,18319.149483652207,SAT,,8.396,
135,8,21,12.9782488346,0,2000.0,-1,12.9782488346,0.0,2,0.0,16,18332.127732486806,UNSAT,,13.014,
136,32,59,2000.0,0,15.393617272722722,-1,154.51655,0.0,-1,1.0E9,16,18486.644282486806,CRASHED,Run Exceeded Captime -- Treating as CRASHED;Killed Manually,162.649,
