Run Number,Run History Configuration ID,Instance ID,Response Value (y),Censored?,Cutoff Time Used,Seed,Runtime,Run Length,Run Result Code,Run Quality,SMAC Iteration,SMAC Cumulative Runtime,Run Result,Additional Algorithm Run Data,Wall Clock Time,
1,1,594,117.320783138,0,2000.0,-1,117.320783138,0.0,1,0.0,0,117.320783138,SAT,,119.682,
2,1,1694,1941.82128906,0,2000.0,-1,1941.82128906,0.0,2,0.0,1,2059.142072198,UNSAT,,1948.042,
3,2,594,114.873269081,0,153.51961877976657,-1,114.873269081,0.0,1,0.0,1,2174.015341279,SAT,,116.395,
4,2,1694,1918.46290016,0,2000.0,-1,1918.46290016,0.0,2,0.0,1,4092.478241439,UNSAT,,1918.996,
5,2,2268,18217.1263499,0,2000.0,-1,18217.1263499,0.0,1,0.0,1,22309.604591339,SAT,,18218.179,
6,3,1694,1915.45693707,0,2000.0,-1,1915.45693707,0.0,2,0.0,1,24225.061528409,UNSAT,,1916.29,
7,3,594,1884.73682785,0,2000.0,-1,1884.73682785,0.0,1,0.0,1,26109.798356259,SAT,,1885.0,
8,3,2268,17989.5098732,0,2000.0,-1,17989.5098732,0.0,1,0.0,1,44099.308229459,SAT,,17991.267,
9,3,1200,1826.01545906,0,2000.0,-1,1826.01545906,0.0,1,0.0,2,45925.323688519,SAT,,1826.955,
10,4,594,534.148865938,0,2000.0,-1,534.148865938,0.0,1,0.0,2,46459.472554456996,SAT,,534.842,
11,4,1200,59.0565018654,0,2000.0,-1,59.0565018654,0.0,1,0.0,2,46518.5290563224,SAT,,60.281,
12,4,1694,1917.41740298,0,2000.0,-1,1917.41740298,0.0,2,0.0,2,48435.946459302395,UNSAT,,1917.908,
13,4,2268,19088.1380799,0,2000.0,-1,19088.1380799,0.0,1,0.0,2,67524.08453920239,SAT,,19094.586,
14,3,2241,16770.1806729,0,2000.0,-1,16770.1806729,0.0,1,0.0,2,84294.26521210239,SAT,,16781.4,
15,5,1694,1920.17804599,0,2000.0,-1,1920.17804599,0.0,2,0.0,2,86214.44325809239,UNSAT,,1921.384,
