Run Number,Run History Configuration ID,Instance ID,Response Value (y),Censored?,Cutoff Time Used,Seed,Runtime,Run Length,Run Result Code,Run Quality,SMAC Iteration,SMAC Cumulative Runtime,Run Result,Additional Algorithm Run Data,Wall Clock Time,
1,1,79,4.51259112358,0,2000.0,-1,4.51259112358,0.0,2,0.0,0,4.51259112358,UNSAT,,4.62,
2,1,147,101.688482046,0,2000.0,-1,101.688482046,0.0,1,0.0,1,106.20107316958,SAT,,101.831,
3,2,79,3.84160900116,0,6.868968986320496,-1,3.84160900116,0.0,2,0.0,1,110.04268217074,UNSAT,,3.878,
4,2,147,8.74142503738,0,134.07120433484317,-1,8.74142503738,0.0,1,0.0,1,118.78410720811999,SAT,,8.77,
5,2,46,1801.4776392,0,2000.0,-1,1801.4776392,0.0,1,0.0,1,1920.2617464081202,SAT,,1801.52,
6,3,46,14.3300080299,0,2000.0,-1,14.3300080299,0.0,1,0.0,1,1934.5917544380202,SAT,,14.406,
7,3,147,287.483078957,0,2000.0,-1,287.483078957,0.0,1,0.0,1,2222.07483339502,SAT,,287.532,
8,3,79,5.73519396782,0,1966.9270623367013,-1,5.73519396782,0.0,2,0.0,1,2227.81002736284,UNSAT,,5.787,
9,3,36,6.9448120594,0,2000.0,-1,6.9448120594,0.0,1,0.0,2,2234.7548394222404,SAT,,6.99,
10,4,147,1801.77189994,0,374.7306034791946,-1,1801.77189994,0.0,1,0.0,2,4036.5267393622403,SAT,,1801.801,
11,3,106,4.30600190163,0,2000.0,-1,4.30600190163,0.0,1,0.0,2,4040.8327412638705,SAT,,4.363,
12,5,106,4.21446299553,0,6.600403588610888,-1,4.21446299553,0.0,1,0.0,2,4045.0472042594006,SAT,,4.292,
13,5,79,5.04804611206,0,27.208963211971525,-1,5.04804611206,0.0,2,0.0,2,4050.0952503714607,UNSAT,,5.079,
14,5,46,9.09623503685,0,20.646503556865454,-1,9.09623503685,0.0,1,0.0,2,4059.1914854083107,SAT,,9.142,
15,5,147,135.544625998,0,391.58025606383677,-1,135.544625998,0.0,1,0.0,2,4194.736111406311,SAT,,135.571,
16,5,36,5.99472403526,0,215.37224220891596,-1,5.99472403526,0.0,1,0.0,2,4200.730835441571,SAT,,6.03,
17,5,23,7.38555192947,0,2000.0,-1,7.38555192947,0.0,2,0.0,3,4208.116387371041,UNSAT,,7.416,
18,6,46,4.21791195869,0,12.827705860483647,-1,4.21791195869,0.0,1,0.0,3,4212.334299329731,SAT,,4.248,
19,6,79,4.25489997864,0,23.51069747318626,-1,4.25489997864,0.0,2,0.0,3,4216.5891993083715,UNSAT,,4.297,
20,6,23,4.94618296623,0,17.97932757844329,-1,4.94618296623,0.0,2,0.0,3,4221.535382274601,UNSAT,,4.985,
21,6,147,4.15866398811,0,201.03314694796802,-1,4.15866398811,0.0,1,0.0,3,4225.694046262711,SAT,,4.194,
22,6,36,5.35610198975,0,195.62688431550862,-1,5.35610198975,0.0,1,0.0,3,4231.0501482524605,SAT,,5.401,
23,6,106,7.21584200859,0,188.66395138983728,-1,7.21584200859,0.0,1,0.0,3,4238.26599026105,SAT,,7.258,
24,6,77,4.83861088753,0,2000.0,-1,4.83861088753,0.0,2,0.0,3,4243.1046011485805,UNSAT,,4.876,
25,7,36,12.5320620537,0,7.965533238250018,-1,12.5320620537,0.0,1,0.0,3,4255.636663202281,SAT,,12.573,
26,6,53,4.10603690147,0,2000.0,-1,4.10603690147,0.0,1,0.0,4,4259.742700103751,SAT,,4.133,
27,8,23,4.78448796272,0,7.432638749825955,-1,4.78448796272,0.0,2,0.0,4,4264.527188066471,UNSAT,,4.828,
28,8,46,6.10346889496,0,12.230059679943324,-1,6.10346889496,0.0,1,0.0,4,4270.630656961432,SAT,,6.138,
29,8,79,4.25086903572,0,4.295549903410674,-1,4.25086903572,0.0,2,0.0,4,4274.881525997152,UNSAT,,4.279,
30,6,50,3.61592698097,0,2000.0,-1,3.61592698097,0.0,1,0.0,4,4278.497452978121,SAT,,3.654,
31,9,50,3.77552008629,0,5.703305349099636,-1,3.77552008629,0.0,1,0.0,4,4282.272973064411,SAT,,3.823,
32,6,110,13.6001579762,0,2000.0,-1,13.6001579762,0.0,1,0.0,5,4295.873131040611,SAT,,13.64,
33,10,77,6.15214395523,0,7.292794611650706,-1,6.15214395523,0.0,2,0.0,5,4302.025274995841,UNSAT,,6.192,
34,6,142,1444.12351513,0,2000.0,-1,1444.12351513,0.0,1,0.0,5,5746.148790125841,SAT,,1444.169,
35,11,53,4.91802883148,0,6.340448826897145,-1,4.91802883148,0.0,1,0.0,5,5751.066818957321,SAT,,4.999,
36,6,153,13.4037129879,0,2000.0,-1,13.4037129879,0.0,1,0.0,6,5764.4705319452205,SAT,,13.439,
37,12,50,3.74347686768,0,5.703305349099636,-1,3.74347686768,0.0,1,0.0,6,5768.214008812901,SAT,,3.772,
38,6,76,4.94487309456,0,2000.0,-1,4.94487309456,0.0,2,0.0,6,5773.15888190746,UNSAT,,4.98,
39,13,53,4.63483905792,0,6.340448826897145,-1,4.63483905792,0.0,1,0.0,6,5777.79372096538,SAT,,4.682,
40,6,8,34.8464100361,0,2000.0,-1,34.8464100361,0.0,2,0.0,7,5812.64013100148,UNSAT,,34.889,
41,14,106,5.04865288734,0,10.383195698606968,-1,5.04865288734,0.0,1,0.0,7,5817.68878388882,SAT,,5.076,
42,14,110,8.88396501541,0,27.03412202035189,-1,8.88396501541,0.0,1,0.0,7,5826.572748904229,SAT,,8.928,
43,14,79,5.20850205421,0,15.484967258173228,-1,5.20850205421,0.0,2,0.0,7,5831.781250958439,UNSAT,,5.252,
44,14,8,7.65394806862,0,70.63347565789819,-1,7.65394806862,0.0,2,0.0,7,5839.435199027059,UNSAT,,7.694,
45,14,50,3.96556520462,0,60.68334336240888,-1,3.96556520462,0.0,1,0.0,7,5843.400764231679,SAT,,3.996,
46,14,46,8.74086999893,0,55.528108857917786,-1,8.74086999893,0.0,1,0.0,7,5852.141634230609,SAT,,8.767,
47,14,23,7.57371807098,0,44.164977491247654,-1,7.57371807098,0.0,2,0.0,7,5859.7153523015895,UNSAT,,7.642,
48,14,36,7.05581903458,0,1959.5392141382874,-1,7.05581903458,0.0,1,0.0,7,5866.77117133617,SAT,,7.124,
49,14,76,5.54483008385,0,1950.366649393338,-1,5.54483008385,0.0,2,0.0,7,5872.316001420019,UNSAT,,5.612,
50,14,142,4.94547009468,0,1943.158370245594,-1,4.94547009468,0.0,1,0.0,7,5877.261471514699,SAT,,4.977,
51,14,153,77.4513599873,0,1936.7292592193664,-1,77.4513599873,0.0,1,0.0,7,5954.712831501999,SAT,,77.494,
52,14,77,5.8799700737,0,1836.0424906838418,-1,5.8799700737,0.0,2,0.0,7,5960.592801575699,UNSAT,,5.921,
53,14,53,4.6299059391,0,1828.3985293362023,-1,4.6299059391,0.0,1,0.0,7,5965.222707514799,SAT,,4.659,
54,14,147,238.855935097,0,1822.3796523999156,-1,238.855935097,0.0,1,0.0,7,6204.078642611799,SAT,,238.895,
55,14,156,1910.31057692,0,2000.0,-1,1910.31057692,0.0,2,0.0,7,8114.389219531799,UNSAT,,1910.336,
56,15,147,17.5623629093,0,311.515316635716,-1,17.5623629093,0.0,1,0.0,7,8131.951582441099,SAT,,17.677,
57,15,36,7.23122191429,0,307.7052421759546,-1,7.23122191429,0.0,1,0.0,7,8139.182804355389,SAT,,7.261,
58,15,23,4.19545602798,0,298.3046541813493,-1,4.19545602798,0.0,2,0.0,7,8143.378260383369,UNSAT,,4.221,
59,15,77,4.19776511192,0,325.06301672046186,-1,4.19776511192,0.0,2,0.0,7,8147.576025495288,UNSAT,,4.222,
60,15,46,449.376675129,0,319.60592203621866,-1,449.376675129,0.0,1,0.0,7,8596.952700624288,SAT,,449.412,
61,14,80,5.2059738636,0,2000.0,-1,5.2059738636,0.0,2,0.0,8,8602.158674487888,UNSAT,,5.231,
62,16,50,3.59355807304,0,6.1578348170697685,-1,3.59355807304,0.0,1,0.0,8,8605.752232560928,SAT,,3.656,
63,16,156,1688.85957193,0,2000.0,-1,1688.85957193,0.0,2,0.0,8,10294.611804490927,UNSAT,,1688.908,
64,16,106,13.8460099697,0,295.93836496432425,-1,13.8460099697,0.0,1,0.0,8,10308.457814460628,SAT,,13.914,
65,16,153,26.2955548763,0,401.36729598824974,-1,26.2955548763,0.0,1,0.0,8,10334.753369336928,SAT,,26.341,
66,16,80,4.43794703484,0,367.18307471682425,-1,4.43794703484,0.0,2,0.0,8,10339.191316371767,UNSAT,,4.474,
67,16,53,4.13994598389,0,361.41374398802515,-1,4.13994598389,0.0,1,0.0,8,10343.331262355658,SAT,,4.183,
68,16,8,48.0891108513,0,356.03181439300175,-1,48.0891108513,0.0,2,0.0,8,10391.420373206958,UNSAT,,48.13,
69,16,79,3.93014192581,0,664.1763394590199,-1,3.93014192581,0.0,2,0.0,8,10395.350515132768,UNSAT,,3.951,
70,16,142,1801.50946403,0,659.0671558756113,-1,1801.50946403,0.0,1,0.0,8,12196.859979162768,SAT,,1801.535,
71,14,112,11.0360088348,0,2000.0,-1,11.0360088348,0.0,1,0.0,8,12207.895987997568,SAT,,11.059,
72,17,112,2000.0,0,15.349411487925053,-1,154.07195000000002,0.0,-1,1.0E9,8,12361.967937997568,CRASHED,Run Exceeded Captime -- Treating as CRASHED;Killed Manually,162.181,
73,14,108,6.36036682129,0,2000.0,-1,6.36036682129,0.0,1,0.0,9,12368.328304818859,SAT,,6.688,
74,18,23,9.16244697571,0,10.848433979201317,-1,9.16244697571,0.0,2,0.0,9,12377.490751794568,UNSAT,,9.21,
75,14,151,313.247184992,0,2000.0,-1,313.247184992,0.0,1,0.0,9,12690.737936786569,SAT,,313.271,
76,19,77,5.46667599678,0,8.64656166021824,-1,5.46667599678,0.0,2,0.0,9,12696.20461278335,UNSAT,,5.51,
77,19,151,1802.10796499,0,418.71395612915154,-1,1802.10796499,0.0,1,0.0,9,14498.31257777335,SAT,,1802.16,
78,14,82,59.794465065,0,2000.0,-1,59.794465065,0.0,1,0.0,10,14558.10704283835,SAT,,59.857,
79,20,76,6.16962695122,0,8.210879460322857,-1,6.16962695122,0.0,2,0.0,10,14564.27666978957,UNSAT,,6.327,
80,14,43,4.42826890945,0,2000.0,-1,4.42826890945,0.0,1,0.0,10,14568.70493869902,SAT,,4.473,
81,21,46,7.8923728466,0,12.36573167924881,-1,7.8923728466,0.0,1,0.0,10,14576.59731154562,SAT,,7.921,
82,21,151,89.8126189709,0,418.502151675868,-1,89.8126189709,0.0,1,0.0,10,14666.40993051652,SAT,,89.849,
83,21,36,7.10474419594,0,301.7457473914802,-1,7.10474419594,0.0,1,0.0,10,14673.51467471246,SAT,,7.163,
84,21,108,6.63775491714,0,622.2079567502916,-1,6.63775491714,0.0,1,0.0,10,14680.1524296296,SAT,,6.665,
85,21,147,1801.73174,0,613.5788754451752,-1,1801.73174,0.0,1,0.0,10,16481.8841696296,SAT,,1801.777,
86,14,87,6.70248007774,0,2000.0,-1,6.70248007774,0.0,1,0.0,11,16488.58664970734,SAT,,6.744,
87,22,77,6.15606498718,0,8.64656166021824,-1,6.15606498718,0.0,2,0.0,11,16494.74271469452,UNSAT,,6.244,
88,14,20,6.59976816177,0,2000.0,-1,6.59976816177,0.0,2,0.0,11,16501.34248285629,UNSAT,,6.641,
89,23,20,5.95864582062,0,9.582298796969653,-1,5.95864582062,0.0,2,0.0,11,16507.30112867691,UNSAT,,5.989,
90,23,106,6.07249212265,0,86.13471257348658,-1,6.07249212265,0.0,1,0.0,11,16513.37362079956,SAT,,6.102,
91,23,82,63.9749720097,0,78.24047374387384,-1,63.9749720097,0.0,1,0.0,11,16577.34859280926,SAT,,64.004,
92,14,105,11.7694540024,0,2000.0,-1,11.7694540024,0.0,1,0.0,12,16589.118046811658,SAT,,11.806,
93,24,46,10.047013998,0,12.36573167924881,-1,10.047013998,0.0,1,0.0,12,16599.165060809657,SAT,,10.081,
94,14,129,4.95536494255,0,2000.0,-1,4.95536494255,0.0,1,0.0,12,16604.120425752208,SAT,,5.0,
95,25,80,5.75413012505,0,7.770366490232945,-1,5.75413012505,0.0,2,0.0,12,16609.874555877257,UNSAT,,5.792,
96,14,73,4.53176116943,0,2000.0,-1,4.53176116943,0.0,2,0.0,13,16614.406317046687,UNSAT,,4.572,
97,26,36,5.92205905914,0,10.17516505752802,-1,5.92205905914,0.0,1,0.0,13,16620.328376105826,SAT,,5.963,
98,26,73,4.9094080925,0,14.127127349722386,-1,4.9094080925,0.0,2,0.0,13,16625.237784198325,UNSAT,,4.93,
99,26,43,4.56606698036,0,7.744896587330103,-1,4.56606698036,0.0,1,0.0,13,16629.803851178684,SAT,,4.598,
100,26,82,61.8222591877,0,98.47377695922853,-1,61.8222591877,0.0,1,0.0,13,16691.626110366382,SAT,,61.859,
101,26,50,4.43108201027,0,18.104840431708098,-1,4.43108201027,0.0,1,0.0,13,16696.05719237665,SAT,,4.471,
102,26,76,6.48622179031,0,12.344433915215731,-1,6.48622179031,0.0,2,0.0,13,16702.54341416696,UNSAT,,6.51,
103,26,106,4.5796649456,0,3.9123451228916646,-1,4.5796649456,0.0,1,0.0,13,16707.12307911256,SAT,,4.605,
104,14,29,10.9319689274,0,2000.0,-1,10.9319689274,0.0,2,0.0,13,16718.05504803996,UNSAT,,10.976,
105,27,29,15.7003569603,0,15.214159608232976,-1,15.7003569603,0.0,2,0.0,13,16733.75540500026,UNSAT,,15.731,
106,14,28,6.13271403313,0,2000.0,-1,6.13271403313,0.0,2,0.0,14,16739.888119033392,UNSAT,,6.175,
107,28,106,5.21211600304,0,7.56584935669899,-1,5.21211600304,0.0,1,0.0,14,16745.100235036432,SAT,,5.261,
108,14,135,4.42866182327,0,2000.0,-1,4.42866182327,0.0,1,0.0,14,16749.5288968597,SAT,,4.472,
109,29,73,15.5661740303,0,6.893890433359147,-1,15.5661740303,0.0,2,0.0,14,16765.09507089,UNSAT,,15.608,
110,14,67,176.694443226,0,2000.0,-1,176.694443226,0.0,2,0.0,15,16941.789514116,UNSAT,,176.728,
111,24,106,5.02813792229,0,5.869161792445182,-1,5.02813792229,0.0,1,0.0,15,16946.81765203829,SAT,,5.077,
112,14,44,5.50506186485,0,2000.0,-1,5.50506186485,0.0,1,0.0,15,16952.32271390314,SAT,,5.543,
113,30,147,4.43996691704,0,311.515316635716,-1,4.43996691704,0.0,1,0.0,15,16956.762680820182,SAT,,4.481,
114,30,80,4.80089092255,0,320.4862530234933,-1,4.80089092255,0.0,2,0.0,15,16961.563571742732,UNSAT,,4.825,
115,30,28,7.18916797638,0,314.2450952794135,-1,7.18916797638,0.0,2,0.0,15,16968.75273971911,UNSAT,,7.212,
116,30,50,3.96886301041,0,2000.0,-1,3.96886301041,0.0,1,0.0,15,16972.72160272952,SAT,,4.005,
117,30,67,149.352318048,0,2000.0,-1,149.352318048,0.0,2,0.0,15,17122.073920777522,UNSAT,,149.397,
118,30,43,5.73118305206,0,2000.0,-1,5.73118305206,0.0,1,0.0,15,17127.80510382958,SAT,,5.758,
119,30,156,1911.31549001,0,2000.0,-1,1911.31549001,0.0,2,0.0,15,19039.120593839583,UNSAT,,1911.343,
120,30,106,6.87511992455,0,894.2698465551913,-1,6.87511992455,0.0,1,0.0,15,19045.995713764132,SAT,,6.965,
121,30,79,3.7079179287,0,885.3321904208243,-1,3.7079179287,0.0,2,0.0,15,19049.70363169283,UNSAT,,3.727,
122,30,151,15.920511961,0,880.5118965808034,-1,15.920511961,0.0,1,0.0,15,19065.624143653833,SAT,,15.94,
123,30,142,1391.00777388,0,859.8152316998422,-1,1391.00777388,0.0,1,0.0,15,20456.631917533832,SAT,,1391.048,
124,14,152,82.4108741283,0,2000.0,-1,82.4108741283,0.0,1,0.0,16,20539.042791662134,SAT,,82.443,
125,31,129,5.44304990768,0,7.444575231868029,-1,5.44304990768,0.0,1,0.0,16,20544.485841569815,SAT,,5.585,
126,14,58,4.91688895226,0,2000.0,-1,4.91688895226,0.0,1,0.0,16,20549.402730522073,SAT,,4.95,
127,32,110,2000.0,0,12.551755074757338,-1,126.43454999999999,0.0,-1,1.0E9,16,20675.837280522075,CRASHED,Run Exceeded Captime -- Treating as CRASHED;Killed Manually,133.089,
