Run Number,Run History Configuration ID,Instance ID,Response Value (y),Censored?,Cutoff Time Used,Seed,Runtime,Run Length,Run Result Code,Run Quality,SMAC Iteration,SMAC Cumulative Runtime,Run Result,Additional Algorithm Run Data,Wall Clock Time,
1,1,446,900.0,0,900.0,-1,90000.0,0.0,-1,1.0E9,0,90000.0,CRASHED,,7.852,
2,1,531,900.0,0,900.0,-1,90000.0,0.0,-1,1.0E9,1,180000.0,CRASHED,,5.789,
3,2,446,900.0,0,900.0,-1,90000.0,0.0,0,0.0,1,270000.0,TIMEOUT,,1882.186,
4,2,531,900.0,0,900.0,-1,90000.0,0.0,0,0.0,1,360000.0,TIMEOUT,,1882.103,
5,1,491,900.0,0,900.0,-1,90000.0,0.0,-1,1.0E9,1,450000.0,CRASHED,,5.983,
6,3,531,881.764022112,0,900.0,-1,881.764022112,0.0,1,0.0,1,450881.764022112,SAT,,881.888,
7,3,446,881.978389025,0,900.0,-1,881.978389025,0.0,1,0.0,1,451763.74241113703,SAT,,881.999,
8,3,491,881.994619131,0,900.0,-1,881.994619131,0.0,1,0.0,1,452645.737030268,SAT,,882.043,
9,3,23,900.0,0,900.0,-1,90000.0,0.0,0,0.0,2,542645.737030268,TIMEOUT,,1882.949,
10,4,446,900.0,0,900.0,-1,90000.0,0.0,0,0.0,2,632645.737030268,TIMEOUT,,1882.203,
11,3,316,14.3855490685,0,900.0,-1,14.3855490685,0.0,1,0.0,2,632660.1225793364,SAT,,14.415,
12,5,23,900.0,0,900.0,-1,90000.0,0.0,0,0.0,2,722660.1225793364,TIMEOUT,,1882.649,
13,5,316,12.4657759666,0,900.0,-1,12.4657759666,0.0,1,0.0,2,722672.588355303,SAT,,12.508,
14,5,531,882.03867197,0,900.0,-1,882.03867197,0.0,1,0.0,2,723554.6270272731,SAT,,882.07,
15,5,491,881.730604172,0,900.0,-1,881.730604172,0.0,1,0.0,2,724436.357631445,SAT,,881.76,
16,5,446,881.758114815,0,900.0,-1,881.758114815,0.0,1,0.0,2,725318.11574626,SAT,,881.783,
17,5,596,881.794162989,0,900.0,-1,881.794162989,0.0,1,0.0,3,726199.909909249,SAT,,881.913,
18,6,23,111.95161891,0,900.0,-1,111.95161891,0.0,1,0.0,3,726311.861528159,SAT,,111.981,
19,6,596,900.0,0,900.0,-1,90000.0,0.0,0,0.0,3,816311.861528159,TIMEOUT,,1882.009,
20,6,316,5.45600390434,0,900.0,-1,5.45600390434,0.0,1,0.0,3,816317.3175320633,SAT,,5.502,
21,6,531,900.0,0,900.0,-1,90000.0,0.0,0,0.0,3,906317.3175320633,TIMEOUT,,1882.111,
22,5,564,882.216692924,0,900.0,-1,882.216692924,0.0,1,0.0,3,907199.5342249874,SAT,,882.253,
23,7,531,900.0,0,900.0,-1,90000.0,0.0,-1,1.0E9,3,997199.5342249874,CRASHED,,4.599,
24,5,324,10.0666909218,0,900.0,-1,10.0666909218,0.0,1,0.0,4,997209.6009159092,SAT,,10.139,
25,8,446,881.656740904,0,900.0,-1,881.656740904,0.0,1,0.0,4,998091.2576568131,SAT,,881.678,
26,8,316,5.24573016167,0,900.0,-1,5.24573016167,0.0,1,0.0,4,998096.5033869748,SAT,,5.279,
27,8,531,881.894044161,0,900.0,-1,881.894044161,0.0,1,0.0,4,998978.3974311358,SAT,,881.914,
28,8,596,881.810980797,0,900.0,-1,881.810980797,0.0,1,0.0,4,999860.2084119328,SAT,,881.843,
29,8,491,881.942214012,0,900.0,-1,881.942214012,0.0,1,0.0,4,1000742.1506259448,SAT,,881.975,
30,8,23,123.038383007,0,900.0,-1,123.038383007,0.0,1,0.0,4,1000865.1890089519,SAT,,123.067,
31,8,564,4.20115995407,0,900.0,-1,4.20115995407,0.0,1,0.0,4,1000869.390168906,SAT,,4.227,
32,8,324,5.10090112686,0,900.0,-1,5.10090112686,0.0,1,0.0,4,1000874.4910700328,SAT,,5.126,
33,8,35,13.8061079979,0,900.0,-1,13.8061079979,0.0,1,0.0,4,1000888.2971780307,SAT,,13.846,
34,9,596,900.0,0,900.0,-1,90000.0,0.0,0,0.0,4,1090888.2971780307,TIMEOUT,,1882.158,
35,8,200,29.1751921177,0,900.0,-1,29.1751921177,0.0,1,0.0,5,1090917.4723701484,SAT,,29.197,
36,10,531,882.037998915,0,900.0,-1,882.037998915,0.0,1,0.0,5,1091799.5103690634,SAT,,882.068,
37,8,143,14.3205981255,0,900.0,-1,14.3205981255,0.0,1,0.0,5,1091813.8309671888,SAT,,14.338,
38,11,143,900.0,0,19.619378539147974,-1,90000.0,0.0,-1,1.0E9,5,1181813.8309671888,CRASHED,,150.577,
39,8,343,5.22726583481,0,900.0,-1,5.22726583481,0.0,1,0.0,6,1181819.0582330236,SAT,,5.276,
40,12,316,4.54873585701,0,7.822049314501882,-1,4.54873585701,0.0,1,0.0,6,1181823.6069688806,SAT,,4.579,
41,12,35,17.6470270157,0,25.320741784173254,-1,17.6470270157,0.0,1,0.0,6,1181841.2539958963,SAT,,17.697,
42,12,564,4.65587210655,0,2.3796059082925316,-1,4.65587210655,0.0,1,0.0,6,1181845.9098680029,SAT,,4.697,
43,8,85,74.6489200592,0,900.0,-1,74.6489200592,0.0,1,0.0,6,1181920.558788062,SAT,,74.688,
44,13,564,900.0,0,6.464108916345239,-1,90000.0,0.0,-1,1.0E9,6,1271920.558788062,CRASHED,,5.625,
45,8,556,4.07330989838,0,900.0,-1,4.07330989838,0.0,1,0.0,7,1271924.6320979604,SAT,,4.097,
46,12,200,23.6486167908,0,34.256022729325295,-1,23.6486167908,0.0,1,0.0,7,1271948.2807147512,SAT,,23.679,
47,12,446,881.846232891,0,900.0,-1,881.846232891,0.0,1,0.0,7,1272830.1269476423,SAT,,881.88,
48,12,596,882.06969285,0,900.0,-1,882.06969285,0.0,1,0.0,7,1273712.1966404924,SAT,,882.103,
49,12,85,202.120011091,0,900.0,-1,202.120011091,0.0,1,0.0,7,1273914.3166515834,SAT,,202.16,
50,12,143,14.2271058559,0,900.0,-1,14.2271058559,0.0,1,0.0,7,1273928.5437574394,SAT,,14.261,
51,12,491,881.757880926,0,900.0,-1,881.757880926,0.0,1,0.0,7,1274810.3016383653,SAT,,881.778,
52,12,531,881.877150059,0,900.0,-1,881.877150059,0.0,1,0.0,7,1275692.1787884242,SAT,,881.916,
53,8,16,17.5857439041,0,900.0,-1,17.5857439041,0.0,1,0.0,7,1275709.7645323284,SAT,,17.601,
54,14,491,881.956965923,0,900.0,-1,881.956965923,0.0,1,0.0,7,1276591.7214982514,SAT,,881.993,
55,8,164,39.7742900848,0,900.0,-1,39.7742900848,0.0,1,0.0,8,1276631.4957883363,SAT,,39.805,
56,15,556,4.28729891777,0,6.297903906899691,-1,4.28729891777,0.0,1,0.0,8,1276635.783087254,SAT,,4.427,
57,8,353,6.70789909363,0,900.0,-1,6.70789909363,0.0,1,0.0,8,1276642.4909863477,SAT,,6.735,
58,16,531,900.0,0,900.0,-1,90000.0,0.0,-1,1.0E9,8,1366642.4909863477,CRASHED,,5.279,
59,8,516,881.830396891,0,900.0,-1,881.830396891,0.0,1,0.0,9,1367524.3213832388,SAT,,881.939,
60,17,491,900.0,0,900.0,-1,90000.0,0.0,0,0.0,9,1457524.3213832388,TIMEOUT,,1882.216,
61,8,506,882.346765995,0,900.0,-1,882.346765995,0.0,1,0.0,9,1458406.6681492338,SAT,,882.445,
62,18,446,900.0,0,900.0,-1,90000.0,0.0,-1,1.0E9,9,1548406.6681492338,CRASHED,,6.47,
63,8,65,152.508322001,0,900.0,-1,152.508322001,0.0,1,0.0,10,1548559.1764712348,SAT,,152.982,
64,19,200,28.7513780594,0,38.93035079200864,-1,28.7513780594,0.0,1,0.0,10,1548587.9278492942,SAT,,29.095,
65,19,324,5.31396698952,0,14.982776249173284,-1,5.31396698952,0.0,1,0.0,10,1548593.2418162837,SAT,,5.363,
66,19,343,6.06606698036,0,8.074618688198925,-1,6.06606698036,0.0,1,0.0,10,1548599.307883264,SAT,,6.251,
67,8,62,198.821967125,0,900.0,-1,198.821967125,0.0,1,0.0,10,1548798.129850389,SAT,,198.87,
68,20,65,900.0,0,199.26341922802033,-1,90000.0,0.0,-1,1.0E9,10,1638798.129850389,CRASHED,,9.648,
69,8,158,19.2632389069,0,900.0,-1,19.2632389069,0.0,1,0.0,11,1638817.3930892958,SAT,,19.475,
70,21,164,41.8683710098,0,52.709177684384585,-1,41.8683710098,0.0,1,0.0,11,1638859.2614603057,SAT,,42.017,
71,8,206,27.5258760452,0,900.0,-1,27.5258760452,0.0,1,0.0,11,1638886.787336351,SAT,,27.583,
72,22,206,900.0,0,36.78623959270418,-1,90000.0,0.0,-1,1.0E9,11,1728886.787336351,CRASHED,,122.646,
73,8,540,5.00858783722,0,900.0,-1,5.00858783722,0.0,1,0.0,12,1728891.795924188,SAT,,5.258,
74,23,556,4.86956000328,0,6.297903906899691,-1,4.86956000328,0.0,1,0.0,12,1728896.6654841914,SAT,,5.115,
75,8,536,4.96310210228,0,900.0,-1,4.96310210228,0.0,1,0.0,12,1728901.6285862937,SAT,,4.991,
76,24,65,234.750297785,0,199.26341922802033,-1,234.750297785,0.0,1,0.0,12,1729136.3788840787,SAT,,234.785,
77,8,249,12.3183879852,0,900.0,-1,12.3183879852,0.0,1,0.0,13,1729148.697272064,SAT,,12.357,
78,25,536,4.45903396606,0,7.454633282843233,-1,4.45903396606,0.0,1,0.0,13,1729153.15630603,SAT,,4.576,
79,25,531,882.571434021,0,900.0,-1,882.571434021,0.0,1,0.0,13,1730035.727740051,SAT,,882.62,
80,25,65,114.718154192,0,199.04070074518324,-1,114.718154192,0.0,1,0.0,13,1730150.445894243,SAT,,114.799,
81,25,249,10.969119072,0,115.96870614995362,-1,10.969119072,0.0,1,0.0,13,1730161.415013315,SAT,,11.029,
82,25,316,4.96676301956,0,101.70885222812296,-1,4.96676301956,0.0,1,0.0,13,1730166.3817763345,SAT,,5.008,
83,25,200,22.4947879314,0,95.25206040439309,-1,22.4947879314,0.0,1,0.0,13,1730188.876564266,SAT,,22.521,
84,25,556,5.66662311554,0,66.0088353961438,-1,5.66662311554,0.0,1,0.0,13,1730194.5431873815,SAT,,5.704,
85,25,23,95.1444320679,0,900.0,-1,95.1444320679,0.0,1,0.0,13,1730289.6876194493,SAT,,95.231,
86,25,446,882.841720104,0,900.0,-1,882.841720104,0.0,1,0.0,13,1731172.5293395533,SAT,,882.924,
87,25,324,5.53630399704,0,900.0,-1,5.53630399704,0.0,1,0.0,13,1731178.0656435504,SAT,,5.677,
88,25,353,5.79524207115,0,900.0,-1,5.79524207115,0.0,1,0.0,13,1731183.8608856215,SAT,,5.971,
89,25,491,882.214156151,0,900.0,-1,882.214156151,0.0,1,0.0,13,1732066.0750417726,SAT,,882.251,
90,25,206,22.8361339569,0,900.0,-1,22.8361339569,0.0,1,0.0,13,1732088.9111757295,SAT,,22.874,
91,25,516,882.255038977,0,900.0,-1,882.255038977,0.0,1,0.0,13,1732971.1662147064,SAT,,882.284,
92,25,85,66.0227000713,0,196.22942022827567,-1,66.0227000713,0.0,1,0.0,13,1733037.1889147777,SAT,,66.072,
93,25,62,197.05299902,0,900.0,-1,197.05299902,0.0,1,0.0,13,1733234.2419137978,SAT,,197.093,
94,25,506,881.896625042,0,900.0,-1,881.896625042,0.0,1,0.0,13,1734116.1385388398,SAT,,881.954,
95,25,16,13.1258428097,0,900.0,-1,13.1258428097,0.0,1,0.0,13,1734129.2643816494,SAT,,13.157,
96,25,596,881.894019842,0,900.0,-1,881.894019842,0.0,1,0.0,13,1735011.1584014914,SAT,,881.931,
97,25,143,11.5766940117,0,251.07059648108782,-1,11.5766940117,0.0,1,0.0,13,1735022.735095503,SAT,,11.6,
98,25,35,12.2723019123,0,236.02089419809283,-1,12.2723019123,0.0,1,0.0,13,1735035.0073974153,SAT,,12.346,
99,25,343,5.60547995567,0,220.06690115516187,-1,5.60547995567,0.0,1,0.0,13,1735040.612877371,SAT,,5.626,
100,25,164,29.0427570343,0,212.77977729995848,-1,29.0427570343,0.0,1,0.0,13,1735069.6556344053,SAT,,29.071,
101,25,158,17.0784749985,0,175.02419292775096,-1,17.0784749985,0.0,1,0.0,13,1735086.7341094038,SAT,,17.112,
102,25,540,4.40722203255,0,152.82217578810753,-1,4.40722203255,0.0,1,0.0,13,1735091.1413314363,SAT,,4.453,
103,25,564,4.51898908615,0,147.0927868116379,-1,4.51898908615,0.0,1,0.0,13,1735095.6603205225,SAT,,4.555,
104,25,259,14.0321269035,0,900.0,-1,14.0321269035,0.0,1,0.0,13,1735109.692447426,SAT,,14.484,
105,26,249,900.0,0,15.262454960840941,-1,153.68529999999998,0.0,-1,1.0E9,13,1735263.377747426,CRASHED,Run Exceeded Captime -- Treating as CRASHED;Killed Manually,161.774,
106,25,544,4.5500099659,0,900.0,-1,4.5500099659,0.0,1,0.0,14,1735267.927757392,SAT,,4.604,
107,27,200,15.5070929527,0,30.24582495761216,-1,15.5070929527,0.0,1,0.0,14,1735283.4348503447,SAT,,15.55,
108,27,316,4.62032485008,0,900.0,-1,4.62032485008,0.0,1,0.0,14,1735288.0551751947,SAT,,4.646,
109,27,516,900.0,0,900.0,-1,90000.0,0.0,0,0.0,14,1825288.0551751947,TIMEOUT,,1881.857,
110,25,202,31.6653678417,0,900.0,-1,31.6653678417,0.0,1,0.0,14,1825319.7205430365,SAT,,31.69,
111,28,536,900.0,0,6.7993443909764295,-1,90000.0,0.0,-1,1.0E9,14,1915319.7205430365,CRASHED,,5.372,
112,25,432,882.609368086,0,900.0,-1,882.609368086,0.0,1,0.0,15,1916202.3299111226,SAT,,882.794,
113,29,35,22.8464698792,0,16.956592992293835,-1,22.8464698792,0.0,1,0.0,15,1916225.1763810017,SAT,,23.357,
114,25,21,12.12915802,0,900.0,-1,12.12915802,0.0,1,0.0,15,1916237.3055390217,SAT,,12.151,
115,30,85,900.0,0,86.83211076852979,-1,90000.0,0.0,-1,1.0E9,15,2006237.3055390217,CRASHED,,10.221,
116,25,258,17.4532771111,0,900.0,-1,17.4532771111,0.0,1,0.0,16,2006254.7588161328,SAT,,17.538,
117,29,259,9.42223119736,0,5.499246836054325,-1,9.42223119736,0.0,1,0.0,16,2006264.1810473301,SAT,,9.491,
118,25,245,43.2922511101,0,900.0,-1,43.2922511101,0.0,1,0.0,16,2006307.4732984402,SAT,,43.359,
119,31,556,900.0,0,8.36921031435132,-1,90000.0,0.0,-1,1.0E9,16,2096307.4732984402,CRASHED,,5.338,
