Run Number,Run History Configuration ID,Instance ID,Response Value (y),Censored?,Cutoff Time Used,Seed,Runtime,Run Length,Run Result Code,Run Quality,SMAC Iteration,SMAC Cumulative Runtime,Run Result,Additional Algorithm Run Data,Wall Clock Time,
1,1,47,15.8469519615,0,2000.0,-1,15.8469519615,0.0,1,0.0,0,15.8469519615,SAT,,15.964,
2,1,107,4.4995059967,0,2000.0,-1,4.4995059967,0.0,1,0.0,1,20.3464579582,SAT,,4.617,
3,2,47,3.92501711845,0,21.6036377366364,-1,3.92501711845,0.0,1,0.0,1,24.27147507665,SAT,,3.949,
4,2,107,16.6839268208,0,22.35177391057015,-1,16.6839268208,0.0,1,0.0,1,40.95540189745,SAT,,16.714,
5,1,132,4.90069890022,0,2000.0,-1,4.90069890022,0.0,1,0.0,1,45.85610079767,SAT,,4.936,
6,3,107,8.29875707626,0,6.851958379495144,-1,8.29875707626,0.0,1,0.0,1,54.15485787393,SAT,,8.322,
7,1,69,4.75548815727,0,2000.0,-1,4.75548815727,0.0,2,0.0,2,58.9103460312,UNSAT,,4.784,
8,4,47,3.41021513939,0,21.6036377366364,-1,3.41021513939,0.0,1,0.0,2,62.32056117059,SAT,,3.448,
9,4,107,11.4862787724,0,29.204451468187575,-1,11.4862787724,0.0,1,0.0,2,73.80683994299,SAT,,11.51,
10,4,69,23.7652878761,0,14.27228896726966,-1,23.7652878761,0.0,2,0.0,2,97.57212781909,UNSAT,,23.787,
11,1,144,65.7932338715,0,2000.0,-1,65.7932338715,0.0,1,0.0,2,163.36536169059,SAT,,65.816,
12,5,132,5.19471597672,0,7.373509638357163,-1,5.19471597672,0.0,1,0.0,2,168.56007766731,SAT,,5.232,
13,1,43,4.52327203751,0,2000.0,-1,4.52327203751,0.0,1,0.0,3,173.08334970482,SAT,,4.559,
14,6,69,22.2934038639,0,7.184735488492251,-1,22.2934038639,0.0,2,0.0,3,195.37675356872,UNSAT,,22.333,
15,1,85,7.14868402481,0,2000.0,-1,7.14868402481,0.0,1,0.0,3,202.52543759353,SAT,,7.261,
16,7,47,4.29346084595,0,21.6036377366364,-1,4.29346084595,0.0,1,0.0,3,206.81889843948,SAT,,4.33,
17,7,69,21.3247070312,0,28.087127011615042,-1,21.3247070312,0.0,2,0.0,3,228.14360547068,UNSAT,,21.354,
18,1,82,52.2170689106,0,2000.0,-1,52.2170689106,0.0,1,0.0,4,280.36067438128,SAT,,52.259,
19,8,132,4.82633185387,0,7.373509638357163,-1,4.82633185387,0.0,1,0.0,4,285.18700623514997,SAT,,4.858,
20,8,43,3.97073912621,0,92.5133353922248,-1,3.97073912621,0.0,1,0.0,4,289.15774536135996,SAT,,3.999,
21,8,144,109.525841951,0,87.35137413104178,-1,109.525841951,0.0,1,0.0,4,398.68358731236,SAT,,109.555,
22,1,106,3.54873299599,0,2000.0,-1,3.54873299599,0.0,1,0.0,4,402.23232030835,SAT,,3.57,
23,9,85,6.73074007034,0,10.295889515775443,-1,6.73074007034,0.0,1,0.0,4,408.96306037869,SAT,,6.772,
24,9,132,26.5625011921,0,75.80162611638308,-1,26.5625011921,0.0,1,0.0,4,435.52556157079,SAT,,26.605,
25,9,82,2000.0,0,41.27037393708825,-1,413.45329999999996,0.0,-1,1.0E9,4,848.97886157079,CRASHED,Run Exceeded Captime -- Treating as CRASHED;Killed Manually,435.214,
26,1,54,7.27256798744,0,2000.0,-1,7.27256798744,0.0,1,0.0,5,856.2514295582299,SAT,,7.299,
27,10,106,7.54906082153,0,5.615953158932924,-1,7.54906082153,0.0,1,0.0,5,863.8004903797599,SAT,,7.593,
28,1,23,7.06351804733,0,2000.0,-1,7.06351804733,0.0,2,0.0,5,870.86400842709,UNSAT,,7.093,
29,11,144,347.936522007,0,86.53380441327693,-1,347.936522007,0.0,1,0.0,5,1218.80053043409,SAT,,347.963,
30,1,108,4.74531698227,0,2000.0,-1,4.74531698227,0.0,1,0.0,6,1223.54584741636,SAT,,4.896,
31,12,106,5.02741885185,0,5.615953158932924,-1,5.02741885185,0.0,1,0.0,6,1228.5732662682099,SAT,,5.071,
32,1,29,9.35403895378,0,2000.0,-1,9.35403895378,0.0,2,0.0,6,1237.9273052219899,UNSAT,,9.461,
33,13,47,5.4199450016,0,21.6036377366364,-1,5.4199450016,0.0,1,0.0,6,1243.3472502235898,SAT,,5.453,
34,13,132,21.0103540421,0,106.46242284064294,-1,21.0103540421,0.0,1,0.0,6,1264.3576042656898,SAT,,21.045,
35,13,144,2000.0,0,79.14896243100166,-1,792.16985,0.0,-1,1.0E9,6,2056.52745426569,CRASHED,Run Exceeded Captime -- Treating as CRASHED;Killed Manually,833.863,
36,1,72,4.1487159729,0,2000.0,-1,4.1487159729,0.0,2,0.0,7,2060.6761702385897,UNSAT,,4.238,
37,14,85,6.79408097267,0,10.295889515775443,-1,6.79408097267,0.0,1,0.0,7,2067.47025121126,SAT,,6.862,
38,14,47,5.21748709679,0,89.9494119811535,-1,5.21748709679,0.0,1,0.0,7,2072.68773830805,SAT,,5.25,
39,14,82,2000.0,0,83.1666788909316,-1,832.65315,0.0,-1,1.0E9,7,2905.34088830805,CRASHED,Run Exceeded Captime -- Treating as CRASHED;Killed Manually,876.477,
40,1,22,6.45220303535,0,2000.0,-1,6.45220303535,0.0,2,0.0,7,2911.7930913434,UNSAT,,6.491,
41,15,72,7.08752894402,0,6.395931251692772,-1,7.08752894402,0.0,2,0.0,7,2918.8806202874202,UNSAT,,7.117,
42,1,130,3.94495606422,0,2000.0,-1,3.94495606422,0.0,1,0.0,8,2922.8255763516404,SAT,,4.068,
43,16,22,6.14635801315,0,9.390463948595524,-1,6.14635801315,0.0,2,0.0,8,2928.9719343647903,UNSAT,,6.185,
44,16,107,5.80445694923,0,92.7833609174669,-1,5.80445694923,0.0,1,0.0,8,2934.77639131402,SAT,,5.839,
45,16,144,417.084523916,0,85.2375671159208,-1,417.084523916,0.0,1,0.0,8,3351.86091523002,SAT,,417.117,
46,1,136,3.82719492912,0,2000.0,-1,3.82719492912,0.0,1,0.0,8,3355.6881101591403,SAT,,3.942,
47,17,29,9.52575397491,0,13.162851136523486,-1,9.52575397491,0.0,2,0.0,8,3365.2138641340503,UNSAT,,9.608,
48,1,96,3.91965889931,0,2000.0,-1,3.91965889931,0.0,1,0.0,9,3369.1335230333602,SAT,,4.081,
49,18,108,4.97462582588,0,7.171513222503663,-1,4.97462582588,0.0,1,0.0,9,3374.1081488592404,SAT,,5.014,
50,1,122,3.79133892059,0,2000.0,-1,3.79133892059,0.0,1,0.0,9,3377.8994877798305,SAT,,3.943,
51,19,23,6.53357601166,0,10.18517407436967,-1,6.53357601166,0.0,2,0.0,9,3384.4330637914904,UNSAT,,6.581,
52,19,85,6.69194793701,0,31.58845229853988,-1,6.69194793701,0.0,1,0.0,9,3391.1250117285003,SAT,,6.734,
53,19,47,6.51840496063,0,22.88891923462153,-1,6.51840496063,0.0,1,0.0,9,3397.6434166891304,SAT,,6.559,
54,19,106,5.99326586723,0,42.458265170800686,-1,5.99326586723,0.0,1,0.0,9,3403.6366825563605,SAT,,6.027,
55,19,29,2000.0,0,34.66701981459856,-1,347.39029999999997,0.0,-1,1.0E9,9,3751.0269825563605,CRASHED,Run Exceeded Captime -- Treating as CRASHED;Killed Manually,365.674,
56,1,140,4.31177902222,0,2000.0,-1,4.31177902222,0.0,1,0.0,10,3755.3387615785805,SAT,,4.419,
57,20,47,28.6580228806,0,21.6036377366364,-1,28.6580228806,0.0,1,0.0,10,3783.9967844591806,SAT,,28.701,
58,1,99,3.85811591148,0,2000.0,-1,3.85811591148,0.0,1,0.0,10,3787.8549003706607,SAT,,3.96,
59,21,108,2000.0,0,7.171513222503663,-1,72.2665,0.0,-1,1.0E9,10,3860.121400370661,CRASHED,Run Exceeded Captime -- Treating as CRASHED;Killed Manually,76.07,
60,1,49,5.11708188057,0,2000.0,-1,5.11708188057,0.0,1,0.0,11,3865.238482251231,SAT,,5.175,
61,22,23,5.14502120018,0,10.18517407436967,-1,5.14502120018,0.0,2,0.0,11,3870.383503451411,UNSAT,,5.186,
62,22,47,4.6839568615,0,29.705597263175253,-1,4.6839568615,0.0,1,0.0,11,3875.067460312911,SAT,,4.726,
63,22,140,10.6192378998,0,23.616452597427372,-1,10.6192378998,0.0,1,0.0,11,3885.686698212711,SAT,,10.647,
64,22,85,6.13047003746,0,42.381058808761836,-1,6.13047003746,0.0,1,0.0,11,3891.8171682501707,SAT,,6.15,
65,22,122,6.1260330677,0,34.41144785692096,-1,6.1260330677,0.0,1,0.0,11,3897.9432013178707,SAT,,6.158,
66,22,69,19.6287879944,0,26.447604772049193,-1,19.6287879944,0.0,2,0.0,11,3917.5719893122705,UNSAT,,19.653,
67,1,95,4.28234004974,0,2000.0,-1,4.28234004974,0.0,1,0.0,11,3921.8543293620105,SAT,,4.324,
68,23,85,6.66374111176,0,10.295889515775443,-1,6.66374111176,0.0,1,0.0,11,3928.5180704737704,SAT,,6.71,
69,23,29,45.6171770096,0,18.724617351192236,-1,45.6171770096,0.0,2,0.0,11,3974.13524748337,UNSAT,,45.661,
70,1,51,9.90464997292,0,2000.0,-1,9.90464997292,0.0,1,0.0,12,3984.0398974562904,SAT,,9.927,
71,24,69,4.69527387619,0,7.184735488492251,-1,4.69527387619,0.0,2,0.0,12,3988.7351713324806,UNSAT,,4.734,
72,24,96,4.76556181908,0,74.06122553010583,-1,4.76556181908,0.0,1,0.0,12,3993.500733151561,SAT,,4.803,
73,24,82,179.457736015,0,67.8659952137351,-1,179.457736015,0.0,1,0.0,12,4172.9584691665605,SAT,,179.507,
74,1,142,4.15128993988,0,2000.0,-1,4.15128993988,0.0,1,0.0,12,4177.109759106441,SAT,,4.172,
75,25,22,4.23948788643,0,9.390463948595524,-1,4.23948788643,0.0,2,0.0,12,4181.349246992871,UNSAT,,4.273,
76,25,69,31.1368668079,0,15.19230733473897,-1,31.1368668079,0.0,2,0.0,12,4212.486113800771,UNSAT,,31.182,
77,1,7,9.281468153,0,2000.0,-1,9.281468153,0.0,2,0.0,13,4221.767581953771,UNSAT,,9.396,
78,26,142,2000.0,0,6.399277679967881,-1,64.6608,0.0,-1,1.0E9,13,4286.42838195377,CRASHED,Run Exceeded Captime -- Treating as CRASHED;Killed Manually,68.064,
79,1,15,6.10633587837,0,2000.0,-1,6.10633587837,0.0,2,0.0,13,4292.534717832141,UNSAT,,6.135,
80,27,7,131.805779934,0,13.068509463566542,-1,131.805779934,0.0,2,0.0,13,4424.340497766141,UNSAT,,131.843,
81,1,58,4.32629680634,0,2000.0,-1,4.32629680634,0.0,1,0.0,14,4428.666794572481,SAT,,4.449,
82,28,22,5.30769395828,0,9.390463948595524,-1,5.30769395828,0.0,2,0.0,14,4433.974488530761,UNSAT,,5.353,
83,28,122,4.7666079998,0,13.302057225602866,-1,4.7666079998,0.0,1,0.0,14,4438.741096530561,SAT,,4.808,
84,28,43,4.43054318428,0,7.105466060686112,-1,4.43054318428,0.0,1,0.0,14,4443.171639714841,SAT,,4.471,
85,28,82,186.88536787,0,87.96687357907297,-1,186.88536787,0.0,1,0.0,14,4630.057007584841,SAT,,186.929,
86,1,117,4.07950901985,0,2000.0,-1,4.07950901985,0.0,1,0.0,14,4634.136516604691,SAT,,4.125,
87,29,47,6.28365397453,0,21.6036377366364,-1,6.28365397453,0.0,1,0.0,14,4640.420170579221,SAT,,6.31,
88,29,107,6.41628313065,0,25.939051796096567,-1,6.41628313065,0.0,1,0.0,14,4646.836453709871,SAT,,6.459,
89,29,49,6.03799510002,0,17.597884394574166,-1,6.03799510002,0.0,1,0.0,14,4652.874448809892,SAT,,6.085,
90,29,51,20.5807058811,0,42.66791575436592,-1,20.5807058811,0.0,1,0.0,14,4673.455154690992,SAT,,20.625,
91,29,43,4.73855900764,0,15.912998922514916,-1,4.73855900764,0.0,1,0.0,14,4678.193713698632,SAT,,4.771,
92,29,23,9.33390212059,0,9.752872202891112,-1,9.33390212059,0.0,2,0.0,14,4687.527615819222,UNSAT,,9.368,
93,1,134,7.74068713188,0,2000.0,-1,7.74068713188,0.0,2,0.0,15,4695.268302951102,UNSAT,,7.876,
94,30,51,2000.0,0,13.878645364540816,-1,139.75355,0.0,-1,1.0E9,15,4835.021852951102,CRASHED,Run Exceeded Captime -- Treating as CRASHED;Killed Manually,147.109,
95,1,45,7.78892612457,0,2000.0,-1,7.78892612457,0.0,1,0.0,15,4842.810779075672,SAT,,7.928,
96,31,130,2000.0,0,6.13104401935935,-1,61.8982,0.0,-1,1.0E9,15,4904.708979075672,CRASHED,Run Exceeded Captime -- Treating as CRASHED;Killed Manually,65.156,
97,1,74,11.7810399532,0,2000.0,-1,11.7810399532,0.0,2,0.0,16,4916.490019028872,UNSAT,,11.813,
98,32,82,230.569545984,0,68.88479011912942,-1,230.569545984,0.0,1,0.0,16,5147.059565012872,SAT,,230.632,
99,1,154,1911.24406004,0,2000.0,-1,1911.24406004,0.0,1,0.0,16,7058.303625052871,SAT,,1911.404,
100,33,136,5.35342383385,0,5.977954611527919,-1,5.35342383385,0.0,1,0.0,16,7063.657048886721,SAT,,5.412,
